8
2 5
-0.099000 -0.046300 0.985800
-0.049000 0.915900 0.988900
   
    
3 5
0.072100 0.922600 0.935700
0.943400 0.970800 0.996600
   
    
4 5
0.964000 1.040500 0.961300
1.075300 -0.070900 1.004000
   
    
1 5
1.021600 -0.094500 1.055200
-0.058600 0.099600 1.006100
   
    
0 2
0.068600 -0.071100 0.093800
0.002500 1.039300 -0.070100
   
    
0 3
0.027300 0.904000 0.095400
1.057000 1.028100 0.071400
   
    
0 4
1.017200 0.929200 0.015100
0.930700 -0.026700 0.092000
   
    
0 1
1.020600 0.073100 -0.061400
-0.017500 -0.017500 0.011200
   
    
