8
2 5
-0.029500 0.010200 1.012600
0.049600 1.003700 1.025200
   
    
3 5
0.071400 1.070700 1.081900
0.982400 0.908200 1.050500
   
    
4 5
0.908000 1.043000 1.057900
1.013400 -0.077800 1.086100
   
    
1 5
0.962200 0.021200 1.055100
-0.051400 0.063200 0.958500
   
    
0 2
-0.046400 -0.057700 -0.090100
0.048500 1.079900 0.003700
   
    
0 3
0.031000 0.923400 0.035900
1.015300 1.099100 -0.091500
   
    
0 4
0.960600 0.972900 0.054000
1.081900 0.050900 0.087000
   
    
0 1
0.932400 0.036900 -0.090500
0.087700 0.055300 0.012700
   
    
