8
2 5
-0.058700 -0.072000 0.959300
0.039100 1.051500 0.908300
   
    
3 5
-0.059700 1.084400 1.041800
0.946200 1.022300 0.912500
   
    
4 5
0.941600 0.983700 1.095300
0.938400 0.093500 1.032800
   
    
1 5
0.983600 0.045500 0.934000
0.001600 -0.030500 0.928100
   
    
0 2
0.070400 0.003000 -0.043800
-0.057500 1.013200 -0.042100
   
    
0 3
0.030300 1.041200 0.048700
1.084300 1.091300 -0.029700
   
    
0 4
1.083000 1.001100 0.095100
1.093000 -0.062300 0.021500
   
    
0 1
0.936100 0.033600 0.016600
-0.054900 -0.016600 0.036700
   
    
