0.063424 0.057749 -0.008817
 1.037023 0.044056 -0.017120 
  

0.016942 0.980195 -0.038603
 0.063424 0.057749 -0.008817 
  

1.006428 0.967163 -0.047070
 0.016942 0.980195 -0.038603 
  

1.037023 0.044056 -0.017120
 1.006428 0.967163 -0.047070 
  

0.063424 0.057749 -0.008817
 1.037023 0.044056 -0.017120 
  

-0.017948 -0.025796 0.958568
 0.063424 0.057749 -0.008817 
  

1.038449 -0.047873 1.031959
 1.037023 0.044056 -0.017120 
  

-0.017948 -0.025796 0.958568
 1.038449 -0.047873 1.031959 
  

0.016942 0.980195 -0.038603
 0.063424 0.057749 -0.008817 
  

-0.017948 -0.025796 0.958568
 0.063424 0.057749 -0.008817 
  

-0.070736 0.992399 0.942392
 0.016942 0.980195 -0.038603 
  

-0.017948 -0.025796 0.958568
 -0.070736 0.992399 0.942392 
  

1.006428 0.967163 -0.047070
 0.016942 0.980195 -0.038603 
  

-0.070736 0.992399 0.942392
 0.016942 0.980195 -0.038603 
  

1.004381 0.979183 1.016969
 1.006428 0.967163 -0.047070 
  

-0.070736 0.992399 0.942392
 1.004381 0.979183 1.016969 
  

1.037023 0.044056 -0.017120
 1.006428 0.967163 -0.047070 
  

1.038449 -0.047873 1.031959
 1.037023 0.044056 -0.017120 
  

1.004381 0.979183 1.016969
 1.006428 0.967163 -0.047070 
  

1.038449 -0.047873 1.031959
 1.004381 0.979183 1.016969 
  

-0.017948 -0.025796 0.958568
 1.038449 -0.047873 1.031959 
  

-0.017948 -0.025796 0.958568
 -0.070736 0.992399 0.942392 
  

-0.070736 0.992399 0.942392
 1.004381 0.979183 1.016969 
  

1.038449 -0.047873 1.031959
 1.004381 0.979183 1.016969 
  

