
   456 1368 230 

   0   0.577354048397 -0.147549780471 -1.376511151547
   1   2.506522660975  2.840249001438 -3.551167583999
   2   1.147536555550  0.353707274459 -1.899705138643
   3   1.179643076977  0.388300295146 -1.931389603514
   4   2.992269954171  0.552383942941 -3.518295620177
   5   1.128814221255 -0.222007505793 -1.853397229937
   6   1.210309599185 -0.226141562440 -1.924229755516
   7   0.986713065508 -0.814847033037 -1.901535109595
   8   1.004183871198 -0.838976772341 -1.922726912595
   9   1.524190296161 -3.667879528503 -3.534016169079
  10   0.411417603608 -1.064215263706 -1.730061641977
  11   0.409153991260 -1.021576548558 -1.708576662940
  12   0.406843948459 -1.041238238851 -1.716790663068
  13   0.304708141009 -1.191959246241 -1.822800777070
  14  -0.015329895199 -0.575293591511 -1.856306814055
  15  -0.085414156381 -0.621781372080 -1.916223003165
  16  -0.115027672249 -0.023443477026 -1.931184798212
  17  -0.153290795383 -0.021467340509 -1.963438168284
  18  -1.714841597034  1.374745774409 -3.617165805273
  19   0.099961438238  0.531671084386 -1.924895571242
  20   0.050326870070  0.591787008276 -1.982165442674
  21  -0.558395018446  3.507721365632 -3.701040029383
  22   0.679984682069  0.703991270275 -1.697561000830
  23   0.701300573578  0.817164096269 -1.745980441113
  24   0.647031802228  0.872657017708 -1.795894493315
  25   0.591830442385 -4.628869591880 -3.608631866143
  26  -1.641181280012 -3.372661811931 -3.674702990157
  27  -1.665323928870 -3.323393784628 -3.676466615305
  28   3.108687902704 -0.559967840854 -3.632145916174
  29   1.563894059897 -3.797541805528 -3.616936593296
  30   2.994072013227  1.942107845755 -3.676695333211
  31  -2.081543978105 -2.191121062592 -3.683495543214
  32  -2.144588769478  0.275627292040 -3.691800529308
  33  -1.293213312613  2.594920452888 -3.707757912230
  34  -0.565565411852  3.529655854641 -3.715495532089
  35   2.835188996411 -1.648620885018 -3.663286600167
  36   2.798569809751 -1.755610440370 -3.662897889758
  37   3.175210932164  0.602112853133 -3.682198840493
  38  -1.832087014211  1.450368216589 -3.733840058585
  39  -2.226163594688 -0.981431725218 -3.728617280374
  40  -2.227559009296 -0.892704731969 -3.728307966609
  41  -0.339251740301 -5.219255145366 -3.592347597159
  42  -0.600364129388 -4.959668244350 -3.632573391193
  43  -1.268610590012 -4.066736575176 -3.685591060306
  44   0.433707878772  4.425175180189 -3.672634608741
  45   0.653706762915  4.579937639648 -3.661670676700
  46   1.951261270701 -3.364930039009 -3.637295235693
  47   1.407835039974  4.781856291452 -3.631325642825
  48  -0.278948558897  3.828287770624 -3.724041604365
  49   1.035053209911 -4.290451984440 -3.632927893702
  50  -0.247015481359  3.858762254103 -3.723598316019
  51  -2.219573875331 -0.397514076853 -3.736304778564
  52   1.011707820083  4.802880675748 -3.629263723002
  53   0.754685866737  4.645186606616 -3.653721728826
  54  -0.339605341591 -5.219435073279 -3.592592264502
  55  -0.406796262284 -5.158701343615 -3.605113728961
  56  -1.268875687739  2.637488817332 -3.713291013538
  57   2.138674983068  3.818894674431 -3.700083555650
  58   2.962273957796 -1.232797679573 -3.670771795797
  59   1.981317127694  4.050476795464 -3.694287315977
  60  -1.381113361376  2.440538590853 -3.723061202986
  61   3.115948167185  1.340537637908 -3.714257939575
  62   3.174331741225  0.636202889982 -3.685285423495
  63   0.707899766577 -4.545589021960 -3.617691037868
  64  -2.214670445451 -0.319292947083 -3.734423133615
  65  -2.196480767907 -0.109158753699 -3.725036188173
  66   1.559433180609 -3.802201531991 -3.617324817338
  67  -1.783800051457 -3.070880174696 -3.695750955363
  68  -1.965619364929 -2.602356321402 -3.705283587612
  69  -2.019485865584 -2.436525724429 -3.701414818875
  70   2.965491994540  2.052668450405 -3.684454572410
  71   2.917099655465  2.218693699718 -3.692064133770
  72  -1.861159857431  1.371457255794 -3.737720966949
  73   2.603607967871 -2.243799393864 -3.662491514165
  74   2.547998967091  3.153983468697 -3.691935503365
  75   2.444288592772  3.335773889781 -3.698949477541
  76   1.374520890981  4.817361071568 -3.625074191163
  77   3.171777880499  0.043831725558 -3.683774470266
  78   3.176316198276  0.162005535707 -3.686864568323
  79   3.115148499982 -0.520655084547 -3.637620757903
  80   3.140604954809 -0.339824519813 -3.658976691096
  81  -2.227584641037 -0.891049724282 -3.728379869499
  82  -2.227624738148 -0.653860471986 -3.735547424421
  83   1.786970436552  4.315812210642 -3.679444301952
  84   1.838623048487  4.246931278537 -3.683998058991
  85   2.780686431128 -1.807645091952 -3.665189069164
  86  -1.634325392891  1.940098205470 -3.748095628712
  87   0.172232379367 -4.916380111946 -3.612227269610
  88   1.252590816206  4.928797397618 -3.595316250537
  89   1.228991866108  4.918125583814 -3.599480723442
  90   1.262306523903  4.933155363221 -3.602605573823
  91   0.088459637961  4.156945433623 -3.707982005783
  92  -0.016764795843  4.068375920441 -3.715353552558
  93   3.178616442551  0.453121083942 -3.686501112608
  94   3.178581288644  0.307470649406 -3.687685082219
  95  -1.332073925860 -3.959456608545 -3.687335806198
  96  -1.417906607445 -3.808982836506 -3.687926705825
  97  -0.994287295186 -4.470006617705 -3.658174194497
  98  -0.982732754887 -4.485905714468 -3.657973084733
  99  -2.033836266870  0.827284607325 -3.741409443684
 100  -2.060351349587  0.713155570101 -3.734134836355
 101  -1.142411683775  2.825313725221 -3.726472551637
 102  -1.194775191989  2.752132666788 -3.723155950842
 103  -2.157140413022  0.195732233230 -3.700235844764
 104  -2.185622130197 -0.016853085484 -3.718435955145
 105  -2.136082993191  0.328825260951 -3.698388557823
 106  -2.104828550231  0.499110303695 -3.716134878645
 107   2.371194065158  3.459360994113 -3.702206948597
 108   2.267692543249  3.622453030837 -3.702395796919
 109  -2.094775458997 -2.127513828324 -3.690572933591
 110  -2.113674579356 -2.028972643645 -3.700200189194
 111   2.219446981522 -2.986150032525 -3.614564972122
 112   2.151980265736 -3.090166508533 -3.624337712733
 113   3.091742905980 -0.660856164916 -3.642229579025
 114   3.060799367830 -0.821780836686 -3.654959502658
 115  -1.899029750025 -2.791980445411 -3.706258211370
 116  -1.856603236924 -2.899107285173 -3.703488816865
 117   2.981806306378 -1.159293161263 -3.669582585556
 118   3.026382155616 -0.980437044458 -3.664160044455
 119  -1.575168617023 -3.507454100881 -3.680516596651
 120  -1.483914357473 -3.686618966110 -3.686196340448
 121  -2.194203646836 -1.469382049275 -3.732468506469
 122  -2.168891796761 -1.666746405730 -3.723671416035
 123  -2.142714704043 -1.848165579659 -3.713151855496
 124  -2.184813914481 -1.587909552200 -3.862097972296
 125   3.136040476199  1.171141253098 -3.712525332982
 126   0.307156638463  4.332472148384 -3.688393346382
 127   0.407751697909  4.406885460949 -3.676227994883
 128   2.047317676746 -3.237236051748 -3.632858303665
 129   2.137614530753 -3.111210801438 -3.625905759514
 130   2.622092086496  3.002112626185 -3.678752559606
 131   2.609618028494  3.028517795653 -3.681282863003
 132   3.013455934950  1.865822176734 -3.684858012347
 133   3.046843604942  1.720466184212 -3.697342442527
 134   1.148988954437 -4.194625966399 -3.634715939118
 135   1.211564418317 -4.138606167955 -3.633986705909
 136   0.458699850636 -4.723891881599 -3.611709993393
 137   0.326500026742 -4.816704969176 -3.613979097966
 138   0.321283119686 -4.818163697063 -3.664836249860
 139   2.780688715166  2.621999835265 -3.696626055179
 140   2.737424884253  2.731482092374 -3.693261947704
 141   1.668247109841 -3.687785005322 -3.625572869326
 142   1.768845060206 -3.578687400312 -3.632369829583
 143   1.770596514395 -3.575347098571 -3.668579214716
 144   3.173144276573  0.639644032775 -3.730328164590
 145   3.174290393211  0.484830714548 -3.832200730688
 146  -2.225427711464 -1.027536590186 -3.730890725896
 147   3.161312177563 -0.126054184260 -3.675791943870
 148   3.152495166644 -0.230045903791 -3.668740349846
 149   2.553832980102 -2.350000304388 -3.656469959620
 150   2.526928908478 -2.396710662117 -3.805186410295
 151  -1.992835074856  0.974855146790 -3.745242766420
 152  -1.943827747104  1.129829348250 -3.744332511146
 153  -1.946481069873  1.120473879179 -3.805081256320
 154   2.372377926087 -2.713557214174 -3.626943516328
 155   2.445899051957 -2.571202490092 -3.640495614982
 156   2.447307999496 -2.566639948689 -3.671053988922
 157   2.268071567557 -2.902848822262 -3.603649755828
 158   2.265737454502 -2.906982883052 -3.604236604832
 159   2.348409274434 -2.758338525107 -3.622002900639
 160   1.337251452076 -4.022531552524 -3.630727671398
 161   1.415531143484 -3.947973761162 -3.627554780399
 162   2.964659001984  2.054483971438 -3.699212153438
 163  -1.818736202757  1.486502416475 -3.735853028624
 164  -1.757096723534  1.645830573509 -3.742582376671
 165  -1.109502845041 -4.308736955471 -3.672353423489
 166  -1.078290356325 -4.354626331189 -3.669235687561
 167  -2.212132185004 -1.267173967413 -3.867688005543
 168  -2.209337652049 -1.322386850821 -3.735911888060
 169  -2.208089415563 -1.338025463907 -3.752575368140
 170  -2.221491298890 -1.150804746797 -3.735322922274
 171  -2.220639537407 -1.157371062912 -3.781052014661
 172   2.806910075346  2.549138851186 -3.696966626900
 173   2.860006395741  2.394144742634 -3.695709903192
 174  -0.563773170326  3.531702193708 -3.715638251123
 175  -0.524460495420  3.575023748238 -3.717988195833
 176   1.642356167472  4.505306368298 -3.665448427184
 177   1.610425715673  4.544554123622 -3.661395146723
 178   1.655438068748  4.488116702212 -3.831752933007
 179  -0.816661890388  3.242315233024 -3.729257069444
 180  -0.855873733724  3.195628860965 -3.730559478803
 181  -2.068060773169 -2.256506287010 -3.690377371749
 182  -2.064385774414 -2.272364504722 -3.691766855602
 183  -0.832575093834 -4.685804750562 -3.652955206709
 184  -0.768127307516 -4.763571457162 -3.647927816749
 185  -1.677598262207 -3.298355853053 -3.678742617542
 186  -1.732004770710 -3.182926427354 -3.687729538254
 187  -1.774383863821 -3.095188771405 -3.797415347963
 188  -1.579080597281  2.057417928385 -3.745415342170
 189  -1.494001391203  2.231095665796 -3.738894467957
 190  -1.495906089754  2.227166884446 -3.766992605651
 191  -1.626390877349  1.960664666931 -3.870017944618
 192   3.166085240438  0.805302665936 -3.697234223371
 193   3.157076662766  0.930356510296 -3.703552726606
 194   3.154435000141  0.946457958579 -3.765046969808
 195   3.135728964956  1.165641212358 -3.751374049873
 196   3.146118560338  1.027613651216 -3.828536689502
 197   2.855902345561 -1.587868202174 -3.666218838432
 198   2.896868450543 -1.458019114413 -3.669654037815
 199   2.854858642581 -1.586748437103 -3.714348477020
 200  -0.221966983274 -5.156912150375 -3.600528946090
 201  -0.086087190316 -5.074946883172 -3.605043403072
 202   0.882611795353 -4.412791619534 -3.627571994519
 203   0.791868925721 -4.483325958119 -3.623227996628
 204   0.842418685403 -4.437753749783 -3.811284509359
 205   2.937763435082 -1.304081022158 -3.826001557857
 206   2.898638233171 -1.446399230333 -3.735249595682
 207   2.885381625868 -1.481956647648 -3.804500697974
 208   3.078206443208  1.567671124409 -3.707235320059
 209   3.095858949443  1.474500934444 -3.711994338711
 210   2.667005600084  2.901831539949 -3.685736645434
 211   2.642660081165  2.958250498767 -3.682488983193
 212  -1.003954973445  3.009601955454 -3.730943519490
 213  -0.936201276640  3.096931478955 -3.731800806911
 214   2.678195786043 -2.071122724978 -3.667170506606
 215   2.677516620746 -2.071026317271 -3.691963133056
 216   2.741145483002 -1.912151861318 -3.666870526520
 217  -1.704315500007  1.776228604627 -3.746281936750
 218  -1.683893349496  1.825539270923 -3.747322561157
 219  -1.735496113202  1.701662139341 -3.848450887968
 220   0.567305957194 -0.135484880003 -1.368379596737
 221   0.567623640672 -0.140802351935 -1.368379596737
 222   0.561142562833 -0.147660760644 -1.368379596737
 223   0.554104773976 -0.131448936887 -1.368379596737
 224   0.554040433423 -0.128208988953 -1.368379596737
 225   0.559399945852 -0.118301967753 -1.368379596737
 226   0.556549479087 -0.121482908586 -1.368379596737
 227   1.263033784660  4.932428068974 -3.869382568862
 228  -0.579618405655  3.510213670798 -3.892265080867
 229   1.410679159586  4.777773822438 -3.859949073848
 230   1.340499715169  4.852488956755 -3.863937419925
 231   1.598484412527  4.557881031650 -3.860280833225
 232   1.651875353477  4.492288420011 -3.862073916865
 233   1.263793189149  4.931644450220 -3.869680506053
 234   2.115905075807  3.851354068287 -3.863566032179
 235   1.978948684203  4.052810551875 -3.874312623898
 236   2.533755707078  3.178170480877 -3.857479970805
 237   2.439409589734  3.343599338479 -3.852728268438
 238   1.900445477435  4.160811722190 -3.883881078281
 239   2.369437683458  3.461919596403 -3.851197377159
 240   2.301832252770  3.568445798327 -3.853272287964
 241   2.584388150915  3.074541594563 -3.866802353338
 242   1.896405395614  4.166181670777 -3.884459350282
 243   2.917665874979  2.203789144523 -3.873866115450
 244   2.766757387653  2.646611505602 -3.865793888115
 245   2.710567481838  2.788324357625 -3.869099706273
 246   2.976103579702  1.991625337149 -3.888074910212
 247   2.931365010564  2.156445487023 -3.876545284116
 248   2.822993402876  2.490358292517 -3.866414532146
 249   2.857007135560  2.390892061339 -3.868140555685
 250   2.673722094307  2.877127329786 -3.872390373221
 251   2.633992164919  2.968707247622 -3.877076010517
 252   2.631851806325  2.973240951748 -3.877437387356
 253   2.623881732682  2.973393068326 -3.883340390771
 254   3.111746255566  1.349101672058 -3.842946867405
 255   3.009585860957  1.861845854183 -3.881615312976
 256   3.036332326026  1.747693503824 -3.869815344681
 257   3.165453452952  0.744700703708 -3.850558638387
 258   3.156782494255  0.885478705784 -3.845725143826
 259   3.163148153189  0.794711409623 -3.848223636074
 260   3.129181541892  1.202134541275 -3.841308933547
 261   3.145972963485  1.023960782159 -3.842788328088
 262   3.079443611111  1.541863216732 -3.852617445750
 263   3.094157646567  1.465441230351 -3.847262698574
 264   2.987960961048  1.945072359322 -3.891912357988
 265   3.164941251303  0.004211182140 -3.839540275818
 266   3.173510612136  0.223956588832 -3.841441932001
 267   3.114917055841 -0.501978878299 -3.858361634618
 268   3.129160613521 -0.402549729164 -3.851280245817
 269   3.173990445830  0.255840938234 -3.842302838947
 270   3.173727191750  0.480716868834 -3.851169131469
 271   3.156272471910 -0.132974240129 -3.840895873341
 272   3.145602663661 -0.255091552004 -3.844365107654
 273   3.169587305797  0.603279733712 -3.859063254002
 274   3.153849868597  0.607302069522 -3.871275200590
 275   2.828187128726 -1.653915546266 -3.838293440119
 276   3.094601485521 -0.624166469893 -3.856906255304
 277   3.070452957574 -0.751651936411 -3.848059355121
 278   2.998992442603 -1.072092738696 -3.833792567751
 279   3.020475534213 -0.985357599974 -3.836068936289
 280   2.937658993503 -1.303845146883 -3.830621931288
 281   2.884716087811 -1.480602315806 -3.832768714875
 282   2.810766659458 -1.704599632189 -3.840567507833
 283   3.106194190497 -0.553960129536 -3.863041637156
 284   2.528207326880 -2.392689734946 -3.823721769443
 285   2.606306354001 -2.226933045761 -3.820705974175
 286   2.654801653549 -2.114794230052 -3.821789296597
 287   2.776923571170 -1.804049312278 -3.833615001241
 288   2.407579183403 -2.633296215779 -3.833325352155
 289   2.408260284582 -2.631989326571 -3.833254557333
 290   2.297830586029 -2.835674104738 -3.847365888841
 291   2.729367928264 -1.930169706115 -3.827369463864
 292   2.731300119040 -1.925276421682 -3.827549103294
 293   2.807563196859 -1.713964537872 -3.840471008971
 294   1.928817365729 -3.384336894557 -3.830233613474
 295   2.215691041453 -2.981171933935 -3.838544761569
 296   2.184517014694 -3.029598944273 -3.835495351384
 297   2.066163496110 -3.201448876581 -3.829500311296
 298   2.102925976542 -3.149957675746 -3.830484536115
 299   1.847324752263 -3.479516156259 -3.836869206535
 300   1.685467623358 -3.660036024718 -3.854010648836
 301   1.746727311597 -3.594068402476 -3.846427683676
 302   2.241482253228 -2.936531501339 -3.843195043262
 303   1.558933368627 -3.791927003587 -3.871704434529
 304   2.276372452126 -2.873805693452 -3.850572333014
 305   1.087182421619 -4.240380584740 -3.843781308227
 306   0.636951188834 -4.586830419126 -3.872572219075
 307   0.845417933378 -4.433667827777 -3.853999990627
 308   1.539340467519 -3.812422855845 -3.872712706590
 309   1.118660874459 -4.213932157908 -3.843377382979
 310   1.242148858054 -4.103196766274 -3.846838155844
 311   0.600064980652 -4.613043936569 -3.876499664414
 312   1.311680476650 -4.038807657883 -3.850259951671
 313   1.404700568039 -3.949825690433 -3.856891673161
 314   1.540893057951 -3.810785968034 -3.872933049180
 315  -0.350910502124 -5.217618884732 -3.854286616740
 316   0.170759688722 -4.908212431988 -3.855052981364
 317   0.269683538411 -4.844169663495 -3.859538707021
 318   0.348294993188 -4.790474053168 -3.865368792833
 319  -0.240433909364 -5.159293160961 -3.848630708912
 320  -0.134693930538 -5.095599186799 -3.849577143841
 321   0.540849124812 -4.654363908411 -3.883355680920
 322   0.252541407637 -4.173948708297 -4.409418820090
 323  -0.592689560234 -4.973640490667 -3.865535143149
 324  -0.392970690706 -5.179828821218 -3.869170217640
 325  -0.816124115924 -4.711879083167 -3.879580094623
 326  -0.804007546028 -4.726497958409 -3.878571508982
 327  -0.365537374821 -5.204869260128 -3.871581251106
 328  -0.365348836665 -5.203952235378 -3.872232310350
 329  -1.269867224646 -4.067961780860 -3.876144498850
 330  -1.314377116651 -3.992698514243 -3.876079116451
 331  -1.428638438893 -3.792412079226 -3.879058997307
 332  -1.000940734580 -4.466132765581 -3.901694958106
 333  -1.562991318572 -3.533905924987 -3.892791922066
 334  -1.474334926156 -3.707777336044 -3.882267175874
 335  -1.127004016337 -4.285628767639 -3.886985250994
 336  -1.056120719350 -4.390016410802 -3.893969624619
 337  -0.980396020755 -4.493556088512 -3.904978827525
 338  -1.970881025663 -2.588172519547 -3.872311494175
 339  -2.016898409962 -2.446623591848 -3.878794944274
 340  -1.895959102721 -2.801492565046 -3.866803687745
 341  -1.847156062479 -2.924766250165 -3.867834284311
 342  -2.063983969024 -2.274560624608 -3.893448649927
 343  -1.710656244549 -3.232400678194 -3.881660723281
 344  -1.774129159527 -3.097327974030 -3.872881434426
 345  -1.604003655256 -3.450236723561 -3.899099963965
 346  -1.599303878272 -3.449871930722 -3.902803214875
 347  -2.211873728012 -1.269770365929 -3.871750598695
 348  -2.102012684497 -2.100650152705 -3.891191823479
 349  -2.137134650121 -1.915812342901 -3.878112994469
 350  -2.193474311362 -1.504378564583 -3.866897271116
 351  -2.152225925075 -1.819704050634 -3.873910902154
 352  -2.184759942155 -1.589414401288 -3.866814260201
 353  -2.221124854542 -1.098047612890 -3.878758314082
 354  -2.083450780358 -2.190587236667 -3.898762322732
 355  -2.224731527658 -0.980108943762 -3.885822292877
 356  -2.078730772800 -2.210955647050 -3.900899877311
 357  -2.222587568534 -0.465116845543 -3.867139552492
 358  -2.210377482398 -0.271371297000 -3.869319168910
 359  -2.199963227098 -0.151172671358 -3.873035821076
 360  -2.228408875827 -0.790684906313 -3.875715873924
 361  -2.228376281241 -0.648721977950 -3.869889432045
 362  -2.165082206784  0.130997823799 -3.890449387689
 363  -2.176426639573  0.046713597677 -3.884477232786
 364  -2.226023590873 -0.939878777180 -3.883854042396
 365  -2.225101761527 -0.968340044256 -3.885795276414
 366  -1.861704526851  1.365937451032 -3.886361478724
 367  -1.938693794627  1.141366396245 -3.875155804742
 368  -2.028467873380  0.845777904656 -3.869605209414
 369  -2.059263555427  0.712728732044 -3.874754983388
 370  -2.129180894350  0.357060516968 -3.898391596793
 371  -2.102873494858  0.501645686304 -3.887100066591
 372  -1.995503064874  0.964445496185 -3.869386224221
 373  -1.968636835611  1.049356747098 -3.871838018273
 374  -1.816330674488  1.488690823516 -3.895104606037
 375  -2.139775241103  0.289664851677 -3.904982277109
 376  -1.387911452400  2.425454519940 -3.898165477916
 377  -1.488914758031  2.238429385550 -3.886409597826
 378  -1.785142382043  1.573333318830 -3.891320802853
 379  -1.557463222342  2.101346314822 -3.881861873032
 380  -1.626991797188  1.959426123017 -3.878221229811
 381  -1.669343414873  1.861587159826 -3.879852640751
 382  -1.734017972575  1.705482010994 -3.884606588895
 383  -1.807117940524  1.513661084679 -3.895176178618
 384  -1.263213381920  2.644019987104 -3.901125954054
 385  -1.137770529549  2.827186845667 -3.888621523494
 386  -1.213745251295  2.720717652336 -3.893987243919
 387  -0.781773839905  3.279197209244 -3.886649306638
 388  -0.875125133478  3.168237110959 -3.883425454687
 389  -0.984168907445  3.031914997597 -3.882976122779
 390  -0.944817538461  3.082659156243 -3.882372777447
 391  -0.662198053776  3.415776587292 -3.893523097211
 392  -1.303024290497  2.574046452048 -3.910948408618
 393  -0.303266890035  3.801111009309 -3.872954016562
 394  -0.198657137830  3.900940090708 -3.871593708984
 395   0.088282129890  4.154008108140 -3.880496901147
 396  -0.025531650271  4.058442046512 -3.874036174984
 397   0.330661187946  4.347872220524 -3.900131898656
 398   0.382471014715  4.386082488257 -3.906294458402
 399  -0.504098832379  3.593697885569 -3.885157423727
 400  -0.571995234538  3.518623806691 -3.892297589341
 401   0.681859833772  4.596780142781 -3.884794053199
 402   1.014961299192  4.802990053786 -3.870795848801
 403   0.742134652438  4.635720997715 -3.881136173977
 404   1.238622176248  4.921382507231 -3.875270179800
 405   1.241697985918  4.922770387755 -3.875497819267
 406   0.418379958688  4.411252821140 -3.911364757606
 407   1.009359237572  3.326941603975 -4.623840164921
 408   1.668810676865  2.565636064209 -4.622955317487
 409   1.469547654404  3.699703312563 -4.416727454124
 410   1.482109498898  3.674532160111 -4.419147601502
 411   1.471172767023  3.697797331173 -4.416732095376
 412   1.670976037431  2.560861066524 -4.622949009233
 413   2.380632064370  1.838757100163 -4.373846358486
 414   2.410990183241  1.750075144615 -4.368206794653
 415   2.411346958165  1.788034213948 -4.364754922280
 416   1.767179687166 -1.312337833677 -4.617193253094
 417   2.462664923391 -0.436713061232 -4.360587983308
 418   2.450969087656 -0.487354349284 -4.362264412719
 419   2.465141808405 -0.458309815149 -4.357858225039
 420   2.065003322535  0.598671060765 -4.620165974210
 421   2.069260484577  0.599258394491 -4.618244610261
 422   1.752051834587 -1.354916596684 -4.617123750688
 423   1.754513402733 -2.491526636563 -4.348754037458
 424   1.694093963027 -2.567649221590 -4.356558268431
 425   1.745244687940 -2.523349391120 -4.345213279440
 426   0.249083435259 -4.173289441026 -4.411604199267
 427   0.229997319602 -4.182990940217 -4.412884364375
 428   0.836208953958 -3.023880453132 -4.614275211912
 429   0.837787405991 -3.030733979909 -4.611991701360
 430  -0.559976215647 -4.088201272900 -4.401637657647
 431  -0.576626357423 -4.053148127578 -4.405051180551
 432  -0.561352961165 -4.086853735497 -4.401569602963
 433  -0.088894399629 -3.717154263100 -4.612882356719
 434  -0.090819184727 -3.733000878157 -4.608782320807
 435  -1.218331302514 -0.922368718341 -4.616627631221
 436  -1.489381660006 -2.101469767422 -4.384059355600
 437  -1.511358662840 -2.026218661983 -4.381546917008
 438  -1.512430258116 -2.064009860661 -4.377458174607
 439  -0.806490714639 -2.853242001049 -4.613898288432
 440  -0.806572835828 -2.853350076798 -4.613851661853
 441  -1.221477594468 -0.802479080249 -4.616805728057
 442  -0.914905568600  1.013921408627 -4.619640318837
 443  -1.575733911868  0.165426328652 -4.379829689525
 444  -1.569723942329  0.190005687722 -4.380725693593
 445  -1.576574023600  0.174364441235 -4.378761510814
 446  -0.911917508680  1.022060492494 -4.619653641536
 447  -0.847623636736  2.220662016831 -4.368269308134
 448  -0.815014938550  2.250913207730 -4.374246165457
 449  -0.846590357122  2.223993395687 -4.367910435193
 450   1.001940060270  3.328234907910 -4.623839244201
 451   0.675097413885  3.821873976543 -4.415863230700
 452   0.696151093837  3.837370408779 -4.415328336143
 453   0.682402527293  3.830629108711 -4.414682487608
 454   0.095896026775  2.743642017671 -4.622616267022
 455   0.092758815757  2.753828733890 -4.619015008286


   0  221     3    1
   0    7     2    1
   0    5     1    3
   1    3    19    0
   1  130    18    1
   1   23     0    0
   2    4    20    1
   2  220     1    0
   2    3     0    5
   3    2    20    0
   3   30    19    1
   3    1     0    6
   4    6    21    0
   4   37    20    2
   4    2     1    6
   5   35    22    1
   5    0     2    0
   5    6     1    4
   6    5    22    0
   6   28    21    1
   6    4     1    5
   7    9    24    1
   7    0     3    0
   7    8     2    2
   8    7    24    0
   8  157    23    1
   8   36     2    3
   9   10    25    0
   9   29    24    2
   9    7     3    7
  10   12    26    0
  10   25    25    1
  10    9     3    6
  11   13    27    1
  11  222     4    0
  11   12     3    4
  12   11    27    0
  12   41    26    1
  12   10     3    5
  13   26    28    1
  13   97    27    2
  13   11     4    6
  14   15    29    1
  14  223     5    0
  14   27     4    3
  15   39    30    1
  15   31    29    2
  15   14     5    7
  16   18    32    1
  16  224     6    0
  16   17     5    3
  17   16    32    0
  17   32    31    1
  17   40     5    4
  18   20    33    0
  18   38    32    2
  18   16     6    5
  19   21    34    1
  19  226     7    0
  19   20     6    3
  20   19    34    0
  20   33    33    1
  20   18     6    4
  21   24    35    1
  21   34    34    2
  21   19     7    5
  22   23    36    0
  22   24     7    3
  22  225     0    2
  23   88    36    1
  23    1    18    0
  23   22     0    1
  24   22    36    8
  24   44    35    2
  24   21     7    4
  25  136    69    1
  25   10    26    8
  25   63    25    2
  26   27    74    1
  26  119    28    2
  26   13     4    5
  27  185    74    2
  27   14    29    0
  27   26     4    4
  28  113    75    1
  28    6    22   10
  28   79    21    2
  29   66    76    0
  29    9    25   12
  29  141    24    3
  30  132    77    2
  30    3    20   13
  30   70    19    2
  31  109    78    1
  31   15    30    0
  31  181    29    3
  32  105    79    2
  32   17    32   11
  32  103    31    2
  33   56    80    2
  33   20    34   11
  33   60    33    2
  34  174    83    1
  34   21    35    0
  34  179    34    3
  35   36    84    8
  35  197    22    2
  35    5     2    5
  36   85    84    0
  36    8    23    0
  36   35     2    4
  37   93    85    0
  37    4    21   11
  37   62    20    3
  38  163    87    2
  38   18    33   11
  38   72    32    3
  39   40    88    1
  39  146    30    2
  39   15     5    6
  40   81    88    2
  40   17    31    0
  40   39     5    5
  41   54    89    2
  41   12    27   10
  41  200    26    2
  42  184   112    0
  42  323    90    1
  42   55    27    7
  43  329   114    2
  43   95    99    1
  43  165    28    7
  44   45   116    2
  44   24    36    7
  44  127    35    3
  45  401   116    3
  45   53    98    0
  45   44    36    6
  46  142   119    0
  46  294    96    2
  46  128    24    6
  47  177   122    1
  47  229    72    2
  47   76    18   14
  48  393   124    1
  48   50   104    0
  48  175    35    9
  49  202   132    1
  49  305    97    1
  49  134    25    6
  50   92   134    1
  50  394   104    1
  50   48    35    8
  51  357   135    0
  51   64   105    0
  51   82    31    7
  52  402   140    2
  52   89    70    0
  52   53    36    4
  53   52   140    1
  53  403    98    1
  53   45    36    5
  54   55   141    4
  54  315    89    3
  54   41    27    9
  55  324   141    0
  55   42    90    0
  55   54    27    8
  56  102   142    1
  56  384    80    3
  56   33    34   10
  57  108   143    1
  57  234    86    2
  57   59    18    8
  58  198   144    1
  58  205   103    2
  58  117    22    5
  59  235   146    1
  59   57    86    1
  59   84    18    9
  60  376   150    1
  60   33    80    1
  60  189    33    3
  61  254   151    1
  61  125    92    1
  61  209    20    8
  62  144   152    1
  62   37    85    4
  62  192    20    4
  63  306   153    3
  63   25    69    0
  63  203    25    3
  64   65   154    3
  64  358   105    1
  64   51    31    6
  65  359   154    0
  65  104   128    0
  65   64    31    5
  66  161   155    1
  66  308    76    1
  66   29    25   11
  67  187   156    0
  67  116   115    2
  67  186    29   10
  68   69   157    1
  68  338    91    2
  68  115    29    7
  69  339   157    2
  69  182   123    0
  69   68    29    6
  70  162   158    2
  70   30    77    1
  70   71    19    3
  71   70   158    1
  71  243   127    1
  71  173    19    4
  72  366   159    3
  72   38    87    1
  72  152    32    4
  73  285   160    3
  73  149    93    0
  73  214    23    7
  74  236   161    1
  74  131    82    1
  74   75    18    4
  75   74   161    0
  75  237   109    1
  75  107    18    5
  76  230   162    0
  76   47    72    1
  76   90    18   15
  77  265   163    1
  77  147   100    0
  77   78    21    7
  78   77   163    0
  78  266   133    1
  78   94    21    8
  79  267   164    2
  79   28    75    0
  79   80    21    3
  80   79   164    1
  80  268   130    2
  80  148    21    4
  81   82   165    3
  81  360    88    3
  81   40    31    9
  82  361   165    0
  82   51   135    3
  82   81    31    8
  83   84   166    0
  83  178   106    1
  83  176    18   11
  84  238   166    1
  84   59   146    0
  84   83    18   10
  85  216   167    1
  85  287    84    1
  85   36    23   10
  86  191   168    1
  86  188   107    0
  86  218    33    6
  87  316   170    3
  87  201   108    1
  87  137    26    5
  88   90   171    5
  88   89    36    2
  88   23    18   17
  89   88   171    4
  89  404    70    1
  89   52    36    3
  90  227   171    0
  90   76   162    4
  90   88    18   16
  91  395   172    1
  91  126    81    1
  91   92    35    6
  92   91   172    0
  92  396   134    2
  92   50    35    7
  93   94   173    1
  93  145    85    1
  93   37    21   10
  94  269   173    2
  94   78   133    0
  94   93    21    9
  95   96   174    1
  95  330    99    2
  95   43    28    6
  96  331   174    2
  96  120   138    0
  96   95    28    5
  97  166   175    2
  97   13    28    0
  97   98    27    3
  98   97   175    1
  98  332    71    1
  98  183    27    4
  99  368   176    2
  99  151   102    0
  99  100    32    7
 100   99   176    1
 100  369   113    2
 100  106    32    8
 101  385   177    1
 101  212   101    1
 101  102    34    8
 102  101   177    0
 102  386   142    2
 102   56    34    9
 103  362   178    2
 103   32    79    1
 103  104    31    3
 104  103   178    1
 104  363   128    1
 104   65    31    4
 105  106   179    1
 105  370    79    3
 105   32    32   10
 106  371   179    2
 106  100   113    1
 106  105    32    9
 107  239   180    2
 107   75   109    0
 107  108    18    6
 108  107   180    1
 108  240   143    2
 108   57    18    7
 109  110   181    0
 109  348    78    2
 109   31    30   10
 110  349   181    1
 110  123   139    1
 110  109    30    9
 111  112   182    3
 111  295    73    1
 111  158    24   10
 112  296   182    0
 112  129   136    0
 112  111    24    9
 113  114   183    1
 113  276    75    2
 113   28    22    9
 114  277   183    2
 114  118   126    1
 114  113    22    8
 115  340   184    1
 115   68    91    1
 115  116    29    8
 116  115   184    0
 116  341   115    3
 116   67    29    9
 117  278   185    2
 117   58   103    1
 117  118    22    6
 118  117   185    1
 118  279   126    2
 118  114    22    7
 119  333   186    2
 119   26    74    0
 119  120    28    3
 120  119   186    1
 120  334   138    1
 120   96    28    4
 121  168   187    1
 121  124    95    1
 121  122    30    6
 122  124   188    2
 122  121    95    0
 122  123    30    7
 123  122   188    1
 123  351   139    2
 123  110    30    8
 124  352   188    3
 124  121   187    0
 124  122    95    2
 125  193   189    3
 125  195    92    2
 125   61    20    7
 126  127   190    3
 126  397    81    2
 126   91    35    5
 127  398   190    0
 127   44   116    1
 127  126    35    4
 128  297   191    2
 128   46    96    1
 128  129    24    7
 129  128   191    1
 129  298   136    1
 129  112    24    8
 130  211   192    2
 130    1    19   11
 130  131    18    2
 131  130   192    1
 131  241    82    2
 131   74    18    3
 132  133   193    3
 132  255    77    3
 132   30    20   12
 133  256   193    0
 133  208   110    1
 133  132    20   11
 134  309   195    0
 134   49    97    0
 134  135    25    7
 135  134   195    3
 135  310   117    1
 135  160    25    8
 136  137   196    1
 136  311    69    2
 136   25    26    7
 137  138   196    2
 137   87   170    2
 137  136    26    6
 138  318   196    3
 138  137   170    1
 138  317   147    1
 139  244   197    2
 139  172    94    0
 139  140    19    7
 140  139   197    1
 140  245   120    1
 140  210    19    8
 141  300   198    3
 141   29    76    6
 141  142    24    4
 142  141   198    2
 142  143   119    1
 142   46    24    5
 143  142   198    1
 143  301   194    1
 143  299   119    2
 144  145   199    0
 144  257   152    2
 144   62    85    3
 145  270   199    1
 145   93   173    0
 145  144    85    2
 146  364   200    3
 146   39    88    0
 146  170    30    3
 147  148   201    0
 147  271   100    1
 147   77    21    6
 148  272   201    1
 148   80   130    1
 148  147    21    5
 149  155   202    2
 149  150    93    1
 149   73    23    6
 150  149   202    1
 150  156   148    1
 150  284    93    2
 151  152   203    4
 151  372   102    1
 151   99    32    6
 152  153   203    0
 152   72   159    2
 152  151    32    5
 153  373   203    1
 153  152   159    1
 153  367   131    1
 154  288   204    2
 154  159   125    1
 154  155    23    4
 155  154   204    1
 155  156   202    3
 155  149    23    5
 156  155   204    0
 156  150   202    0
 156  289   148    2
 157  158   205    2
 157    8    24   12
 157  159    23    2
 158  302   205    3
 158  111    73    0
 158  157    24   11
 159  157   205    1
 159  290   125    2
 159  154    23    3
 160  312   206    2
 160  135   117    0
 160  161    25    9
 161  160   206    1
 161  313   155    2
 161   66    25   10
 162  246   207    1
 162  247   158    3
 162   70    77    0
 163  164   208    1
 163  378    87    3
 163   38    33   10
 164  219   208    2
 164  217   129    0
 164  163    33    9
 165  335   209    1
 165   43   114    1
 165  166    28    8
 166  165   209    0
 166  336   175    3
 166   97    28    9
 167  169   210    0
 167  171   149    1
 167  347   111    0
 168  170   210    2
 168  169   187    2
 168  121    30    5
 169  168   210    1
 169  350   187    3
 169  167   111    3
 170  171   210    3
 170  146   200    2
 170  168    30    4
 171  167   210    4
 171  170   200    1
 171  353   149    2
 172  173   211    3
 172  248    94    1
 172  139    19    6
 173  249   211    0
 173   71   127    0
 173  172    19    5
 174  175   212    0
 174  228    83    2
 174   34    35   11
 175  399   212    1
 175   48   124    0
 175  174    35   10
 176  178   213    2
 176   83   106    0
 176  177    18   12
 177  176   213    1
 177  231   122    2
 177   47    18   13
 178  232   213    3
 178   83   166    5
 178  176   106    2
 179  387   214    2
 179   34    83    0
 179  180    34    4
 180  179   214    1
 180  388   145    1
 180  213    34    5
 181  354   215    2
 181   31    78    0
 181  182    29    4
 182  181   215    1
 182  342   123    1
 182   69    29    5
 183  325   216    2
 183   98    71    0
 183  184    27    5
 184  183   216    1
 184  326   112    1
 184   42    27    6
 185  186   217    4
 185  343    74    3
 185   27    29   12
 186  187   217    0
 186   67   156    2
 186  185    29   11
 187  344   217    1
 187  186   156    1
 187   67   115    1
 188  189   218    0
 188  191   107    1
 188   86    33    5
 189  190   218    1
 189   60   150    0
 189  188    33    4
 190  379   218    2
 190  189   150    4
 190  377   137    1
 191  188   218    5
 191  380   168    2
 191   86   107    2
 192  259   219    3
 192   62   152    0
 192  193    20    5
 193  192   219    2
 193  194   189    4
 193  125    20    6
 194  193   219    1
 194  196   189    0
 194  258   121    2
 195  196   220    1
 195  125   189    2
 195  260    92    3
 196  261   220    2
 196  195   189    1
 196  194   121    1
 197  199   221    4
 197   35    84    7
 197  198    22    3
 198  197   221    3
 198  206   144    2
 198   58    22    4
 199  207   221    0
 199  275   169    1
 199  197    84    6
 200  319   222    1
 200   41    89    1
 200  201    26    3
 201  200   222    0
 201  320   108    2
 201   87    26    4
 202  203   223    2
 202  204   132    2
 202   49    25    5
 203  204   223    0
 203   63   153    2
 203  202    25    4
 204  202   223    1
 204  203   153    1
 204  307   132    3
 205  206   224    4
 205   58   144    0
 205  280   103    3
 206  207   224    0
 206  198   221    2
 206  205   144    3
 207  281   224    1
 207  206   221    1
 207  199   169    0
 208  209   225    1
 208  262   110    2
 208  133    20   10
 209  263   225    2
 209   61   151    0
 209  208    20    9
 210  250   226    2
 210  140   120    0
 210  211    19    9
 211  210   226    1
 211  251   192    3
 211  130    19   10
 212  213   227    3
 212  389   101    2
 212  101    34    7
 213  390   227    0
 213  180   145    0
 213  212    34    6
 214  215   228    1
 214   73   160    2
 214  216    23    8
 215  291   228    2
 215  214   160    1
 215  286   118    1
 216  214   228    0
 216  292   167    2
 216   85    23    9
 217  218   229    0
 217  219   129    1
 217  164    33    8
 218  381   229    1
 218   86   168    0
 218  217    33    7
 219  217   229    4
 219  382   208    3
 219  164   129    2
 220  225    68    6
 220  221     1    1
 220    2     0    4
 221  220    68    5
 221  222     3    2
 221    0     1    2
 222  221    68    4
 222  223     4    1
 222   11     3    3
 223  222    68    3
 223  224     5    1
 223   14     4    2
 224  223    68    2
 224  226     6    1
 224   16     5    2
 225  226    68    0
 225   22     7    2
 225  220     0    3
 226  224    68    1
 226  225     7    1
 226   19     6    2
 227  405   171    1
 227   90   162    3
 227  233     8    4
 228  174   212    4
 228  391    83    3
 228  400    17    1
 229   47   122    0
 229  230    72    3
 229  231    37    3
 230  233   162    1
 230   76    72    0
 230  229    37    2
 231  177   213    0
 231  229   122    3
 231  232    37    4
 232  231   213    4
 232  178   166    4
 232  242    37    5
 233  227   162    2
 233  230    37    1
 233  409     8    5
 234   57   143    0
 234  235    86    3
 234  240    38    4
 235  238   146    2
 235   59    86    0
 235  234    38    3
 236  237   161    2
 236   74    82    0
 236  241    38    8
 237   75   161    3
 237  239   109    2
 237  236    38    7
 238  242   166    2
 238   84   146    3
 238  235    38    2
 239  240   180    3
 239  107   109    3
 239  237    38    6
 240  108   180    0
 240  234   143    3
 240  239    38    5
 241  131   192    0
 241  236    82    3
 241  252    38    9
 242  232   166    3
 242  238    38    1
 242  411    37    6
 243   71   158    0
 243  249   127    2
 243  247    39    4
 244  245   197    3
 244  139    94    3
 244  248    39    1
 245  140   197    0
 245  250   120    2
 245  244    39    0
 246  247   207    2
 246  162    77    6
 246  264    39    6
 247  162   207    0
 247  243   158    4
 247  246    39    5
 248  172   211    2
 248  244    94    2
 248  249    39    2
 249  248   211    1
 249  173   127    3
 249  243    39    3
 250  251   226    3
 250  210   120    3
 250  245    39   13
 251  211   226    0
 251  252   192    4
 251  250    39   12
 252  241   192    5
 252  251    39   11
 252  253    38   10
 253  252    39   10
 253  410    38   11
 253  413     9    3
 254  263   151    2
 254   61    92    0
 254  260    40   14
 255  132   193    2
 255  264    77    4
 255  256    40   10
 256  255   193    1
 256  133   110    0
 256  262    40   11
 257  144   199    4
 257  259   152    3
 257  273    40    4
 258  194   219    0
 258  261   121    3
 258  259    40    2
 259  258   219    4
 259  192   152    4
 259  257    40    3
 260  195   220    0
 260  254    92    4
 260  261    40    0
 261  260   220    3
 261  196   121    0
 261  258    40    1
 262  208   225    0
 262  256   110    3
 262  263    40   12
 263  262   225    3
 263  209   151    3
 263  254    40   13
 264  246    77    5
 264  255    40    9
 264  415    39    7
 265  266   163    2
 265   77   100    3
 265  271    41    3
 266   78   163    3
 266  269   133    2
 266  265    41    2
 267  268   164    3
 267   79    75    5
 267  283    41    7
 268   80   164    0
 268  272   130    3
 268  267    41    6
 269  270   173    3
 269   94   133    3
 269  266    41    1
 270  273   199    2
 270  145   173    4
 270  269    41    0
 271  147   201    3
 271  265   100    2
 271  272    41    4
 272  271   201    2
 272  148   130    0
 272  268    41    5
 273  257   199    3
 273  270    41   12
 273  274    40    5
 274  273    41   11
 274  414    40    6
 274  417    10    2
 275  281   169    2
 275  199    84    5
 275  282    42    0
 276  113   183    0
 276  283    75    3
 276  277    42    5
 277  276   183    3
 277  114   126    0
 277  279    42    6
 278  279   185    3
 278  117   103    0
 278  280    42    8
 279  118   185    0
 279  277   126    3
 279  278    42    7
 280  205   224    3
 280  278   103    4
 280  281    42    9
 281  280   224    2
 281  207   169    3
 281  275    42   10
 282  275    84    4
 282  418    42    1
 282  293    11    3
 283  267    75    4
 283  276    42    4
 283  419    41    8
 284  150   148    0
 284  285    93    3
 284  289    43    1
 285  286   160    4
 285   73    93    4
 285  284    43    0
 286  215   160    0
 286  291   118    2
 286  285    43   12
 287   85   167    0
 287  293    84    2
 287  292    43    9
 288  289   204    3
 288  154   125    0
 288  290    43    3
 289  156   204    4
 289  284   148    3
 289  288    43    2
 290  159   205    0
 290  288   125    3
 290  304    43    4
 291  292   228    3
 291  215   118    0
 291  286    43   11
 292  216   228    4
 292  287   167    3
 292  291    43   10
 293  282    84    3
 293  287    43    8
 293  423    11    4
 294   46   119    4
 294  297    96    3
 294  299    44    7
 295  111   182    2
 295  302    73    2
 295  296    44    3
 296  295   182    1
 296  112   136    3
 296  298    44    4
 297  298   191    3
 297  128    96    0
 297  294    44    6
 298  129   191    0
 298  296   136    2
 298  297    44    5
 299  143   194    0
 299  294   119    3
 299  301    44    8
 300  301   198    4
 300  141    76    5
 300  303    44   10
 301  143   198    0
 301  299   194    2
 301  300    44    9
 302  304   205    4
 302  158    73    3
 302  295    44    2
 303  300    76    4
 303  424    44   11
 303  314    12    2
 304  290   205    5
 304  302    44    1
 304  425    43    5
 305   49   132    0
 305  309    97    2
 305  307    45    7
 306  307   153    4
 306   63    69    4
 306  311    45    9
 307  204   153    0
 307  305   132    4
 307  306    45    8
 308   66   155    0
 308  314    76    2
 308  313    45    2
 309  310   195    1
 309  134    97    3
 309  305    45    6
 310  135   195    2
 310  312   117    2
 310  309    45    5
 311  136   196    0
 311  306    69    3
 311  321    45   10
 312  313   206    3
 312  160   117    3
 312  310    45    4
 313  161   206    0
 313  308   155    3
 313  312    45    3
 314  303    76    3
 314  308    45    1
 314  322    12    3
 315   54   141    3
 315  319    89    4
 315  327    46    8
 316  317   170    4
 316   87   108    0
 316  320    46    5
 317  138   170    0
 317  318   147    2
 317  316    46    4
 318  321   196    4
 318  138   147    0
 318  317    46    3
 319  320   222    2
 319  200    89    0
 319  315    46    7
 320  201   222    3
 320  316   108    3
 320  319    46    6
 321  311   196    5
 321  318    46    2
 321  322    45   11
 322  321    46    1
 322  314    45    0
 322  426    12    4
 323   42   112    3
 323  324    90    2
 323  326    47    4
 324  327   141    1
 324   55    90    3
 324  323    47    3
 325  326   216    3
 325  183    71    4
 325  337    47    6
 326  184   216    0
 326  323   112    2
 326  325    47    5
 327  315   141    2
 327  324    47    2
 327  328    46    9
 328  327    47    1
 328  427    46   10
 328  430    13    2
 329  335   114    3
 329   43    99    0
 329  330    48    5
 330   95   174    0
 330  329    99    3
 330  331    48    6
 331  330   174    3
 331   96   138    3
 331  334    48    7
 332   98   175    0
 332  337    71    2
 332  336    48    2
 333  334   186    3
 333  119    74    6
 333  345    48    9
 334  120   186    0
 334  331   138    2
 334  333    48    8
 335  336   209    2
 335  165   114    0
 335  329    48    4
 336  166   209    3
 336  332   175    4
 336  335    48    3
 337  325    71    3
 337  332    48    1
 337  432    47    7
 338   68   157    0
 338  340    91    3
 338  339    49    6
 339  338   157    3
 339   69   123    3
 339  342    49    7
 340  341   184    2
 340  115    91    0
 340  338    49    5
 341  116   184    3
 341  344   115    4
 341  340    49    4
 342  182   215    0
 342  339   123    2
 342  356    49    8
 343  185   217    3
 343  345    74    4
 343  344    49    2
 344  343   217    2
 344  187   115    0
 344  341    49    3
 345  333    74    5
 345  343    49    1
 345  346    48   10
 346  345    49    0
 346  431    48   11
 346  436    14    2
 347  167   149    0
 347  350   111    1
 347  353    50   10
 348  109   181    3
 348  354    78    3
 348  349    50    5
 349  348   181    2
 349  110   139    0
 349  351    50    6
 350  352   187    4
 350  169   111    2
 350  347    50    9
 351  123   188    0
 351  349   139    3
 351  352    50    7
 352  351   188    4
 352  124   187    5
 352  350    50    8
 353  171   200    0
 353  347   149    3
 353  355    50   11
 354  356   215    3
 354  181    78    4
 354  348    50    4
 355  353   200    6
 355  437    50    0
 355  365    15    3
 356  342   215    4
 356  354    50    3
 356  438    49    9
 357  361   135    1
 357   51   105    3
 357  358    51    5
 358   64   154    2
 358  357   105    2
 358  359    51    6
 359  358   154    1
 359   65   128    3
 359  363    51    7
 360   81   165    2
 360  364    88    4
 360  361    51    3
 361  360   165    1
 361   82   135    2
 361  357    51    4
 362  363   178    3
 362  103    79    0
 362  375    51    9
 363  104   178    0
 363  359   128    2
 363  362    51    8
 364  365   200    4
 364  146    88    5
 364  360    51    2
 365  355   200    5
 365  364    51    1
 365  443    15    4
 366  367   159    4
 366   72    87    0
 366  374    52    7
 367  153   159    0
 367  373   131    2
 367  366    52    6
 368  369   176    3
 368   99   102    3
 368  372    52    3
 369  100   176    0
 369  371   113    3
 369  368    52    2
 370  105   179    0
 370  375    79    4
 370  371    52    0
 371  370   179    3
 371  106   113    0
 371  369    52    1
 372  151   203    3
 372  368   102    2
 372  373    52    4
 373  372   203    2
 373  153   131    0
 373  367    52    5
 374  366    87    6
 374  444    52    8
 374  383    16    0
 375  362    79    5
 375  370    52   11
 375  445    51   10
 376  377   150    2
 376   60    80    0
 376  392    53    7
 377  190   150    3
 377  379   137    2
 377  376    53    6
 378  163   208    0
 378  383    87    4
 378  382    53    1
 379  380   218    3
 379  190   137    0
 379  377    53    5
 380  191   218    4
 380  381   168    3
 380  379    53    4
 381  382   229    2
 381  218   168    4
 381  380    53    3
 382  219   229    3
 382  378   208    4
 382  381    53    2
 383  374    87    5
 383  378    53    0
 383  447    16    1
 384   56   142    0
 384  392    80    4
 384  386    54    1
 385  386   177    2
 385  101   101    0
 385  389    54    3
 386  102   177    3
 386  384   142    3
 386  385    54    2
 387  388   214    3
 387  179    83    5
 387  391    54    7
 388  180   214    0
 388  390   145    2
 388  387    54    6
 389  212   227    2
 389  385   101    3
 389  390    54    4
 390  389   227    1
 390  213   145    3
 390  388    54    5
 391  387    83    4
 391  448    54    8
 391  228    17    0
 392  376    80    5
 392  384    54    0
 392  449    53    8
 393  399   124    2
 393   48   104    3
 393  394    55    3
 394   50   134    0
 394  393   104    2
 394  396    55    4
 395  396   172    2
 395   91    81    0
 395  397    55    6
 396   92   172    3
 396  394   134    3
 396  395    55    5
 397  126   190    2
 397  395    81    3
 397  398    55    7
 398  397   190    1
 398  127   116    0
 398  406    55    8
 399  400   212    2
 399  175   124    3
 399  393    55    2
 400  228   212    3
 400  399    55    1
 400  451    17    2
 401  406   116    4
 401   45    98    3
 401  403    56    0
 402  403   140    3
 402   52    70    3
 402  404    56    2
 403   53   140    0
 403  401    98    2
 403  402    56    1
 404   89   171    3
 404  402    70    2
 404  405    56    3
 405  404   171    2
 405  452    56    4
 405  227     8    3
 406  398   116    5
 406  401    56    7
 406  453    55    9
 407  408    67    1
 407  409    57    3
 407  450     8    0
 408  412    67    2
 408  407    57    2
 408  410     9    1
 409  411    57    4
 409  233    37    0
 409  407     8    6
 410  408    57    1
 410  411    38   12
 410  253     9    2
 411  410    57    0
 411  242    38    0
 411  409    37    7
 412  420    67    3
 412  413    58    4
 412  408     9    0
 413  415    58    5
 413  253    39    9
 413  412     9    4
 414  421    58    1
 414  415    40    7
 414  274    10    1
 415  414    58    0
 415  264    40    8
 415  413    39    8
 416  422    67    5
 416  420    59    3
 416  418    11    1
 417  419    59    0
 417  274    41   10
 417  421    10    3
 418  416    59    2
 418  419    42    2
 418  282    11    2
 419  418    59    1
 419  283    42    3
 419  417    41    9
 420  416    67    4
 420  421    59    4
 420  412    58    3
 421  417    59    5
 421  420    58    2
 421  414    10    0
 422  428    67    6
 422  423    60    4
 422  416    11    0
 423  425    60    5
 423  293    43    7
 423  422    11    5
 424  429    60    1
 424  425    44   12
 424  303    12    1
 425  424    60    0
 425  304    44    0
 425  423    43    6
 426  427    61    1
 426  322    46    0
 426  429    12    5
 427  434    61    2
 427  426    46   11
 427  328    13    1
 428  433    67    7
 428  429    61    5
 428  422    60    3
 429  426    61    0
 429  428    60    2
 429  424    12    0
 430  432    62    0
 430  328    47    0
 430  434    13    3
 431  440    62    2
 431  432    48   12
 431  346    14    1
 432  431    62    1
 432  337    48    0
 432  430    47    8
 433  439    67    8
 433  434    62    5
 433  428    61    4
 434  430    62    6
 434  433    61    3
 434  427    13    0
 435  441    67   10
 435  439    63    3
 435  437    15    1
 436  438    63    0
 436  346    49   11
 436  440    14    3
 437  435    63    2
 437  438    50    1
 437  355    15    2
 438  437    63    1
 438  356    50    2
 438  436    49   10
 439  435    67    9
 439  440    63    4
 439  433    62    4
 440  436    63    5
 440  439    62    3
 440  431    14    0
 441  442    67   11
 441  443    64    3
 441  435    15    0
 442  446    67   12
 442  441    64    2
 442  444    16    4
 443  445    64    4
 443  365    51    0
 443  441    15    5
 444  442    64    1
 444  445    52    9
 444  374    16    5
 445  444    64    0
 445  375    52   10
 445  443    51   11
 446  454    67   13
 446  447    65    4
 446  442    16    3
 447  449    65    5
 447  383    53   10
 447  446    16    2
 448  455    65    1
 448  449    54    9
 448  391    17    5
 449  448    65    0
 449  392    54   10
 449  447    53    9
 450  407    67    0
 450  454    66    3
 450  452     8    1
 451  453    66    0
 451  400    55    0
 451  455    17    3
 452  450    66    2
 452  453    56    5
 452  405     8    2
 453  452    66    1
 453  406    56    6
 453  451    55   10
 454  450    67   14
 454  455    66    4
 454  446    65    3
 455  451    66    5
 455  454    65    2
 455  448    17    4

   0   7    0.533840755244  0.245624897821  0.809124500687  0.837616877124
       1 23 22 225 220 2 3
   1   7    0.656632470246  0.039229410057  0.753189785117  0.663453014281
       2 220 221 0 5 6 4
   2   6    0.623036956523 -0.210509129520  0.753333164805  0.646198017187
       5 0 7 8 36 35
   3   8    0.414642325838 -0.391829840349  0.821304521987  0.833325000946
       7 0 221 222 11 12 10 9
   4   7   -0.524999934602 -0.227910119468  0.820019540080  1.383044434761
       11 222 223 14 27 26 13
   5   8   -0.644841085352 -0.012805586127  0.764209389896  1.401354779936
       14 223 224 16 17 40 39 15
   6   6   -0.606078029618  0.226086720550  0.762597021241  1.408300288474
       16 224 226 19 20 18
   7   6   -0.434045725305  0.388951879130  0.812601220812  1.400765858739
       19 226 225 22 24 21
   8   7    0.072199885139  0.414828143012 -0.907030753807 -5.646949858773
       407 450 452 405 227 233 409
   9   5    0.528811952411  0.238729046816 -0.814473057377 -5.260251435875
       412 408 410 253 413
  10   4    0.567121834688  0.010532009924 -0.823566573743 -4.983266088199
       421 414 274 417
  11   6    0.538228572495 -0.192567114873 -0.820504667884 -4.992288327421
       422 416 418 282 293 423
  12   6    0.444234291810 -0.371848815515 -0.815097756334 -5.258372823566
       429 424 303 314 322 426
  13   4   -0.065210710363 -0.437025662065 -0.897082010716 -5.771795275119
       434 427 328 430
  14   4   -0.539537814551 -0.243661047486 -0.805933148969 -4.848882812388
       440 431 346 436
  15   6   -0.586876554698 -0.016604066031 -0.809506154725 -4.467513629950
       441 435 437 355 365 443
  16   6   -0.547779211778  0.199773523508 -0.812421365087 -4.456815397619
       374 383 447 446 442 444
  17   6   -0.435513595955  0.391628112225 -0.810527809179 -4.781919138271
       391 228 400 451 455 448
  18  18    0.479947302094  0.305536561068  0.822373392726  0.849587032943
       23 1 130 131 74 75 107 108 57 59 84 83 176 177 47 76 90 88
  19  12    0.581306814828  0.205521830844  0.787301190194  0.755046586288
       1 3 30 70 71 173 172 139 140 210 211 130
  20  14    0.651951536534  0.085035413467  0.753477386832  0.653168998666
       3 2 4 37 62 192 193 125 61 209 208 133 132 30
  21  12    0.668213141396 -0.006208682966  0.743943983053  0.621370328029
       4 6 28 79 80 148 147 77 78 94 93 37
  22  11    0.639760166310 -0.182083977622  0.746694284628  0.621326735099
       6 5 35 197 198 58 117 118 114 113 28
  23  11    0.608730142883 -0.242472030477  0.755417055395  0.637755309733
       36 8 157 159 154 155 149 73 214 216 85
  24  13    0.460082906762 -0.374071321501  0.805229386781  0.772391228454
       8 7 9 29 141 142 46 128 129 112 111 158 157
  25  13    0.365746042277 -0.419363072692  0.830881727938  0.840709663289
       9 10 25 63 203 202 49 134 135 160 161 66 29
  26   9    0.290465961390 -0.434572199171  0.852511893748  0.892916949397
       10 12 41 200 201 87 137 136 25
  27  11   -0.432745423085 -0.303757652838  0.848800734650  1.316988949179
       12 11 13 97 98 183 184 42 55 54 41
  28  10   -0.484655023550 -0.273192015594  0.830948633048  1.336698396295
       97 13 26 119 120 96 95 43 165 166
  29  13   -0.556834277428 -0.199685478525  0.806263788811  1.373258977866
       27 14 15 31 181 182 69 68 115 116 67 186 185
  30  11   -0.640692164516 -0.048012396242  0.766295217351  1.383815128359
       31 15 39 146 170 168 121 122 123 110 109
  31  10   -0.653378913276  0.022755715015  0.756688954010  1.386043505202
       40 17 32 103 104 65 64 51 82 81
  32  12   -0.626439133026  0.193663452911  0.755028793902  1.390582438427
       17 16 18 38 72 152 151 99 100 106 105 32
  33  12   -0.591159590739  0.260936104514  0.763179328624  1.388080307034
       18 20 33 60 189 188 86 218 217 164 163 38
  34  12   -0.470712476519  0.373046202606  0.799541302979  1.387748730213
       20 19 21 34 179 180 213 212 101 102 56 33
  35  12   -0.401534711098  0.408832257395  0.819527950162  1.374821122111
       34 21 24 44 127 126 91 92 50 48 175 174
  36   9   -0.339646821491  0.423314755463  0.839907527326  1.358739006194
       22 23 88 89 52 53 45 44 24
  37   8    0.491248891227  0.420714779335 -0.762675292190 -5.646962420180
       409 233 230 229 231 232 242 411
  38  13    0.563319409666  0.342860729685 -0.751743149442 -5.416817761450
       411 242 238 235 234 240 239 237 236 241 252 253 410
  39  14    0.584103398592  0.213331297279 -0.783143012070 -5.208146928672
       245 244 248 249 243 247 246 264 415 413 253 252 251 250
  40  15    0.622088046614  0.065105092868 -0.780235726651 -5.022017980903
       260 261 258 259 257 273 274 414 415 264 255 256 262 263 254
  41  13    0.607880227682 -0.030571720041 -0.793439978024 -4.970221217429
       270 269 266 265 271 272 268 267 283 419 417 274 273
  42  11    0.586878981180 -0.166159469320 -0.792441854147 -4.976241680611
       275 282 418 419 283 276 277 279 278 280 281
  43  13    0.565232675061 -0.252027510533 -0.785489756125 -5.035543308028
       285 284 289 288 290 304 425 423 293 287 292 291 286
  44  13    0.492753449199 -0.366886653188 -0.789042598352 -5.214316929016
       425 304 302 295 296 298 297 294 299 301 300 303 424
  45  12    0.449078090005 -0.523425910568 -0.724123045637 -5.491125501787
       322 314 308 313 312 310 309 305 307 306 311 321
  46  12    0.348391135520 -0.589205424270 -0.729013432456 -5.761821956497
       426 322 321 318 317 316 320 319 315 327 328 427
  47   9   -0.472014804782 -0.443775060566 -0.761751744131 -5.431513994343
       430 328 327 324 323 326 325 337 432
  48  13   -0.567053765771 -0.334695732167 -0.752614638174 -4.998855527950
       432 337 332 336 335 329 330 331 334 333 345 346 431
  49  12   -0.591675622528 -0.227774307701 -0.773329698420 -4.750214941614
       346 345 343 344 341 340 338 339 342 356 438 436
  50  12   -0.632477054462 -0.065568900291 -0.771798869456 -4.470429561740
       355 437 438 356 354 348 349 351 352 350 347 353
  51  12   -0.639614314993  0.031668887358 -0.768043364420 -4.376999964747
       443 365 364 360 361 357 358 359 363 362 375 445
  52  12   -0.613336983888  0.171802206206 -0.770909687407 -4.372557019731
       370 371 369 368 372 373 367 366 374 444 445 375
  53  11   -0.575100812979  0.261867613174 -0.775038326847 -4.454564640393
       383 378 382 381 380 379 377 376 392 449 447
  54  11   -0.487047477672  0.387007577724 -0.782949480668 -4.692885201833
       392 384 386 385 389 390 388 387 391 448 449
  55  11   -0.436420976700  0.467793419110 -0.768574035558 -4.887138645851
       451 400 399 393 394 396 395 397 398 406 453
  56   8   -0.302594999975  0.542017618524 -0.783998193365 -5.330879968787
       401 403 402 404 405 452 453 406
  57   5    0.250167669089  0.215600991119 -0.943892128355 -5.334207289390
       411 410 408 407 409
  58   6    0.400974729878  0.079225267495 -0.912656903217 -5.092070394752
       415 414 421 420 412 413
  59   6    0.418071380031 -0.066564180390 -0.905972146972 -5.009210427357
       417 419 418 416 420 421
  60   6    0.382661710840 -0.211520359494 -0.899349293977 -5.109442583504
       425 424 429 428 422 423
  61   6    0.199487644572 -0.268089565563 -0.942514012893 -5.326503198161
       429 426 427 434 433 428
  62   7   -0.255134533494 -0.213032943878 -0.943145447236 -5.165175340070
       430 432 431 440 439 433 434
  63   6   -0.402640334410 -0.087168125556 -0.911198375214 -4.777614071854
       436 438 437 435 439 440
  64   5   -0.417459536045  0.069044840437 -0.906068620897 -4.637653228796
       445 444 442 441 443
  65   6   -0.361271294774  0.209924700711 -0.908523346758 -4.741068549352
       449 448 455 454 446 447
  66   6   -0.180594172205  0.277924051502 -0.943474412246 -5.106526007416
       451 453 452 450 454 455
  67  15   -0.000384811964 -0.001495603438 -0.999998807544 -4.618470452385
       450 407 408 412 420 416 422 428 433 439 435 441 442 446 454
  68   7    0.000000000000  0.000000000000  1.000000000000  1.368379596737
       225 226 224 223 222 221 220
  69   5    0.581148320468 -0.813237808666 -0.030181056528 -4.217225353438
       63 25 136 311 306
  70   4   -0.467921662200  0.883750233526 -0.005902777864 -3.792569651522
       52 89 404 402
  71   5   -0.799636006482 -0.600383696367  0.011030606278 -3.438743489090
       183 98 332 337 325
  72   4    0.728964998744  0.684543698374 -0.003155253093 -4.311109810457
       230 76 47 229
  73   4    0.864428821027 -0.502100212987 -0.025655204082 -3.510632906939
       158 111 295 302
  74   7   -0.898022670180 -0.439936766637  0.003305329512 -2.945429823587
       119 26 27 185 343 345 333
  75   6    0.986319400321 -0.164168561375 -0.014923940718 -3.212294233162
       79 28 113 276 283 267
  76   7    0.723259362676 -0.689955117609 -0.029288734809 -3.857169920813
       29 66 308 314 303 300 141
  77   7    0.968302534320  0.248617834447 -0.024070197863 -3.470508949369
       162 70 30 132 255 264 246
  78   5   -0.979190123745 -0.202780526230  0.008170663564 -2.452447384782
       181 31 109 348 354
  79   6   -0.987617227669  0.156423201859 -0.011999730517 -2.205447930016
       362 103 32 105 370 375
  80   6   -0.868596668379  0.495438792591 -0.008957146626 -2.442115962162
       376 60 33 56 384 392
  81   4   -0.625192678095  0.780368024297 -0.012643651048 -3.235525407757
       395 91 126 397
  82   4    0.897951846642  0.439902070544 -0.012986510064 -3.723369593651
       236 74 131 241
  83   6   -0.752642772342  0.658309076145 -0.012570501443 -2.795978846243
       179 34 174 228 391 387
  84   9    0.945713328135 -0.323790043622 -0.028041195398 -3.317805985318
       36 85 287 293 282 275 199 197 35
  85   5    0.999421155404  0.023552664899 -0.024548444078 -3.277946593056
       37 93 145 144 62
  86   4    0.827075230763  0.562079746405 -0.003594626461 -3.928668873557
       235 59 57 234
  87   7   -0.938149754387  0.346101716839 -0.009414878929 -2.255900564301
       366 72 38 163 378 383 374
  88   6   -0.999863597642 -0.015707112544 -0.005106145859 -2.260314262972
       146 39 40 81 360 364
  89   5    0.467767477097 -0.883459028540 -0.026338797652 -4.546925266223
       319 200 41 54 315
  90   4   -0.718008942162 -0.695799071103  0.018077932080 -3.816329955810
       55 42 323 324
  91   4   -0.943510978240 -0.331337472043  0.001585421390 -2.710967178885
       340 115 68 338
  92   5    0.992768026401  0.117501839159 -0.024596006783 -3.342285263694
       254 61 125 195 260
  93   5    0.904421296068 -0.425588357097 -0.029944440595 -3.419364650019
       73 149 150 284 285
  94   4    0.940506835183  0.338603295804 -0.028190442444 -3.607284052992
       139 172 248 244
  95   3   -0.991209991286 -0.125218942109  0.042696249392 -2.199548637222
       122 121 124
  96   4    0.799259252431 -0.600100821425 -0.032613670881 -3.697486454678
       297 128 46 294
  97   4    0.643290173523 -0.765286099988 -0.022692241258 -4.031702101606
       134 49 305 309
  98   4   -0.542434677034  0.840082930210 -0.005029067467 -3.511349004556
       45 53 403 401
  99   4   -0.860707560721 -0.509021032448  0.008948935300 -3.128975060682
       329 43 95 330
 100   4    0.997640394494 -0.062766213458 -0.027821677211 -3.264031368736
       77 147 271 265
 101   4   -0.799582915770  0.600343834733 -0.015951203933 -2.669054264869
       385 101 212 389
 102   4   -0.963512303845  0.267658410123 -0.001736614445 -2.187553335537
       99 151 372 368
 103   5    0.966010848155 -0.256133135302 -0.034912150429 -3.305503650425
       278 117 58 205 280
 104   4   -0.690122316252  0.723434632025 -0.019326712036 -3.033998059904
       48 50 394 393
 105   4   -0.997982119392  0.062787712967 -0.009454759386 -2.225461903165
       51 64 358 357
 106   3    0.794944341064  0.606682341597 -0.000176083520 -4.039516983535
       176 83 178
 107   3   -0.904751333735  0.425743661035  0.012936738170 -2.256154459954
       86 188 191
 108   4    0.522233778325 -0.852208072235 -0.031832096920 -4.394709152347
       316 87 201 320
 109   4    0.860741177235  0.509040913199 -0.001405169499 -3.807142878909
       107 75 237 239
 110   4    0.978848289933  0.202709735850 -0.027654805859 -3.433402185574
       256 133 208 262
 111   4   -0.996829444702 -0.078452178711 -0.013278321852 -2.355887462294
       167 347 350 169
 112   4   -0.760332503999 -0.649385306195  0.013899908650 -3.626719604993
       42 184 326 323
 113   4   -0.979189966991  0.202780493768 -0.008190231506 -2.192672837413
       371 106 100 369
 114   4   -0.835773197141 -0.549000376296  0.009041557793 -3.259587154237
       335 165 43 329
 115   5   -0.920816416983 -0.389915381130  0.007944921216 -2.810573335543
       344 187 67 116 341
 116   6   -0.574971755669  0.818102056906 -0.010793732864 -3.410516573451
       398 127 44 45 401 406
 117   4    0.678595052380 -0.734099991836 -0.024616191253 -3.949767285781
       160 135 310 312
 118   3    0.926269683364 -0.375177847279 -0.035581689009 -3.388471951905
       291 215 286
 119   5    0.760202633379 -0.649274386207 -0.023124178245 -3.752226305465
       46 142 143 299 294
 120   4    0.923739631135  0.382625483318 -0.017402108683 -3.638073054415
       210 140 245 250
 121   4    0.996460179150  0.078423116882 -0.030280787749 -3.331501636624
       261 196 194 258
 122   4    0.760404228612  0.649446564802 -0.002137422640 -4.183845537086
       229 47 177 231
 123   4   -0.964556981679 -0.263872930476  0.000951659502 -2.587319887555
       69 182 342 339
 124   4   -0.718092301697  0.695879852112 -0.009730245068 -2.900574977829
       175 48 393 399
 125   4    0.879538115687 -0.474573016713 -0.034542073795 -3.499659994553
       288 154 159 290
 126   4    0.977228743822 -0.210391843856 -0.027554569253 -3.264707941526
       277 114 118 279
 127   4    0.950818602992  0.308939691657 -0.022366294368 -3.541652959908
       173 71 243 249
 128   4   -0.993018814646  0.117531521903 -0.009998755783 -2.205562861216
       65 104 363 359
 129   3   -0.926820112046  0.375400793848  0.008872648112 -2.213152069560
       164 217 219
 130   4    0.993689880209 -0.109704384105 -0.023353159905 -3.243516268736
       272 148 80 268
 131   3   -0.950969130781  0.308988601100 -0.013555688504 -2.248837563838
       373 153 367
 132   5    0.624947254280 -0.780061685300 -0.030735915402 -4.105332231648
       305 49 202 204 307
 133   4    0.999578074508 -0.015702627188 -0.024435639173 -3.262523009243
       94 78 266 269
 134   4   -0.672984526016  0.739600337124 -0.009119707712 -3.054137588937
       394 50 92 396
 135   4   -0.999483500579  0.031410034395  0.006792776227 -2.180561653608
       51 357 361 82
 136   4    0.826609012055 -0.561762904498 -0.033763594587 -3.637157863816
       112 129 298 296
 137   3   -0.894497963396  0.446955297775 -0.010215442804 -2.372010486254
       379 190 377
 138   4   -0.880033383597 -0.474840248777  0.008245113477 -3.026056132863
       96 120 334 331
 139   4   -0.987222009489 -0.156360605449  0.030725641464 -2.290226432281
       349 110 123 351
 140   4   -0.522487004961  0.852621300549 -0.006651879143 -3.590575602992
       403 53 52 402
 141   5   -0.672819721794 -0.739419219649  0.023934067333 -4.001858435184
       55 324 327 315 54
 142   4   -0.840076005713  0.542430205943 -0.006463459289 -2.520606327153
       384 56 102 386
 143   4    0.835784457550  0.549007773001 -0.007403087359 -3.911466212934
       234 57 108 240
 144   4    0.960028346353 -0.278914017839 -0.023506272606 -3.273997685645
       205 58 198 206
 145   4   -0.775402991682  0.631277283864 -0.015465812894 -2.738671096109
       213 180 388 390
 146   4    0.809013295791  0.587782565114 -0.003023802328 -3.994882334844
       84 59 235 238
 147   3    0.561667466742 -0.826468579660 -0.038462236528 -4.303472981899
       318 138 317
 148   4    0.893988892819 -0.446700929626 -0.035243992227 -3.463769218200
       284 150 156 289
 149   4   -0.998086556698 -0.054928026754 -0.028392555628 -2.387316307925
       347 167 171 353
 150   5   -0.880043315682  0.474845607840 -0.006738786111 -2.399407525635
       189 60 376 377 190
 151   4    0.988638612717  0.148635165900 -0.022389303304 -3.362957355067
       209 61 254 263
 152   5    0.998631821947  0.047094281238 -0.022729119432 -3.283713500559
       192 62 144 257 259
 153   5    0.593752789738 -0.803877033254 -0.035204262316 -4.201770222898
       307 204 203 63 306
 154   4   -0.996269824768  0.086286318013 -0.001052416474 -2.182788892263
       65 359 358 64
 155   4    0.712359531607 -0.701256786713 -0.027978863776 -3.878405357166
       308 66 161 313
 156   3   -0.908027074661 -0.418606215090  0.015989633215 -2.846134567197
       67 187 186
 157   4   -0.951049940957 -0.309014857918  0.003718520026 -2.659790778647
       338 68 69 339
 158   5    0.960103951792  0.278935983250 -0.019877600518 -3.492981791580
       243 71 70 162 247
 159   5   -0.946050683154  0.323905546062 -0.008561666558 -2.236975286527
       367 153 152 72 366
 160   5    0.917428034583 -0.397006562045 -0.026675664103 -3.377125417475
       286 215 214 73 285
 161   4    0.868629122714  0.495457304217 -0.002346672189 -3.784594016775
       75 74 236 237
 162   5    0.718126296450  0.695912795320  0.000060468860 -4.339323602111
       76 230 233 227 90
 163   4    0.998656366321 -0.039237315497 -0.033851072062 -3.290496048726
       78 77 265 266
 164   4    0.989940534863 -0.140889401804 -0.012958159384 -3.204303425218
       268 80 79 267
 165   4   -0.999984352538  0.000000000000  0.005594164821 -2.206692613483
       82 361 360 81
 166   6    0.799633118304  0.600381527862 -0.011353286465 -4.061828456681
       83 84 238 242 232 178
 167   4    0.935065804302 -0.353331923884 -0.028434014667 -3.343039552023
       287 85 216 292
 168   5   -0.917730394809  0.397137404999  0.007266635703 -2.243119609313
       218 86 191 380 381
 169   4    0.950399261324 -0.308803439289 -0.037170955841 -3.341314802975
       207 199 275 281
 170   5    0.542171812584 -0.839675825083 -0.031531482843 -4.335443950405
       317 138 137 87 316
 171   6   -0.411511682350  0.911397349388 -0.003606496678 -3.989603625898
       90 227 405 404 89 88
 172   4   -0.643406629248  0.765424640807 -0.012370476350 -3.170782451609
       92 91 395 396
 173   5    0.999559496789  0.000000000000 -0.029678483437 -3.286626014012
       145 93 94 269 270
 174   4   -0.868616816935 -0.495450285124  0.005817242314 -3.097325593168
       330 95 96 331
 175   5   -0.808951207942 -0.587737455651  0.012752505361 -3.384869338690
       332 98 97 166 336
 176   4   -0.974140466543  0.225793636324 -0.008221024163 -2.198796027084
       369 100 99 368
 177   4   -0.813496760307  0.581333370043 -0.016569062852 -2.633541510927
       102 101 385 386
 178   4   -0.991092116608  0.133120313588 -0.003924093326 -2.178500864810
       363 104 103 362
 179   4   -0.983692379505  0.179654128269 -0.008584678185 -2.192072853573
       370 105 106 371
 180   4    0.844327686964  0.535826643598 -0.000751688695 -3.858465497958
       240 108 107 239
 181   4   -0.982234699258 -0.187371289857  0.010343853772 -2.418021406423
       109 110 349 348
 182   4    0.839806601145 -0.542256253617 -0.026134806047 -3.577630709837
       112 296 295 111
 183   4    0.982111023145 -0.187347697376 -0.018941449404 -3.229233776776
       276 113 114 277
 184   4   -0.929768944390 -0.368121566794  0.004027668023 -2.778519524387
       116 115 340 341
 185   4    0.970167286304 -0.240990806303 -0.026436109076 -3.269239411714
       279 118 117 278
 186   4   -0.890993247876 -0.453983735120  0.005458982142 -2.975699841141
       334 120 119 333
 187   6   -0.994569986489 -0.101901694201  0.021132597892 -2.253144855547
       124 121 168 169 350 352
 188   5   -0.989464338426 -0.140821629014  0.033609400260 -2.255604667747
       351 123 122 124 352
 189   5    0.996067084391  0.086268758794 -0.020200610115 -3.299734872729
       194 196 195 125 193
 190   4   -0.594104583241  0.804353323592 -0.007448154094 -3.329826927241
       127 398 397 126
 191   4    0.813293389758 -0.581188039302 -0.027826698479 -3.647603259538
       298 129 128 297
 192   6    0.904689715596  0.425714665740 -0.017422453010 -3.714316010774
       241 131 130 211 251 252
 193   4    0.973899343430  0.225737746987 -0.023717893058 -3.443386319231
       133 256 255 132
 194   3    0.752323905530 -0.658030175019 -0.031702207048 -3.801050419692
       299 143 301
 195   4    0.666920419664 -0.744601151993 -0.028040654178 -3.991527335125
       134 309 310 135
 196   6    0.574642923450 -0.817634175984 -0.035494574131 -4.254200177303
       311 136 137 138 318 321
 197   4    0.929530404791  0.368027122286 -0.023005734755 -3.634745359524
       245 140 139 244
 198   5    0.734053014957 -0.678551627399 -0.027089853938 -3.825150577002
       301 143 142 141 300
 199   5    0.998841820200  0.031389868777 -0.036464974407 -3.325573868273
       144 145 270 273 257
 200   7   -0.999407124308 -0.031407634174 -0.014105332224 -2.309006255975
       353 171 170 146 364 365 355
 201   4    0.995912947160 -0.086255409063 -0.026784437380 -3.257718602020
       147 148 272 271
 202   4    0.897762983994 -0.439809547687 -0.024273160781 -3.415043370995
       156 150 149 155
 203   5   -0.953443217820  0.301534495491 -0.004793581282 -2.211960666843
       152 153 373 372 151
 204   5    0.887068006195 -0.460794932375 -0.027899510447 -3.456043918360
       156 155 154 288 289
 205   6    0.872150745095 -0.488427885499 -0.028129672916 -3.497302108689
       290 159 157 158 302 304
 206   4    0.690004328788 -0.723310949286 -0.026745034990 -3.929354345010
       313 161 160 312
 207   3    0.964141548233  0.263759280746 -0.029361825398 -3.508855756128
       247 162 246
 208   5   -0.932639023106  0.360810826473 -0.000008866730 -2.232603645671
       378 163 164 219 382
 209   4   -0.827060748071 -0.562069903978  0.006924019264 -3.314010173985
       166 165 335 336
 210   5   -0.997467284849 -0.070624471577 -0.008437989654 -2.328658487525
       167 169 168 170 171
 211   4    0.945844555272  0.323834972714 -0.022560755957 -3.563807284073
       173 249 248 172
 212   5   -0.740865192192  0.671481069568 -0.015229583374 -2.845738707148
       174 175 399 400 228
 213   5    0.775488719921  0.631347077624 -0.004255919410 -4.133640544502
       231 177 176 178 232
 214   4   -0.765346569582  0.643341003526 -0.018893957006 -2.781404134812
       388 180 179 387
 215   5   -0.974173256304 -0.225801236582  0.000517937284 -2.522260023562
       342 182 181 354 356
 216   4   -0.770396544046 -0.637327448164  0.017403698995 -3.564230026359
       326 184 183 325
 217   5   -0.904790282843 -0.425761989094  0.009015138142 -2.889024782009
       186 187 344 343 185
 218   6   -0.898027392454  0.439939080055 -0.000638938420 -2.325589271714
       188 189 190 379 380 191
 219   5    0.997207015790  0.070606043540 -0.024350652469 -3.304131715115
       258 194 193 192 259
 220   4    0.994977121927  0.094053029409 -0.034271774119 -3.358176911995
       260 195 196 261
 221   5    0.953088822929 -0.301422415105 -0.027680738438 -3.302031318020
       199 207 206 198 197
 222   4    0.515551323289 -0.856327891096 -0.030155861548 -4.410149386745
       201 200 319 320
 223   3    0.612688207349 -0.789872877421 -0.026720742688 -4.123241670508
       203 204 202
 224   5    0.957442848213 -0.286336127450 -0.036260371246 -3.324878337304
       206 207 281 280 205
 225   4    0.981982768954  0.187323231581 -0.024896754575 -3.408705035506
       262 208 209 263
 226   4    0.917579479083  0.397072097932 -0.019535828882 -3.671429867058
       251 211 210 250
 227   4   -0.790089475476  0.612856218023 -0.012879315656 -2.685719529826
       213 390 389 212
 228   5    0.929440229935 -0.367991419535 -0.026891897058 -3.349995470542
       216 214 215 291 292
 229   5   -0.923876263786  0.382682078415  0.002660089020 -2.244342047171
       217 218 381 382 219
