
  33
    4  61
      3.5361969457    -0.9978382909    -6.1269228139
      2.7392761439    -0.5827739291    -6.6873165524
       
     4  64
      1.1045151057     3.5925829676    -6.1363043398
      0.9953926441     2.7280557811    -6.6836462333
     5  61
      3.4677581900    -1.0075100886    -6.1670515712
      2.6378523223    -0.9057548282    -6.6881817781
     5  62
     -1.0526417147    -3.4613897004    -6.0733030458
     -0.6182632613    -2.6028219103    -6.6896603343
     6  62
     -1.0626212847    -3.4343496692    -6.0884530845
     -0.9392265715    -2.5210269880    -6.6788380408
     6  63
     -3.5173958573     1.1750768073    -6.0877625315
     -2.6824838392     0.7608521526    -6.6833702974
    7  63
     -3.5385894758     1.1983005459    -6.0702379838
     -2.6248280022     1.0849137441    -6.6577650110
     7  64
      1.0811523535     3.5940712953    -6.1403222482
      0.6803168471     2.8214995860    -6.6856079989
     8  37
      0.8500903525    -1.6058414459    -6.8977836664
      2.6350249270    -0.9019428866    -6.6946231591
     8  38
      0.7282976309    -1.6972169444    -6.8741139518
     -0.6133303987    -2.6023863284    -6.6895797231
     9  39
     -1.6845002209    -0.6755262068    -6.8925384133
     -0.9362119251    -2.5211116646    -6.6806485289
     9  40
     -1.6839923615    -0.6751735962    -6.8981694891
     -2.6813104651     0.7602183137    -6.6834707495
    10  41
     -1.0441270323     1.7029404002    -6.8668177687
     -2.6007919903     1.0832006565    -6.6725155331
    10  42
     -0.7170868940     1.8627558973    -6.8818330864
      0.6821379948     2.8199616786    -6.6881234813
    10  63
     -2.5973873866     1.0776514829    -6.6755463954
     -2.6248488307     1.0846396487    -6.6576052944
    11  36
      1.7878753988     0.8200407505    -6.8776431395
      2.7457223716    -0.5825764897    -6.6839614547
    11  43
      1.6348819586     1.1171497354    -6.8732073315
      0.9985958617     2.7237182707    -6.6868919691
    36  44
      2.3849393727    -0.6324537568    -6.8932201658
      1.6574287092     1.0103509280    -6.9023551370
    36  61
      2.3779888164    -0.6367606302    -6.8979891014
      2.7458836957    -0.5830609038    -6.6826095818
    37  44
      0.9107125477    -1.5642754660    -6.8983254629
      2.3818980205    -0.6325030967    -6.8989808469
    37  61
      2.6344196487    -0.9057704015    -6.6904159646
      2.3775206335    -0.6325363392    -6.8997056596
    38  44
     -0.6795067534    -2.2611230437    -6.8899968829
      0.9117022951    -1.5669914114    -6.9038664082
    38  62
     -0.6172958656    -2.6030530062    -6.6886425426
     -0.6853303049    -2.2539609535    -6.8957920268
   39  44
     -0.6818654892    -2.2611694974    -6.8937209091
     -1.6993423902    -0.6347520812    -6.8980797798
    39  62
     -0.9355608621    -2.5217043504    -6.6784149419
     -0.6801855255    -2.2531766186    -6.8985688454
    40  44
     -1.6808599330    -0.6739737058    -6.8948380986
     -2.3229515434     0.8350228549    -6.8925251315
    40  63
     -2.6817970744     0.7626799813    -6.6825174802
     -2.3268987422     0.8371290320    -6.8923640876
    41  44
     -2.3254040714     0.8354012431    -6.8877603539
     -0.8978313609     1.7282606123    -6.8979154914
    41  63
     -2.6021870179     1.0817163936    -6.6715362965
     -2.3315345314     0.8310237176    -6.8898404997
    42  44
     -0.8992684064     1.7329096723    -6.9044671822
      0.7400073608     2.4706656121    -6.8916555016
    42  64
      0.7392122018     2.4647837236    -6.8954809193
      0.6806106922     2.8197167765    -6.6865644313
    43  44
      1.6533967022     1.0087535168    -6.8972074953
      0.7374301987     2.4731719828    -6.8918235575
    43  64
      0.7417953677     2.4683292333    -6.8913267515
      0.9984792412     2.7254490531    -6.6846189945
       
