 46
    8  33
     -0.7679891568     3.2730106771    -6.8278269985
      0.5215612558     2.9514765605    -6.4749666076
     8  34
      1.1281685526     1.6980079360    -6.7888769775
      0.5202313128     2.9512957127    -6.4754329706
     8  48
     -0.0249363904     2.3529069154    -6.9490106322
     -0.7802750223     3.2654406063    -6.8357202804
    8  49
     -0.0271012971     2.3501215871    -6.9485445607
      1.1309652110     1.6986684410    -6.7856058500
     9  35
      1.1250418690     1.6962483377    -6.7909548486
      2.0983990911     0.7619479331    -6.4415888925
     9  36
      2.0765911186    -0.8062209081    -6.7939849276
      2.0991609695     0.7668448598    -6.4393135233
     9  49
      1.3501105548     0.3935010617    -6.9476500141
      1.1309101105     1.6990289147    -6.7855243718
    9  50
      2.0697620904    -0.8115609467    -6.7974872204
      1.3504030803     0.3934755850    -6.9477941994
    10  37
      2.4415872193    -1.9339047598    -6.4317122472
      2.0714442525    -0.7989268359    -6.7979878030
    10  38
      1.6980552322    -3.1112321395    -6.7355196948
      2.4423058404    -1.9327658250    -6.4314472588
   10  50
      1.6148817292    -1.8028668654    -6.9507664176
      2.0729036862    -0.7988719735    -6.7959216557
   10  51
      1.6722901710    -3.1402115039    -6.7457474810
      1.6182127105    -1.8033499851    -6.9475600802
   11  39
      1.6765587973    -3.1394294633    -6.7446548284
      1.5906022571    -3.9745392776    -6.3997523826
    11  40
      1.5952309047    -3.9705833531    -6.4003061350
      0.8358310927    -3.3830994251    -6.7715667024
   11  51
      1.1149042884    -2.8663551354    -6.9505103916
      1.6751409231    -3.1399758699    -6.7442896355
       
    11  52
      0.8371043496    -3.3852256370    -6.7697753776
      1.1109240573    -2.8670642024    -6.9514108567
    12  41
     -0.5064023959    -3.0319207140    -6.3982441429
      0.8169018008    -3.3878856726    -6.7574227754
    12  42
     -0.5055630886    -3.0322691793    -6.3990231646
     -1.1056155148    -1.7914045142    -6.7846682986
   12  52
      0.8398414617    -3.3726951755    -6.7727737318
      0.0218928228    -2.3786527041    -6.9519853350
    12  53
     -1.1039691176    -1.7930039763    -6.7822554248
      0.0216673984    -2.3789993117    -6.9528278459
    13  43
     -1.1120072418    -1.7948159387    -6.7795036017
     -2.0012386225    -0.8431647029    -6.4313438215
    13  44
     -2.0022781420    -0.8428559871    -6.4312647951
     -1.9045244915     0.6007646997    -6.8144143434
    13  53
     -1.1036366263    -1.7929591575    -6.7826689213
     -1.2826029173    -0.5681205099    -6.9507810827
    13  54
     -1.2826503742    -0.5678949398    -6.9505848640
     -1.9176839281     0.6048780119    -6.8038398153
   14  45
     -1.9011280413     0.6025936827    -6.8163831535
     -2.2717449100     1.8132556066    -6.4713189209
    14  46
     -2.2731136937     1.8128703169    -6.4707684489
     -1.5232717667     3.0781830218    -6.8044582312
    14  54
     -1.9171687419     0.6052325431    -6.8035348623
     -1.5052676225     1.7099754270    -6.9548601922
    14  55
     -1.5027761025     1.7091204872    -6.9578859965
     -1.5159037571     3.0927962909    -6.8042438744
    15  32
     -1.4206120127     3.8853343476    -6.5095682466
     -0.7733641681     3.2612651298    -6.8385908806
   15  47
     -1.5120037761     3.0766608861    -6.8115403807
     -1.4137577622     3.8880541857    -6.5100433324
    15  48
     -1.0342047348     2.8804982351    -6.9565373993
     -0.7801230991     3.2686986429    -6.8341733302
   15  55
     -1.5168323700     3.0921875936    -6.8036442995
     -1.0288557470     2.8731047198    -6.9600631252
    32  33
     -0.7724377883     3.2627520184    -6.8360595878
     -0.6205932075     3.6498751819    -6.5108983021
    34  35
      1.1249557943     1.6956550294    -6.7905005367
      1.4831658338     1.9222465742    -6.4817744025
    36  37
      2.0729976692    -0.8087138697    -6.7961062708
      2.4849591551    -0.6936582080    -6.4450600790
    42  43
     -1.4630703483    -1.9830827425    -6.4498508818
     -1.1054211366    -1.7912981749    -6.7839217049
    44  45
     -2.3618555198     0.5804978631    -6.4639583400
     -1.9007261698     0.6012328294    -6.8154421193
    46  47
     -1.8324038874     3.2272178089    -6.5296401447
     -1.5135347384     3.0759855157    -6.8103383570
    48  56
     -1.0317583379     2.8981422780    -6.9538307012
     -0.0404485585     2.3413196378    -6.9612251982
    49  56
      1.3404500471     0.3912362647    -6.9515491577
     -0.0387991508     2.3422976260    -6.9593954492
    50  56
      1.6193694498    -1.7950412115    -6.9536781728
      1.3398638786     0.3905138754    -6.9529745555
    51  56
      1.1211084096    -2.8808523208    -6.9488585067
      1.6168898802    -1.7945644554    -6.9519987694
    52  56
      0.0264042182    -2.3836867924    -6.9512999431
      1.1191503633    -2.8817762663    -6.9490433894
    53  56
      0.0252909928    -2.3842793288    -6.9536406156
     -1.2691040509    -0.5572700635    -6.9543833584
    54  56
     -1.2683896117    -0.5562516835    -6.9535338643
     -1.4958452595     1.7190511485    -6.9599780148
   55  56
     -1.4938945044     1.7193711882    -6.9575761693
     -1.0352506962     2.8962790294    -6.9544868036
       
