
   192 554  98  

   0  -0.113535222504 -2.731430565108 -4.472518238122
   1  -0.059269530984  2.801225480311 -3.994162147740
   2  -2.620862032953  1.416328232871 -4.018742253337
   3   2.548091104009 -1.689452768373 -4.003162017605
   4  -0.781092296948 -2.971372225750 -3.985567064168
   5   0.699470357451  2.612417170649 -4.076983057035
   6  -2.825075809499  0.645510265907 -4.024849444794
   7  -2.749449076658  0.923535630009 -4.011252300626
   8   2.681296299206 -1.154265544566 -3.992402333719
   9  -0.251842939157 -3.129395496946 -3.968707406589
  10   0.706788896806  2.599417484979 -4.073528185334
  11   0.533238207716  2.643295100357 -4.005417269677
  12   0.683367478083  2.605179517422 -4.017950387014
  13   0.166578907757  2.388570151066 -3.566045163461
  14   0.239142241263  0.045662144165 -2.007859565853
  15   0.225742179609 -0.015814091342 -1.962835548083
  16   0.258580471764 -0.022217278138 -1.988853633390
  17   2.344327126075 -1.312917957866 -3.627561610115
  18   0.114950937425 -0.445025866410 -1.974435089218
  19   0.105759711400 -0.428397893335 -1.960771184519
  20   0.111030038626 -0.438931544447 -1.969167269083
  21   0.103605393653 -0.424592740088 -1.957693241651
  22   0.103822864421 -0.429464178072 -1.961177673591
  23  -0.411047882918 -2.800506963541 -3.633504570407
  24  -0.400249136813 -2.799405087123 -3.628995200224
  25  -0.302305283008 -0.380823967622 -2.006406638148
  26  -2.491110191926  0.854099668018 -3.677602655057
  27  -0.208527902082  0.153213402724 -1.998286221064
  28  -0.169015805626  0.084287944624 -1.946499924202
  29  -0.207959259717  0.152248889404 -1.997553464190
  30   2.740712376054 -0.946003821166 -4.026784213028
  31   2.731587609156 -0.962310921313 -4.001337866712
  32   1.186261697818  1.760804849164 -4.024241150425
  33   0.692683061438  2.574489906809 -3.987259014598
  34   0.691485624693  2.576117306514 -3.986895500624
  35   0.625801187464  2.406474676118 -3.762443987317
  36   0.692402543868  1.861777771654 -3.423911353771
  37   0.862154466143  1.112534545250 -3.065857714367
  38   1.067947702467  0.463319878041 -2.836447253247
  39   1.419964937908  0.071495130500 -3.011708627677
  40   2.584000589369 -0.939063404576 -3.816460625868
  41   2.174632592482 -0.626558849244 -3.499568365379
  42  -0.133792057243 -3.167363359999 -3.978643028165
  43   2.545640415115 -1.690405510693 -4.000442661825
  44  -0.134868483568 -3.166755205148 -3.977233519276
  45   2.378225817018 -1.573230773979 -3.754888733857
  46   1.833539542171 -1.622928753222 -3.458364646792
  47   1.519754217082 -1.693895468378 -3.336898954499
  48   1.198066423072 -1.789834217710 -3.239403807316
  49   0.972484634535 -1.874804632914 -3.191663993228
  50   0.610944749930 -2.132251195623 -3.256525486655
  51   0.265286916684 -2.487484081821 -3.445724955611
  52  -0.134524986975 -3.002082274516 -3.785476011216
  53  -0.081277171392 -2.930789354069 -3.737012308773
  54  -0.785771080914 -2.958461680882 -3.971791374540
  55  -2.814394936181  0.632137687542 -4.008095466657
  56  -0.693755464382 -2.778826341294 -3.718377687017
  57  -0.742387799171 -2.178107756038 -3.340942681955
  58  -0.833691813140 -1.688275163124 -3.101301279925
  59  -0.918757982245 -1.294543264133 -2.924074593300
  60  -1.014887667844 -0.960448758620 -2.805279017288
  61  -1.088176824210 -0.739009719245 -2.739168818345
  62  -1.249595681785 -0.542228139118 -2.807424813208
  63  -1.438485948622 -0.335295923548 -2.904453310164
  64  -2.618156840289  0.612222688885 -3.763901631847
  65  -1.973114825371  0.148156234688 -3.254236326726
  66  -0.060601401968  2.800280086733 -3.992541469275
  67  -2.598696132449  1.425059083072 -3.994948863298
  68  -0.482563412714  2.161765361677 -3.397206524453
  69  -0.109975786365  2.553079146454 -3.672182049461
  70  -0.177872904428  2.479265462029 -3.618433411231
  71  -2.418671332425  1.358673999118 -3.756519781176
  72  -1.999083975984  1.423749352685 -3.520272930068
  73  -1.598782049385  1.512417213344 -3.333522000785
  74  -1.308734030003  1.592328726164 -3.220975518193
  75  -1.074083656444  1.665580829799 -3.142429073568
  76  -0.703309848134  1.954549186996 -3.270082788448
  77  -0.888173011688  1.805296419042 -3.198912168653
  78  -0.161678549520  0.098035492286 -1.955051158936
  79   0.186834848310  2.373691352899 -3.556293973736
  80  -0.157767750070  0.128840117833 -1.976561883710
  81   0.199026805389  2.369380299778 -3.555883058290
  82  -0.158321808218  0.061346064349 -1.931066508718
  83  -0.162744099851  0.079266494599 -1.942213647228
  84  -0.162625590477  0.073971690272 -1.938677656471
  85   0.218469712223 -0.015553473213 -1.957833683130
  86   2.343764531906 -1.265851413048 -3.614150250185
  87   0.225542935957 -0.015846961870 -1.962675387922
  88   2.339253067006 -1.290612450056 -3.615388484168
  89  -0.026863916192 -0.150950101880 -1.815144959305
  90   0.211305841575 -0.017683772654 -1.953350901686
  91   0.096537794478 -0.404648928006 -1.943695333900
  92   0.097686590458 -0.410284390340 -1.947222018593
  93  -0.388651140281 -2.718362642458 -3.571709666569
  94  -0.032874451183 -0.174425840295 -1.815144959305
  95   0.095020627676 -0.399989813414 -1.940886440169
  96  -0.284578748255 -0.314080182530 -1.956362335590
  97  -0.324422756507 -0.347403782752 -2.000632439712
  98  -0.387199538915 -0.384201344795 -2.063367701769
  99  -0.980236064176 -0.680923463997 -2.633279393702
 100  -0.398344581229 -0.353755136380 -2.057988501914
 101  -0.301655117149 -0.307066112744 -1.965823717176
 102  -0.296612276247 -0.305459094046 -1.961386712817
 103  -2.418989485035  0.965560008024 -3.627520985799
 104  -2.414602302411  0.980260538320 -3.627081180394
 105  -0.042100921929 -0.146326086320 -1.815144959305
 106  -0.156136866753  0.056034452536 -1.927940876345
 107  -0.048151246660 -0.170096754975 -1.815144959305
 108  -0.277451654358 -0.305104347044 -1.947969428896
 109  -0.280329138211 -0.306251002616 -1.949731200119
 110  -0.291591318813 -0.305231113236 -1.957581802085
 111   2.683025754401 -1.252853992491 -4.128025024208
 112   2.319466217364 -0.979376950127 -4.480593901390
 113   2.665240200459 -1.323954881349 -4.129002034848
 114   1.430803248330 -2.324049248461 -4.121030097038
 115   2.563403067690 -1.693193310097 -4.085875945960
 116   2.043344174689 -1.552053830804 -4.482418932392
 117   2.217308071082 -1.460648694421 -4.472169619226
 118   2.568261011618 -1.680629555007 -4.094429560197
 119   0.882577429731 -2.626236527599 -4.116529246411
 120  -0.139334826947 -3.184133788678 -4.071590494898
 121  -0.113591665157 -2.733061799387 -4.471204984640
 122  -0.405043592574 -3.110578807351 -4.109158581029
 123  -0.113457685437 -2.734466224857 -4.469993260883
 124  -0.144238079584 -3.183242351450 -4.074629582610
 125  -0.455353529591 -3.095536503709 -4.110656704074
 126  -0.551453598146 -2.650711593499 -4.445494461665
 127  -0.619852093980 -3.043438879641 -4.100884513253
 128  -0.789668390080 -2.987262400359 -4.078739226909
 129  -2.837538526579  0.644215343942 -4.094990208163
 130  -0.552906741340 -2.633031793567 -4.459296802308
 131  -0.783901636903 -2.989769104217 -4.082507286498
 132  -2.761686209647  0.959407199175 -4.136770512262
 133  -2.429103996881  0.697942325876 -4.476123649227
 134  -2.836240849800  0.652590894789 -4.100254779241
 135  -2.729512269991  1.083280783320 -4.139515837161
 136  -2.322290505894  1.175479191903 -4.471868253804
 137  -1.573419508529  2.001821787455 -4.147911445862
 138  -2.635643843446  1.421125740450 -4.111594070689
 139  -2.204464516703  1.275129554000 -4.472643929343
 140  -2.641278089188  1.406493934328 -4.121881660750
 141  -1.098500147902  2.259080863546 -4.146972086959
 142  -0.123683662309  2.398340248840 -4.471829447836
 143   0.257913224777  2.744788459389 -4.143347916944
 144  -0.051144540042  2.821222401920 -4.107201159791
 145  -0.051213329514  2.821190282043 -4.107238575855
 146  -0.062866569404  2.426652687856 -4.473602594543
 147   0.326966898588  2.726256377557 -4.144017237172
 148   2.750505920212 -0.958224201732 -4.092330715583
 149   0.697133236250  2.618556163644 -4.105034493034
 150   0.469462701394  2.299297173475 -4.466507102613
 151   2.750272933589 -0.959999710640 -4.093429366108
 152   2.319521731014 -0.974802572018 -4.480951608033
 153   0.470234509479  2.300898604645 -4.465020579365
 154   0.688110336206  2.622198227300 -4.111163972959
 155   0.101813919782  2.013021393514 -4.621525824281
 156   0.975846188515  0.740085911075 -4.619958353802
 157   0.470317391237  2.292973350544 -4.468933815575
 158   0.522096279279  2.193384091066 -4.473339289874
 159   1.172526400914  0.400520302638 -4.619526182694
 160   1.921604994890 -1.136743015493 -4.617515298398
 161   2.275571379641 -0.906832049545 -4.485542651213
 162   2.314469677799 -0.970443012806 -4.483216485195
 163   2.206386948533 -1.440640676657 -4.485031921020
 164   1.914948833362 -1.167639587355 -4.617466527950
 165   0.850740079978 -1.867462555963 -4.616010348315
 166   2.208764731125 -1.456911163745 -4.479936793224
 167   2.071008902864 -1.534482297945 -4.483469574966
 168  -0.023088369936 -2.670209868157 -4.482585427965
 169   0.804811730266 -1.892459812493 -4.615955288488
 170  -0.105217018666 -2.720495597368 -4.477796179628
 171  -0.250462494102 -2.346165025281 -4.614870641972
 172  -0.536621380943 -2.615638113605 -4.476574158643
 173  -0.266271893156 -2.342212374896 -4.614870469923
 174  -1.058327299533 -1.099249600068 -4.616424658779
 175  -0.545594130188 -2.617159307038 -4.473487229503
 176  -0.760452115685 -2.210943437311 -4.487646986882
 177  -1.314113723794 -0.645365383517 -4.617005060589
 178  -2.421752296427  0.703935959170 -4.481250622305
 179  -2.043603677805  0.826602310296 -4.618925826361
 180  -2.425687206032  0.697911092133 -4.479074563596
 181  -2.349946516091  0.573382019932 -4.483306109138
 182  -2.037500856733  0.849634467818 -4.618962621817
 183  -1.132091084344  1.481908225571 -4.620256666679
 184  -2.307618306823  1.212598497123 -4.473851337669
 185  -2.275379740489  1.231166694297 -4.474932467290
 186  -2.307555011160  1.213927821201 -4.473514242786
 187  -0.056863205438  2.423524465474 -4.475468544162
 188   0.081182192859  2.018770327148 -4.621526483071
 189  -0.851970692633  1.632007085853 -4.620588949125
 190  -0.059000365624  2.424965084557 -4.474731570738
 191  -0.062221467793  2.426253674877 -4.473899623647



   0  172    96    0
   0  121    82    0
   0  170     4    1
   1   66    78    3
   1   11    57    1
   1  144    56    4
   2    7    79    3
   2   67    56    1
   2  138    55    3
   3    8    58    1
   3   43    52    3
   3  115    51    7
   4    9    80    3
   4   54    54    1
   4  128    53    7
   5   12    76    0
   5  149    57    4
   5   10    50    1
   6   55    79    5
   6    7    55    1
   6  129    54    4
   7    6    79    4
   7    2    55    2
   8   31    58    2
   8    3    51    6
   9   44    80    4
   9    4    53    6
  10   33    77    1
  10    5    76    4
  10   32    50    2
  11    1    78    2
  11   12    57    2
  12   11    78    1
  12   34    76    1
  12    5    57    3
  13   79    78    6
  13   69    18    4
  14   37    63    1
  14   85    20    1
  14   36    19    1
  15   16    64    1
  15   87    22    2
  15   38    20    4
  16   39    64    2
  16   15    22    1
  16   41    21    1
  17   45    58    7
  17   88    23    3
  18   20    66    1
  18   49    65    1
  18   48    25    3
  19   21    26    2
  19   20    25    1
  19   47    24    4
  20   50    66    2
  20   19    26    1
  20   18    25    2
  21   92    28    2
  21   22    26    3
  21   19    24    3
  22   21    28    1
  22   51    26    4
  23   56    80    0
  23   24    29    5
  24   23    80    7
  24   93    29    6
  24   52    28    5
  25   96    30    1
  25   57    29    2
  26  103    79    8
  26   64    32    1
  27   29    74    1
  27   75    35    3
  28   84    74    3
  28   29    35    1
  28   73    34    3
  29   28    74    2
  29   27    35    2
  30   31    51    4
  30  148    50    4
  30   32     0    0
  31   40    58    3
  31    8    51    5
  31   30     0   11
  32   10    77    0
  32   30    50    3
  32   33     0    1
  33   32    77    2
  33   10    76    3
  33   34     0    2
  34   12    78    0
  34   33    76    2
  34   35     0    3
  35   34    78    9
  35   81    19    3
  35   36     0    4
  36   14    63    0
  36   35    19    2
  36   37     0    5
  37   36    63    2
  37   14    20    0
  37   38     0    6
  38   15    64    0
  38   37    20    5
  38   39     0    7
  39   38    64    3
  39   16    21    0
  39   41     0    8
  40   86    58    4
  40   41    22    5
  40   31     0   10
  41   16    22    0
  41   39    21    2
  41   40     0    9
  42   44    53    4
  42  120    52    5
  42   43     1    3
  43    3    58    0
  43   42    52    4
  43   45     1    4
  44   52    80    5
  44    9    53    5
  44   42     1    2
  45   43    58    8
  45   17    23    2
  45   46     1    5
  46   91    24    0
  46   45    23    1
  46   47     1    6
  47   19    25    0
  47   46    24    5
  47   48     1    7
  48   18    65    0
  48   47    25    4
  48   49     1    8
  49   18    66    0
  49   48    65    2
  49   50     1    9
  50   49    66    3
  50   20    26    0
  50   51     1   10
  51   22    28    0
  51   50    26    5
  51   53     1   11
  52   24    80    6
  52   53    28    6
  52   44     1    1
  53   51    28    7
  53   52     1    0
  54    4    80    2
  54   55    54    2
  54   56     2    3
  55   64    79    6
  55    6    54    3
  55   54     2    2
  56   54    80    1
  56   23    29    4
  56   57     2    4
  57   25    30    0
  57   56    29    3
  57   58     2    5
  58   57    30    5
  58   59     2    6
  59   97    68    0
  59   58    30    4
  59   60     2    7
  60   59    68    5
  60   61     2    8
  61   99    71    0
  61   60    68    4
  61   62     2    9
  62   61    71    5
  62   63     2   10
  63   62    71    4
  63  101    31    0
  63   65     2   11
  64   26    79    7
  64   65    32    2
  64   55     2    1
  65  102    32    3
  65   63    31    3
  65   64     2    0
  66   69    78    4
  66    1    56    3
  66   67     3    3
  67    2    79    2
  67   66    56    2
  67   71     3    4
  68   78    18    0
  68   76    16    1
  68   70     3    0
  69   13    78    5
  69   70    18    5
  69   66     3    2
  70   68    18    6
  70   69     3    1
  71   67    79    1
  71  104    33    3
  71   72     3    5
  72   82    34    0
  72   71    33    2
  72   73     3    6
  73   28    35    0
  73   72    34    4
  73   74     3    7
  74   73    35    5
  74   75     3    8
  75   27    74    0
  75   74    35    4
  75   77     3    9
  76   77    74    6
  76   83    16    2
  76   68     3   11
  77   75    74    7
  77   76     3   10
  78   83    36    8
  78   80    18    1
  78   68    16    0
  79   81    78    7
  79   80    36    6
  79   13    18    3
  80   78    36    7
  80   79    18    2
  81   35    78    8
  81   79    36    5
  81   90    19    4
  82  106    36    0
  82   84    34    1
  82   72    33    1
  83   76    74    5
  83   84    36    9
  83   78    16    3
  84   83    74    4
  84   82    36   10
  84   28    34    2
  85   90    37    4
  85   87    20    2
  85   14    19    0
  86   88    58    5
  86   87    37    2
  86   40    22    4
  87   85    37    3
  87   86    22    3
  87   15    20    3
  88   17    58    6
  88   86    37    1
  88   95    23    4
  89  105    49    0
  89   94    37    6
  89   90    36    3
  90   89    37    5
  90   81    36    4
  90   85    19    5
  91   95    38    5
  91   92    24    1
  91   46    23    0
  92   91    38    4
  92   93    28    3
  92   21    24    2
  93   92    38    3
  93  108    29    7
  93   24    28    4
  94   89    49    3
  94  107    38    0
  94   95    37    7
  95   94    38    6
  95   88    37    0
  95   91    23    5
  96  109    75    7
  96   97    30    2
  96   25    29    1
  97   96    75    6
  97   98    68    1
  97   59    30    3
  98   97    75    5
  98   99    68    2
  99   98    75    4
  99  100    71    1
  99   61    68    3
 100   99    75    3
 100  101    71    2
 101  100    75    2
 101   63    71    3
 101  102    31    1
 102  101    75    1
 102  110    32    4
 102   65    31    2
 103  104    79    9
 103  110    39    0
 103   26    32    0
 104   71    79    0
 104  103    39    7
 104  106    33    4
 105  107    49    1
 105  106    39    5
 105   89    36    2
 106  104    39    6
 106  105    36    1
 106   82    33    0
 107   94    49    2
 107  105    39    4
 107  108    38    1
 108  107    39    3
 108   93    38    2
 108  109    29    8
 109  110    75    8
 109  108    39    2
 109   96    29    0
 110  102    75    0
 110  109    39    1
 110  103    32    5
 111  112    85    0
 111  113    81    2
 111  151    51    1
 112  163    95    2
 112  152    85    1
 112  111    81    1
 113  118    86    0
 113  117    81    3
 113  111    51    0
 114  115    52    1
 114  116     6    0
 114  119     4    5
 115    3    52    2
 115  118    51    8
 115  114     6    6
 116  168    13    1
 116  167     6    1
 116  114     4    4
 117  113    86    2
 117  166    81    4
 117  118     6    4
 118  117    86    1
 118  113    51    9
 118  115     6    5
 119  114    52    0
 119  120     7    3
 119  123     4    6
 120   42    53    3
 120  119    52    6
 120  124     7    0
 121  123    87    3
 121  122    82    1
 121    0     4    0
 122  121    87    2
 122  125    82    2
 122  124    53    1
 123  124    87    0
 123  119     7    2
 123  121     4    7
 124  122    87    1
 124  120    53    2
 124  123     7    1
 125  127    88    1
 125  126    82    3
 125  122    53    0
 126  127    89    1
 126  125    88    0
 126  130    82    4
 127  131    89    2
 127  126    88    2
 127  125    53   10
 128    4    54    0
 128  131    53    8
 128  129     8    7
 129    6    55    0
 129  128    54    5
 129  134     8    8
 130  126    89    0
 130  175    82    5
 130  131     8    5
 131  130    89    3
 131  127    53    9
 131  128     8    6
 132  133    90    2
 132  135    83    4
 132  134    55    7
 133  134    90    0
 133  132    83    3
 133  180     8    0
 134  132    90    1
 134  129    55    8
 134  133     8    9
 135  140    91    2
 135  136    83    5
 135  132    55    6
 136  184    97    1
 136  135    91    1
 136  178    83    0
 137  138    56    8
 137  139     9    0
 137  141     5    2
 138    2    56    0
 138  140    55    4
 138  137     9    5
 139  142    15    3
 139  185     9    1
 139  137     5    1
 140  186    91    3
 140  135    55    5
 140  138     9    4
 141  137    56    7
 141  145    10    0
 141  142     5    3
 142  146    15    4
 142  141    10    3
 142  139     5    0
 143  190    92    2
 143  147    84    0
 143  144    57    8
 144  143    92    1
 144    1    57    0
 144  145    56    5
 145  144    92    0
 145  141    56    6
 145  146    10    1
 146  145    92    5
 146  191    15    5
 146  142    10    2
 147  154    93    1
 147  153    84    1
 147  143    57    7
 148   30    51    3
 148  149    50    5
 148  151    11    0
 149  154    57    5
 149    5    50    0
 149  148    11   10
 150  157    94    3
 150  187    84    3
 150  153    11    7
 151  111    85    3
 151  148    51    2
 151  152    11    1
 152  112    95    1
 152  151    85    2
 152  162    11    2
 153  147    93    0
 153  150    84    2
 153  154    11    8
 154  153    93    2
 154  147    57    6
 154  149    11    9
 155  188    94    0
 155  156    48    1
 155  157    40    3
 156  159    48    2
 156  155    40    2
 156  158    12    1
 157  155    94    4
 157  158    40    0
 157  150    11    6
 158  156    40    1
 158  161    12    2
 158  157    11    5
 159  160    48    3
 159  161    41    3
 159  156    12    0
 160  162    95    5
 160  164    48    4
 160  159    41    2
 161  162    41    0
 161  159    12    3
 161  158    11    4
 162  152    95    0
 162  160    41    1
 162  161    11    3
 163  164    95    3
 163  112    81    0
 163  166    42    0
 164  160    95    4
 164  165    48    5
 164  163    42    4
 165  169    48    6
 165  164    42    3
 165  167    13    4
 166  163    81    5
 166  167    42    1
 166  117     6    3
 167  165    42    2
 167  116    13    0
 167  166     6    2
 168  170    43    2
 168  169    13    2
 168  116     4    3
 169  171    48    7
 169  168    43    1
 169  165    13    3
 170    0    96    4
 170  171    43    3
 170  168     4    2
 171  170    96    3
 171  173    48    8
 171  169    43    0
 172  173    96    1
 172    0    82    7
 172  175    44    0
 173  171    96    2
 173  174    48    9
 173  172    44    4
 174  177    48   10
 174  173    44    3
 174  176    14    1
 175  172    82    6
 175  176    44    1
 175  130     8    4
 176  174    44    2
 176  181    14    2
 176  175     8    3
 177  179    48   11
 177  181    45    3
 177  174    14    0
 178  136    97    0
 178  180    83    1
 178  179    45    1
 179  178    97    4
 179  182    48   12
 179  177    45    2
 180  133    83    2
 180  178    45    0
 180  181     8    1
 181  180    45    4
 181  177    14    3
 181  176     8    2
 182  179    97    3
 182  183    48   13
 182  184    46    3
 183  189    48   14
 183  182    46    2
 183  185    15    1
 184  182    97    2
 184  136    91    0
 184  186    46    4
 185  183    46    1
 185  139    15    2
 185  186     9    2
 186  184    91    4
 186  185    46    0
 186  140     9    3
 187  150    94    2
 187  190    84    4
 187  188    47    1
 188  187    94    1
 188  155    48    0
 188  189    47    2
 189  188    48   15
 189  191    47    3
 189  183    15    0
 190  191    92    3
 190  143    84    5
 190  187    47    0
 191  146    92    4
 191  190    47    4
 191  189    15    6

   0  12    0.733959693171  0.420993457661  0.532979997192  0.532884443586
       30 32 33 34 35 36 37 38 39 41 40 31
   1  12    0.390117074702 -0.698885254716  0.599473159338  0.223660723330
       53 52 44 42 43 45 46 47 48 49 50 51
   2  12   -0.728276856979 -0.405880526729  0.552153798873  0.419998817325
       65 64 55 54 56 57 58 59 60 61 62 63
   3  12   -0.408024892908  0.752140940757  0.517493663733 -0.064817266824
       68 70 69 66 67 71 72 73 74 75 77 76
   4   8    0.324676617907 -0.599916793511 -0.731221535957 -4.872170489939
       121 0 170 168 116 114 119 123
   5   4   -0.327844037844  0.607865143505 -0.723200009791 -4.732443491261
       142 139 137 141
   6   7    0.364910515735 -0.616247052221 -0.697911087557 -4.830416246722
       114 116 167 166 117 118 115
   7   4    0.318002359297 -0.638914920643 -0.700472857191 -4.842120410481
       120 124 123 119
   8  10   -0.614224307122 -0.349540655501 -0.707495463372 -4.414892676645
       133 180 181 176 175 130 131 128 129 134
   9   6   -0.365484540377  0.625439154413 -0.689381545208 -4.686571833859
       137 139 185 186 140 138
  10   4   -0.322327170402  0.649236272241 -0.688910341066 -4.677645637716
       141 145 146 142
  11  11    0.619055763774  0.352898188895 -0.701593065539 -4.235711809802
       148 151 152 162 161 158 157 150 153 154 149
  12   4    0.350031286102  0.201577778497 -0.914792051761 -4.717062751782
       159 156 158 161
  13   5    0.198978835509 -0.367591887491 -0.908451224486 -5.049163609368
       167 116 168 169 165
  14   4   -0.354009853975 -0.200670314120 -0.913459604098 -4.812162496465
       177 174 176 181
  15   7   -0.195342149452  0.362537871755 -0.911267104746 -4.968680875851
       189 183 185 139 142 146 191
  16   4   -0.057489175613  0.565838889056  0.822509177043  1.543280459244
       78 68 76 83
****   4   -0.001494390490  0.572650818077  0.819798028391  1.546365369754
       empty
  18   7    0.014908404435  0.573375299346  0.819157192227  1.547905278532
       68 78 80 79 13 69 70
  19   6    0.332773160859  0.526795991475  0.782143213726  1.466798979519
       85 14 36 35 81 90
  20   6    0.522878070974  0.426535507520  0.738014893968  1.337311504960
       37 14 85 87 15 38
  21   3    0.642944985831  0.173761610926  0.745941450627  1.321175856660
       39 16 41
  22   6    0.623811255674  0.025024510607  0.781174302677  1.392891917920
       41 16 15 87 86 40
  23   6    0.473760797466 -0.336395945442  0.813872517459  1.400062133369
       91 46 45 17 88 95
  24   6    0.408715727653 -0.422833777514  0.808803468441  1.361511777939
       46 91 92 21 19 47
  25   5    0.379584050813 -0.453035659845  0.806644059841  1.347420206750
       47 19 20 18 48
  26   6    0.144998368149 -0.571333883930  0.807807567622  1.323832583393
       50 20 19 21 22 51
****   3    0.060646678997 -0.580813327192  0.811774512585  1.336299019965
       empty
  28   8    0.047027290641 -0.581123208006  0.812455691747  1.339162556211
       51 22 21 92 93 24 52 53
  29   9   -0.281213981507 -0.526760687952  0.802148286935  1.323820080247
       109 96 25 57 56 23 24 93 108
  30   6   -0.462470613452 -0.452284962569  0.762600317550  1.218263020663
       57 25 96 97 59 58
  31   4   -0.628222464050 -0.141148962464  0.765123196654  1.271248742335
       63 101 102 65
  32   6   -0.604602069634  0.033630482606  0.795817396162  1.391846007311
       103 26 64 65 102 110
  33   5   -0.503744657794  0.274728169672  0.819002901419  1.484941816397
       106 82 72 71 104
  34   5   -0.458372001138  0.339016209573  0.821561390414  1.493122091620
       72 82 84 28 73
  35   6   -0.413503851174  0.386155846075  0.824559414236  1.502399286669
       73 28 29 27 75 74
  36  11    0.166956194733  0.550152235445  0.818204220763  1.572689900213
       82 106 105 89 90 81 79 80 78 83 84
  37   8    0.555097115268 -0.142122500093  0.819553773458  1.481067577285
       95 88 86 87 85 90 89 94
  38   7   -0.154888572459 -0.546582215034  0.822956506950  1.393355416355
       94 107 108 93 92 91 95
  39   8   -0.557388987916  0.141871666613  0.818040308519  1.482154677988
       103 110 109 108 107 105 106 104
  40   4    0.258996855228  0.176665013202 -0.949584173253 -4.770527715120
       157 158 156 155
  41   4    0.270721370159  0.130669680294 -0.953748066520 -4.775627978684
       161 162 160 159
  42   5    0.176615752062 -0.270545722625 -0.946367734072 -5.023931359501
       163 166 167 165 164
  43   4    0.126851914087 -0.297307527959 -0.946317507876 -5.032893762144
       171 169 168 170
  44   5   -0.291148502295 -0.186702304226 -0.938282899348 -4.844875154908
       172 175 176 174 173
  45   5   -0.295678679363 -0.147766439630 -0.943789805989 -4.841401065752
       180 178 179 177 181
  46   5   -0.175825949956  0.249832216776 -0.952191734254 -4.968649615541
       186 185 183 182 184
  47   5   -0.124810619128  0.298840144024 -0.946106166174 -4.965611918334
       190 187 188 189 191
  48  16   -0.000384811964 -0.001495603438 -0.999998807544 -4.618470452385
       188 155 156 159 160 164 165 169 171 173 174 177 179 182 183 189
  49   4    0.000000000000  0.000000000000  1.000000000000  1.815144959305
       89 105 107 94
  50   6    0.866608663638  0.497636607085  0.036704650880 -1.756557249066
       149 5 10 32 30 148
  51  10    0.952353036585 -0.240798841427  0.187188706056 -2.084153851461
       113 111 151 148 30 31 8 3 115 118
  52   7    0.479564705575 -0.868115581903  0.128035267110 -2.176068914978
       119 114 115 3 43 42 120
  53  11   -0.286526316262 -0.939717296725  0.186638882136 -2.272191592515
       125 122 124 120 42 44 9 4 128 131 127
  54   6   -0.859888647528 -0.484186386860  0.161725250449 -1.465783549183
       128 4 54 55 6 129
  55   9   -0.953753001390  0.251373089381  0.164823488237 -2.193298717113
       129 6 7 2 138 140 135 132 134
  56   9   -0.473018326311  0.872787334013  0.120399055483 -1.992016343243
       138 2 67 66 1 144 145 141 137
  57   9    0.256349788935  0.948477238653  0.186214160231 -1.897935326482
       144 1 11 12 5 149 154 147 143
  58   9    0.764593084023 -0.193498207603  0.614781147660  0.185056411657
       43 3 8 31 40 86 88 17 45
****   5   -0.760228030330  0.176211395891  0.625302235610  0.255299272618
       empty
****   6    0.759647486988 -0.169801331008  0.627776396100  0.273500127479
       empty
****   5   -0.191153281315 -0.744492876599  0.639680216777  0.160750354441
       empty
****   7    0.240214062730  0.739302866263  0.629069531930  0.437399006670
       empty
  63   3    0.474052604331  0.464782344035  0.747831198200  1.366951064273
       36 14 37
  64   4    0.631296664613  0.236834945155  0.738494231529  1.310777774104
       38 15 16 39
  65   3    0.350156612320 -0.476525980812  0.806420074440  1.339906873316
       48 18 49
  66   4    0.240934420455 -0.541307067486  0.805566424157  1.321947330362
       49 18 20 50
****   5   -0.473209561448 -0.444573584697  0.760543909807  1.213602322419
       empty
  68   6   -0.517447828295 -0.407953673553  0.752211104164  1.195190082164
       59 97 98 99 61 60
****   4   -0.524170179458 -0.398221858344  0.752771528755  1.197288633941
       empty
****   4   -0.611115241119 -0.239622007214  0.754400063448  1.224344695772
       empty
  71   6   -0.616214470803 -0.226999236040  0.754155867715  1.226665614383
       61 99 100 101 63 62
****   3   -0.400269404627  0.396091441292  0.826375201622  1.507180322105
       empty
****   4   -0.153326657312  0.538883942622  0.828308537045  1.540660407662
       empty
  74   8   -0.139745136786  0.544713236429  0.826897083562  1.539949367269
       75 27 29 28 84 83 76 77
  75   9   -0.558563829246 -0.338273609286  0.757348938019  1.216448504941
       110 102 101 100 99 98 97 96 109
  76   5    0.801586997768  0.526544240607  0.283212725159 -0.781586077114
       5 12 34 33 10
  77   3    0.827160727632  0.489181490664  0.276598264375 -0.729484112376
       32 10 33
  78  10    0.221022077211  0.755109092691  0.617219166521  0.362242165624
       34 12 11 1 66 69 13 79 81 35
  79  10   -0.758600889665  0.197099175472  0.621028666994  0.228105160051
       104 71 67 2 7 6 55 64 26 103
  80   8   -0.233937114911 -0.750527825315  0.618046446228  0.049641754881
       23 56 54 4 9 44 52 24
  81   6    0.629423490159 -0.146962275870 -0.763038766713 -5.022724832023
       163 112 111 113 117 166
  82   8   -0.161064028034 -0.615524070891 -0.771484605826 -5.150026671041
       0 121 122 125 126 130 175 172
  83   6   -0.645338497670  0.151019508572 -0.748819959307 -5.024807959962
       136 178 180 133 132 135
  84   6    0.161306233656  0.628534584191 -0.760870932195 -4.919350475887
       143 147 153 150 187 190
  85   4    0.668611499813 -0.066033270369 -0.740674199309 -4.934153549638
       111 112 152 151
  86   3    0.635593534378 -0.243819053621 -0.732511520830 -5.041356425239
       113 118 117
  87   4   -0.083266913320 -0.655525883705 -0.750568076152 -5.156994902004
       123 124 122 121
  88   3   -0.239771912830 -0.616391442796 -0.750047344549 -5.100430343798
       126 125 127
  89   4   -0.281318572185 -0.604774967675 -0.745055098243 -5.070356470004
       130 126 127 131
  90   3   -0.680944451251  0.078813043097 -0.728081835063 -4.968076167293
       133 134 132
  91   5   -0.646250934328  0.216347569907 -0.731815180818 -5.027675550610
       184 136 135 140 186
  92   6    0.081841825521  0.676876934245 -0.731532317456 -4.909984990392
       145 144 143 190 191 146
  93   3    0.249572390460  0.635475494880 -0.730674015774 -4.841996747300
       153 147 154
  94   5    0.102694071231  0.368441779310 -0.923961353625 -5.022248126362
       155 188 187 150 157
  95   6    0.351614055241 -0.077222177652 -0.932954603095 -5.071377248412
       162 152 112 163 164 160
  96   5   -0.093556290923 -0.374156541852 -0.922634327682 -5.159103406534
       0 172 173 171 170
  97   5   -0.367877539299  0.095998756233 -0.924905592415 -5.103219013734
       178 136 184 182 179
