
   118  354 65  

   0   3.358991467598 -0.882277256214 -5.636689482350
   1   3.477359078374 -1.033742403879 -5.756625147736
   2   3.556374156424 -1.033164670666 -5.809347625683
   3   3.552939944405 -1.033518632675 -5.807172655118
   4   0.829683306763 -1.414724809201 -4.232377542655
   5   0.506225999661 -0.831061789508 -3.694655791178
   6   0.668955933615 -1.120155103513 -3.929989756994
   7   0.672106111813 -1.133940944627 -3.941209095874
   8   0.171797606603 -0.237677441933 -3.260442541042
   9   0.488948704036 -0.805896548620 -3.674168276487
  10  -0.941058386291 -3.327903380724 -5.725388716263
  11   0.170324205150 -0.235565689669 -3.258927276724
  12  -1.061172825487 -3.415082744687 -5.807338425861
  13  -1.588024649240 -0.760364460498 -4.224339577011
  14  -1.251393197460 -0.576043588494 -3.888913666879
  15  -1.267529757411 -0.580170393384 -3.901619998261
  16  -0.943298719522 -0.407104926814 -3.650919343235
  17  -0.945419862489 -0.408028374186 -3.652389704349
  18  -3.389610647504  1.048652059993 -5.679213249406
  19  -0.371645848154 -0.089953727266 -3.265686147079
  20  -0.396196508057 -0.101260646771 -3.280597576614
  21  -3.496226323530  1.207301731531 -5.788077523549
  22  -0.858932418309  1.602311348728 -4.226109785175
  23  -0.543852218725  1.046497091932 -3.682027445286
  24  -0.708201191238  1.361500464089 -3.929414640530
  25  -0.708244894135  1.364560457719 -3.931855487229
  26  -0.246529515053  0.515353511159 -3.314132512970
  27  -0.530065906091  1.026431056019 -3.666349136965
  28   0.940670215811  3.473359881727 -5.654719873686
  29   0.360140134627  0.299081541124 -3.268778046666
  30   1.016887848073  3.581469650419 -5.745515218086
  31  -0.245273891782  0.513380928162 -3.312790300703
  32   0.960788385124  3.500365186223 -5.677079393253
  33   0.435854042628  0.343492050822 -3.314419846305
  34   1.028956713449  0.658867464233 -3.678147362521
  35   0.992381107064  0.641193009451 -3.655378931994
  36   1.069412031039  3.248636154653 -5.515998788454
  37   1.722968523769  1.032238600368 -4.176839543079
  38   1.406656874185  0.860270490085 -3.927200972958
  39   1.401635358128  0.858299907271 -3.923782584698
  40   2.368980214704 -0.633759636918 -6.902290298219
  41   2.635360508088 -0.906264853438 -6.689223192366
  42   2.627425939600 -0.904703095253 -6.694332966419
  43  -0.618874458565 -2.602514740321 -6.689577994315
  44  -0.544301839858 -2.554015326190 -6.698951492824
  45   0.850172302086 -1.606052093597 -6.896654715694
  46  -0.944609106590 -2.549226869080 -6.659584625331
  47  -2.689668788352  0.763689339334 -6.677888935995
  48  -0.938098156431 -2.516458616295 -6.681182964831
  49  -2.681337053034  0.760200396992 -6.683720500187
  50  -1.684502261223 -0.675528084510 -6.892536331684
  51  -2.331904658128  0.832448637321 -6.887149286157
  52  -2.624888497020  1.084444381880 -6.657741282604
  53   0.678721656448  2.819677511656 -6.686540874097
  54  -2.597134682542  1.078927004324 -6.676017589695
  55   0.675739945068  2.812745062440 -6.691330848699
  56  -0.815305827488  1.789915763630 -6.893407717516
  57   0.734904150012  2.455976766207 -6.898403354791
  58   2.747801767769 -0.588031347114 -6.681028756274
  59   0.994258572138  2.728460472388 -6.683762959644
  60   2.737414510344 -0.583658661381 -6.688157288235
  61   0.991825795510  2.716808242514 -6.691335709871
  62   1.696603359560  0.937249562475 -6.898215067181
  63   2.367959109643 -0.633408736875 -6.902767436709
  64  -0.681413248792 -2.246613374143 -6.898361058906
  65   0.845425012343 -1.600910074891 -6.900553672942
  66  -0.682067797393 -2.246410636098 -6.898360159442
  67  -1.676863093653 -0.673434480588 -6.897099958161
  68  -2.312371026803  0.826833659452 -6.896336738399
  69  -0.812213590699  1.781821957417 -6.898518110616
  70   1.691540784967  0.933213546764 -6.901952532618
  71   0.733313716991  2.450969368222 -6.900738875481
  72   1.110332933246  3.633608222724 -6.109032671634
  73   3.567863713963 -0.965913738525 -5.804071317464
  74   3.567774324075 -0.966671852162 -5.804041245558
  75   3.564743949867 -0.990702501391 -5.805442193094
  76   3.559135267644 -1.032972190489 -5.811233663944
  77   3.537447788693 -0.995417649081 -6.124968251601
  78   3.534775934196 -1.019469563400 -6.122051816577
  79   3.567938608420 -0.962932178986 -5.807497457109
  80   3.540815775328 -0.976538264024 -6.112064257378
  81  -0.993663642994 -3.447301267671 -5.828558402540
  82  -1.038053470268 -3.469807016250 -5.842055293401
  83  -1.051557825428 -3.476514052271 -5.848245096547
  84  -1.055357304189 -3.478375320161 -5.850370994215
  85  -1.059074283068 -3.480179863539 -5.852694001209
  86  -1.051995956836 -3.461713045040 -6.072455329083
  87  -1.069634860214 -3.471658388705 -6.062867584367
  88   3.555695308617 -1.047878699812 -5.830756633728
  89   3.533872001501 -1.041250281786 -6.101289590704
  90  -1.089452317407 -3.450194498417 -5.849574155239
  91  -3.536349162818  1.129359977415 -5.806194572009
  92  -3.556549541781  1.167635657636 -5.820217132617
  93  -3.564198508859  1.182205706800 -5.827880634008
  94  -3.564422984558  1.182634351157 -5.828137856110
  95  -1.070389016308 -3.485436321282 -5.863295781392
  96  -1.073186504292 -3.473837410885 -6.058304507812
  97  -3.567165424535  1.205348467207 -5.836921308852
  98  -3.558515525517  1.210125845417 -5.834540303980
  99  -3.556865682834  1.191605894715 -6.058724938043
 100  -3.538301733353  1.200565395544 -6.068568224505
 101  -3.574186715635  1.201319954564 -5.840595318602
 102  -3.563769979639  1.188666478672 -6.050522989064
 103   1.101611890767  3.640073773481 -6.106698729282
 104   1.108265871756  3.638022816989 -6.106718005872
 105   1.090044190458  3.644190134023 -6.096656714374
 106  -0.006062868099  0.089390041996 -3.060950712721
 107  -0.025132611026  0.094843299332 -3.060950712721
 108  -0.002150952491  0.101292126937 -3.060950712721
 109  -0.021513087887  0.106185981222 -3.060950712721
 110   1.072902065808  3.649330833380 -5.804423828312
 111   1.118864837785  3.630454137204 -5.799209879253
 112   1.133516753046  3.624875436065 -5.800918313500
 113   1.120113928386  3.629960029389 -5.799213275647
 114   1.147690236662  3.622785029121 -5.827967749279
 115   1.064464062672  3.654640797860 -5.819550082401
 116   1.127125886308  3.642613558510 -5.917740407063
 117   1.082519754678  3.657519935138 -5.896581561526

  

   0   29    57    0
   0   34    28    0
   0   75    20    4
   1    3    29    4
   1    5    21    0
   1    6    13    0
   2   76    57    6
   2    8    29    0
   2    3     1    5
   3    2    29    5
   3    1    13    4
   3    4     1    0
   4    7    14    1
   4    3    13    3
   4   81     1    1
   5    1    29    3
   5    9    22    3
   5    6    21    1
   6    5    22    2
   6    1    21    2
   6    7    13    1
   7    6    22    1
   7   10    14    2
   7    4    13    2
   8    2    57    5
   8   11    30    2
   8    9    29    1
   9    8    30    1
   9    5    29    2
   9   10    22    4
  10    9    30    0
  10    7    22    0
  10   82    14    3
  11  106    58    1
  11    8    57    4
  11   83    30    3
  12   85    31    4
  12   16    23    0
  12   14    15    0
  13   15    16    1
  13   90    15    3
  13   91     2    1
  14   17    24    2
  14   12    23    3
  14   15    15    1
  15   14    24    1
  15   18    16    2
  15   13    15    2
  16   20    32    2
  16   12    31    3
  16   17    23    1
  17   16    32    1
  17   18    24    3
  17   14    23    2
  18   17    32    0
  18   15    24    0
  18   92    16    3
  19  107    59    2
  19   84    58    4
  19   20    31    1
  20   19    59    1
  20   93    32    3
  20   16    31    2
  21   97    33    4
  21   23    25    0
  21   24    17    0
  22   25    18    1
  22   98    17    3
  22   30     3    1
  23   21    33    3
  23   27    26    3
  23   24    25    1
  24   23    26    2
  24   21    25    2
  24   25    17    1
  25   24    26    1
  25   28    18    2
  25   22    17    2
  26   94    59    6
  26   31    34    2
  26   27    33    1
  27   26    34    1
  27   23    33    2
  27   28    26    4
  28   27    34    0
  28   25    26    0
  28   32    18    3
  29   33    60    4
  29  108    57    1
  29    0    28    4
  30   32    60    9
  30   22    18    0
  30  110     3    2
  31  109    60    1
  31   26    59    5
  31   32    34    3
  32   31    60    0
  32   28    34    4
  32   30    18    4
  33   36    60    5
  33   35    35    1
  33   29    28    3
  34   35    28    1
  34   39    27    2
  34    0    20    3
  35   36    35    2
  35   33    28    2
  35   34    27    1
  36  111    60    6
  36   33    35    0
  36   35    27    0
  37  112    19    3
  37   38    12    1
  37   73     0    1
  38   39    20    1
  38   37    19    2
  38   74    12    2
  39  113    27    3
  39   34    20    2
  39   38    19    1
  40   60    61    5
  40   42    37    1
  40   63    36    1
  41   42    61    3
  41   44     8    2
  41   78     5    0
  42   40    61    4
  42   45    37    2
  42   41     8    1
  43   86    62    0
  43   64    38    2
  43   44     5    4
  44   43    38    1
  44   45     8    3
  44   41     5    5
  45   44    38    0
  45   65    37    3
  45   42     8    0
  46   48    62    3
  46   47     9    2
  46   87     6    0
  47   99    63    0
  47   49     9    3
  47   46     6    5
  48   66    62    4
  48   50    39    1
  48   46     9    1
  49   47    63    6
  49   51    40    1
  49   50     9    4
  50   49    40    0
  50   67    39    2
  50   48     9    0
  51   49    63    5
  51   54    41    1
  51   68    40    2
  52   54    63    3
  52   53    10    2
  52  100     7    0
  53  103    64    0
  53   55    10    3
  53   52     7    4
  54   51    63    4
  54   56    41    2
  54   52    10    1
  55   53    64    7
  55   57    42    1
  55   56    10    4
  56   55    42    0
  56   69    41    3
  56   54    10    0
  57   55    64    6
  57   61    43    1
  57   71    42    2
  58   77    61    0
  58   60    11    3
  58   59     4    1
  59   61    64    4
  59   58    11    2
  59   72     4    2
  60   58    61    6
  60   40    36    0
  60   62    11    4
  61   57    64    5
  61   62    43    2
  61   59    11    1
  62   70    43    3
  62   60    36    4
  62   61    11    0
  63   65    44    0
  63   40    37    0
  63   70    36    2
  64   43    62    6
  64   66    44    2
  64   65    38    3
  65   64    44    1
  65   45    38    4
  65   63    37    4
  66   64    62    5
  66   67    44    3
  66   48    39    0
  67   68    44    4
  67   50    40    4
  67   66    39    3
  68   69    44    5
  68   51    41    0
  68   67    40    3
  69   71    44    6
  69   56    42    4
  69   68    41    4
  70   63    44    8
  70   71    43    4
  70   62    36    3
  71   70    44    7
  71   57    43    0
  71   69    42    3
  72   59    64    3
  72  104    46    1
  72   80     4    3
  73   74    47    7
  73   37    12    0
  73   79     0    2
  74   75    47    8
  74   38    20    0
  74   73    12    3
  75    0    57    8
  75   76    47    9
  75   74    20    5
  76   75    57    7
  76   88    47    0
  76    2     1    4
  77   78    61    1
  77   80    47    4
  77   58     4    0
  78   41    61    2
  78   77    47    3
  78   89     5    1
  79   73    47    6
  79   80    46    5
  79  114     0    3
  80   79    47    5
  80   72    46    0
  80   77     4    4
  81   82    48    5
  81    4    14    0
  81   88     1    2
  82   83    48    6
  82   10    30    5
  82   81    14    4
  83   11    58    0
  83   84    48    7
  83   82    30    4
  84   83    58    5
  84   85    48    8
  84   19    31    0
  85   95    48    9
  85   84    31    5
  85   12    15    6
  86   87    62    1
  86   89    48    2
  86   43     5    3
  87   46    62    2
  87   86    48    1
  87   96     6    1
  88   81    48    4
  88   89    47    1
  88   76     1    3
  89   88    48    3
  89   78    47    2
  89   86     5    2
  90   91    49    3
  90   95    15    4
  90   13     2    0
  91   92    49    4
  91   13    16    0
  91   90     2    2
  92   93    49    5
  92   18    32    5
  92   91    16    4
  93   20    59    0
  93   94    49    6
  93   92    32    4
  94   93    59    7
  94  101    49    7
  94   26    33    0
  95   90    49    2
  95   96    48   10
  95   85    15    5
  96   95    49    1
  96   87    48    0
  96  102     6    2
  97   98    50    5
  97  101    33    5
  97   21    17    5
  98  115    50    6
  98   97    17    4
  98   22     3    0
  99  100    63    1
  99  102    50    2
  99   47     6    4
 100   52    63    2
 100   99    50    1
 100  105     7    1
 101   97    50    4
 101  102    49    8
 101   94    33    6
 102  101    50    3
 102   96    49    0
 102   99     6    3
 103  104    64    1
 103  105    51    2
 103   53     7    3
 104   72    64    2
 104  103    51    1
 104  116    46    2
 105  117    51    3
 105  100    50    0
 105  103     7    2
 106  107    58    2
 106   11    57    3
 106  108    45    3
 107  109    59    3
 107   19    58    3
 107  106    45    2
 108   29    60    3
 108  106    57    2
 108  109    45    0
 109  108    60    2
 109   31    59    4
 109  107    45    1
 110   30    60    8
 110  111    52    4
 110  115     3    3
 111  110    60    7
 111  113    52    5
 111   36    27    5
 112  114    52    7
 112  113    19    4
 112   37     0    0
 113  112    52    6
 113  111    27    4
 113   39    19    0
 114  116    52    0
 114   79    46    4
 114  112     0    4
 115  110    52    3
 115  117    50    7
 115   98     3    4
 116  117    52    1
 116  104    51    0
 116  114    46    3
 117  115    52    2
 117  116    51    4
 117  105    50    8

 0   5    0.812672340048  0.430664242786  0.392545510364 -0.205157507093
       112 37 73 79 114
   1   6    0.401451160816 -0.760693084989  0.510081362069  0.749608195615
       3 4 81 88 76 2
   2   3   -0.781891971858 -0.422117452139  0.458761158931  0.375336086951
       90 13 91
   3   5   -0.407080533490  0.766812985714  0.496269366568  0.518961009694
       98 22 30 110 115
   4   5    0.652824054410  0.344614368051 -0.674582605258 -6.098092823880
       77 58 59 72 80
   5   6    0.341902402530 -0.655794852055 -0.673079385484 -5.997738150411
       41 78 89 86 43 44
   6   6   -0.652358721905 -0.347348125956 -0.673630000333 -5.987789158469
       46 87 96 102 99 47
   7   5   -0.349471170247  0.654205829878 -0.670734398491 -6.092348786124
       52 100 105 103 53
   8   4    0.328807740561 -0.630348027330 -0.703240239312 -6.141920115444
       45 42 41 44
   9   5   -0.630456875785 -0.335955800857 -0.699755548492 -6.112044152775
       50 48 46 47 49
  10   5   -0.336478074180  0.628969323016 -0.700842419022 -6.231327180856
       56 54 52 53 55
  11   5    0.624618403290  0.329673577211 -0.707931622941 -6.252180685371
       62 61 59 58 60
  12   4    0.633570820810 -0.044065184544  0.772428815185  2.180174422065
       73 37 38 74
  13   5    0.488380173110 -0.480966117149  0.728118397424  1.996036378351
       1 6 7 4 3
  14   5    0.124764834161 -0.679606288277  0.722889361584  1.994569523103
       81 4 7 10 82
  15   7   -0.440924009238 -0.522619634992  0.729694960376  1.984899708342
       12 14 15 13 90 95 85
  16   5   -0.680180464688 -0.092565891681  0.727176794978  1.921314556365
       91 13 15 18 92
  17   6   -0.487250058556  0.540286300657  0.686059832493  1.615142429091
       21 24 25 22 98 97
  18   5   -0.200817370428  0.709170556788  0.675832453438  1.547341563666
       30 22 25 28 32
  19   5    0.308633431421  0.554354588651  0.772940097970  2.124454873217
       113 39 38 37 112
  20   6    0.590606744538 -0.120990826687  0.797837635841  2.406572540362
       74 38 39 34 0 75
  21   3    0.519307880260 -0.344369866089  0.782130884718  2.340624614703
       1 5 6
  22   5    0.000489377531 -0.631146700838  0.775663330660  2.341039374357
       10 7 6 5 9
  23   4   -0.302495078138 -0.547489665416  0.780225476363  2.340311323697
       12 16 17 14
  24   4   -0.624227426841  0.038309833162  0.780302810621  2.275444442681
       18 15 14 17
  25   3   -0.536136930981  0.330342151843  0.776808376598  2.222948401663
       21 23 24
  26   5    0.018967093226  0.623634235166  0.781486141978  2.235137305076
       28 25 24 23 27
  27   6    0.224340425572  0.561652122332  0.796378218520  2.328305547407
       36 35 34 39 113 111
  28   5    0.574525561322 -0.153169466154  0.804027048069  2.467086410642
       0 34 35 33 29
  29   6    0.533879233958 -0.282340734080  0.797029907486  2.439845018812
       2 8 9 5 1 3
  30   6   -0.059891817966 -0.609188753980  0.790760413883  2.443727739478
       10 9 8 11 83 82
  31   6   -0.224733086411 -0.561908019684  0.796086940784  2.465703255131
       84 19 20 16 12 85
  32   6   -0.597005403278  0.104918469831  0.795346882275  2.383305710603
       18 17 16 20 93 92
  33   7   -0.554892844961  0.240919427813  0.796273671493  2.378000326913
       94 26 27 23 21 97 101
  34   5    0.085187836597  0.597007343057  0.797699984225  2.357014938927
       28 27 26 31 32
  35   3    0.188208045725  0.566787209872  0.802078543691  2.381706904821
       36 33 35
  36   5    0.471074593708  0.203841638012 -0.858217521247 -6.910446260314
       60 40 63 70 62
  37   5    0.263434259081 -0.416551211870 -0.870107739899 -6.893800103940
       63 40 42 45 65
  38   5    0.197516456490 -0.469971249745 -0.860298944454 -6.855906102272
       45 44 43 64 65
  39   4   -0.436325044578 -0.275258176022 -0.856652433608 -6.825443174884
       66 48 50 67
  40   5   -0.462875094525 -0.195632322528 -0.864566157822 -6.870922925428
       50 49 51 68 67
  41   5   -0.277955495192  0.434673801544 -0.856620936554 -6.909685599464
       68 51 54 56 69
  42   5   -0.203048612540  0.466122800485 -0.861104404712 -6.935811014468
       56 55 57 71 69
  43   5    0.424306524549  0.268575174218 -0.864772426144 -6.936988019269
       71 57 61 62 70
  44   9   -0.001400331677 -0.000084453489 -0.999999015969 -6.899498209599
       63 65 64 66 67 68 69 71 70
  45   4    0.000000000000  0.000000000000  1.000000000000  3.060950712721
       108 109 107 106
  46   6    0.880211487381  0.464115275732 -0.099119868419 -3.269267399430
       80 72 104 116 114 79
  47  10    0.989327468118 -0.119934770049 -0.082745463684 -4.125892789260
       76 88 89 78 77 80 79 73 74 75
  48  11    0.465670498136 -0.882975933478 -0.059198716743 -2.926207389082
       96 87 86 89 88 81 82 83 84 85 95
  49   9   -0.881951739812 -0.471089117735 -0.015367881873 -2.676089013677
       102 96 95 90 91 92 93 94 101
  50   9   -0.465893584176  0.881548949704 -0.076253639248 -3.169579652082
       105 100 99 102 101 97 98 115 117
  51   5    0.294009616600  0.954358090494 -0.052525997909 -4.118578790045
       116 104 103 105 117
  52   8    0.365457297358  0.923039767930  0.120160520251 -3.063114787878
       114 116 117 115 110 111 113 112
  57   9    0.563064460598 -0.185065109384  0.805424930394  2.485322778188
       0 29 108 106 11 8 2 76 75
  58   6   -0.164978990710 -0.576922515721  0.799963963862  2.499221147385
       83 11 106 107 19 84
  59   8   -0.570326710140  0.181994941268  0.801002674811  2.420234908297
       93 20 19 107 109 31 26 94
  60  10    0.145868948071  0.577118597738  0.803527456988  2.401414129075
       32 31 109 108 29 33 36 111 110 30
  61   7    0.512177705378 -0.159234925104 -0.843989476676 -7.139715895435
       58 77 78 41 42 40 60
  62   7   -0.162322885064 -0.520346931819 -0.838385562573 -7.063113657887
       43 86 87 46 48 66 64
  63   7   -0.520989703587  0.157909608043 -0.838829115162 -7.123491296365
       47 99 100 52 54 51 49
  64   8    0.156320498037  0.515076426843 -0.842769349469 -7.193659227577
       53 103 104 72 59 61 57 55
