
   536  1608 270 

   0   3.441487666452 -1.153673380021 -1.854628869664
   1   2.089550290278 -3.133026521316 -2.893754806997
   2   2.103066251994 -3.135619855994 -2.910674285844
   3  -0.181563682844 -3.808023199480 -1.702071657394
   4  -3.087375382824 -2.359244283582 -2.945649422591
   5  -1.568379654520  1.639238040815 -0.590397013727
   6  -0.161692046458  3.452299259191 -1.663865299585
   7  -0.082050986956  3.543576075592 -1.719460451840
   8  -1.011375967820  2.335497553879 -0.987104923913
   9   0.272144801914  3.801086022818 -1.880470164080
  10   0.258619468638  3.790807522331 -1.873515100527
  11  -0.487266219899  0.443378281135  0.104949112509
  12   0.555672085403  3.392647071492 -1.685309423438
  13   0.476363322785  3.560898780491 -1.770515304917
  14   0.286938519183  3.782844445178 -1.871165871689
  15   1.145393712564  1.969852442112 -0.953567516943
  16   0.174077319925  0.159867267809  0.215762841303
  17   1.537045368450  1.152121133962 -0.598404951251
  18   1.521124299815  1.162492043383 -0.589320979069
  19   3.595319020105 -0.416508572057 -1.815467267369
  20   3.629227536999 -0.447540136043 -1.835944084824
  21   2.193219487843  0.635148037297 -0.970444235240
  22   3.854368134958 -0.762572913944 -1.974196710725
  23   0.166485335817  0.132234627905  0.232207222838
  24   0.199065108549  0.154057103354  0.214050086136
  25   3.818123266016 -0.713197038625 -1.950689734123
  26   0.506269491523  0.152917874257  0.033550219073
  27   3.847548789782 -0.767671705263 -1.970420046732
  28  -0.146894850715 -0.125698583629  0.404701635531
  29   3.456118787099 -1.079634904287 -1.779184802677
  30   3.804499943246 -0.801090384774 -1.948209173534
  31   1.244347964282 -1.977411916499 -0.623617409754
  32   2.011599021942 -1.653801539034 -1.009620797184
  33   0.407519826019 -0.669411380489  0.036879523115
  34   1.233031269015 -1.980811156698 -0.617725889601
  35   0.137137200192 -0.592209555228  0.200483745686
  36  -0.183008916559 -3.807744956793 -1.700394323963
  37   0.606502106210 -2.748097922805 -1.043462990335
  38  -0.636968025079 -4.107011916960 -1.896651534197
  39   0.101893355261 -0.551819199963  0.224355152051
  40  -0.620566425740 -4.095707734913 -1.888641317501
  41   0.103636592669 -0.586983464197  0.204191946098
  42  -0.914553610830 -3.770258512775 -1.738855945082
  43  -0.879733346479 -3.840391264596 -1.774546613092
  44  -0.668601647855 -4.071074217478 -1.878734716177
  45  -1.532129540332 -2.305926757102 -0.978691367314
  46  -0.584758817092 -0.476609123221  0.205944485243
  47  -1.916121537961 -1.495906559153 -0.610271796421
  48  -1.915333658912 -1.496405884419 -0.609821425840
  49  -3.929041870391  0.029071624758 -1.792048648711
  50  -3.935007671315  0.034505602304 -1.795647774208
  51  -4.143697948189  0.357142121212 -1.921703362778
  52  -2.786845468597 -0.816834800173 -1.103195901478
  53  -0.575009299981 -0.443579651637  0.225909640885
  54  -0.604795425450 -0.462699764252  0.209677952280
  55  -4.122455501555  0.375272746587 -1.908931551944
  56  -0.686405974494 -0.455731456843  0.161338261323
  57  -3.634475371921  0.751356928891 -1.664060142485
  58  -3.814702341244  0.666650038986 -1.760269362492
  59  -4.114021130980  0.382963399338 -1.904483620740
  60  -1.569489110164  1.637441576453 -0.589371193577
  61  -0.491561436053  0.224660548801  0.230738940003
  62  -0.485932851389  0.216114699657  0.235199820860
  63  -2.401957301518  1.260335306016 -0.998460051711
  64  -0.563875669892  0.239375036874  0.187950848883
  65   4.274163215493 -0.853985194529 -3.489119117336
  66   2.840155022962 -1.375820739654 -4.232066528578
  67   2.820099142473 -1.378484306759 -4.242737844413
  68   2.828433449732 -1.378383160052 -4.238242459231
  69   0.261801258676 -3.371715370248 -4.216247936264
  70   0.241595443756 -3.404967973297 -4.197956861578
  71  -1.293156203842 -3.129787855741 -4.239596426721
  72  -1.295246631955 -3.138006466884 -4.233880292683
  73  -3.033074149016 -2.421090874586 -3.546901496752
  74  -3.408113521675 -0.534518139052 -4.213859165513
  75  -3.413702256427 -0.534811876603 -4.209574649237
  76  -3.162127014730  1.045775073210 -4.241619165579
  77  -3.163522006684  1.046469840259 -4.240451380264
  78  -2.501603467961  2.777537120298 -3.534500244015
  79  -0.645693523180  3.064551121299 -4.195620635174
  80  -0.633777661343  3.042966752301 -4.213429734447
  81  -0.642107584122  3.062532618624 -4.198387844846
  82   0.333219786573  4.292854659921 -3.481712588789
  83   0.943687488773  2.807542021289 -4.220765147261
  84   0.945242888442  2.811686348071 -4.217423314072
  85   3.042044774637  0.136854109047 -4.214582139643
  86   2.664336090053  2.081944180641 -3.540581254604
  87   3.060214689331  0.128830607852 -4.204282595840
  88   3.049146619348  0.134601293891 -4.210609947736
  89   4.266201753504 -0.831019781637 -2.700619168485
  90   4.274496756489 -0.854026898651 -3.488888151191
  91   0.333951699185  4.301783646560 -3.475541162228
  92  -2.814804238442 -2.713019316891 -2.977662743169
  93   2.657332502717  2.093366048856 -2.956154443932
  94   2.673975258871  2.091027347971 -3.529301560682
  95   2.118679658376 -3.159767962475 -2.961665859288
  96   2.148401489806 -3.135666380741 -3.521693500959
  97   2.103448662555 -3.169973422170 -3.521642874269
  98  -4.081503284964 -0.916604972346 -2.995119629012
  99  -4.077283022965 -0.917628339069 -3.526637700781
 100  -4.442277902566 -0.240206619719 -3.485928662873
 101   0.967582934136  3.946894584528 -3.460573762081
 102  -0.685525167470 -4.647089514644 -2.867803688361
 103   0.625750327351 -4.157527716958 -3.001989945189
 104   0.622649383513 -4.158912324902 -3.532096694937
 105  -3.796853448390  1.628131675794 -2.948414942363
 106  -4.499124491045  0.801693588804 -3.082989109301
 107  -4.500280015228  0.798884452466 -3.450377372069
 108   1.461093060124  3.478053252209 -2.949948582114
 109  -1.889005851923 -3.749124778651 -2.973464321104
 110  -1.877809570803 -3.754104766687 -3.542434722226
 111   0.056924001952 -4.458262838231 -3.482301924226
 112  -4.594836762764  0.612766412463 -3.004669417610
 113  -4.594527136271  0.612230445106 -3.455614102599
 114   3.936763041878 -1.465246361537 -3.489709330204
 115   4.022183703491 -1.360470231282 -3.024927854784
 116   4.014394108592 -1.368409550889 -3.473950435899
 117  -1.175327454946 -4.390642016726 -3.093701389615
 118  -1.160538733994 -4.400144720851 -3.480284264099
 119  -4.588972013883  0.134291397597 -3.050366242209
 120  -4.599053112355  0.164426434178 -3.442585397701
 121   0.614076216537  4.180672334312 -2.939239405865
 122   0.631698175289  4.184429625256 -3.435947759705
 123   0.486634909881  4.246432819977 -2.874104867754
 124   0.488708660671  4.260300866167 -3.442103275742
 125  -0.657253804967 -4.655869660311 -3.455610210545
 126  -0.661440748422 -4.654084652364 -2.900166353300
 127  -0.662393763988 -4.656150665982 -3.455096668205
 128   3.895757130896  0.235792479134 -2.984561377902
 129   3.911817863955  0.230282525752 -3.515728176699
 130  -2.644881835876  2.687197900464 -2.983940191637
 131  -4.560658181374  0.042063698841 -3.078977322657
 132  -4.567591674678  0.062127389823 -3.447356631348
 133  -4.497467842437 -0.125037541667 -3.106290852648
 134  -4.508990814702 -0.092883132840 -3.462857461233
 135  -0.370249160648 -4.613414036444 -3.057219120052
 136  -0.367827510092 -4.614550495209 -3.439014391182
 137  -0.884079396885 -4.573174433019 -3.009780704989
 138  -0.886987845280 -4.571539178553 -3.447532244347
 139  -0.961336273245 -4.532261434031 -3.044634347103
 140  -0.955422691788 -4.535303914184 -3.451566297361
 141  -4.398887044684  0.944279023507 -3.094980570218
 142  -4.397543524651  0.945016311147 -3.465319398850
 143   1.007118575238  3.901122179730 -3.018117486990
 144   0.994894762204  3.925029650194 -3.461074829446
 145   3.904784882638 -1.506957397854 -3.037644563079
 146   3.915563877588 -1.491706222463 -3.489966483579
 147  -1.580676754196  3.454331570188 -3.028860839358
 148  -1.578176300530  3.456910791646 -3.496707585558
 149   4.240220996718 -0.984777524142 -2.864095041999
 150   4.245645116667 -0.969962246439 -3.466232731727
 151  -0.045886124709  4.260746835399 -2.987784872420
 152  -0.044021043745  4.263276052984 -3.444857277039
 153   0.064922595183  4.287131996599 -2.939988501676
 154   0.073290362525  4.291431471974 -3.442978031130
 155  -3.087938288164 -2.372512874964 -2.960107646389
 156  -3.036340159223 -2.431717994324 -3.539162615796
 157  -3.056618169548 -2.412529410329 -2.963127962821
 158  -3.013878875756 -2.460460106146 -3.537554652411
 159  -3.244233394225 -2.172234877676 -2.995065960652
 160  -3.264328574620 -2.140436952829 -3.516222933533
 161   2.563010881638  2.211473360171 -2.960617535843
 162   2.604960962916  2.159912816720 -2.959628471760
 163   2.597532551110  2.187783686482 -3.522866387090
 164   2.350432249872  2.473160630841 -2.977899964587
 165   2.306627026307  2.544507386254 -3.504902244763
 166  -4.637403766291  0.442009969641 -2.859948414770
 167  -4.638543199162  0.461063889706 -2.886006592034
 168  -4.642954086510  0.441890975071 -3.461001963723
 169  -4.634827486905  0.376263579091 -2.916662091887
 170  -4.640042673578  0.381910928624 -3.452041683134
 171   0.754386763113  4.096230443111 -2.991807978599
 172   0.747345574626  4.113597763737 -3.437208839178
 173   0.821395062721  4.049554778720 -3.006819690343
 174   0.839078801852  4.049303462038 -3.443553070972
 175  -2.518858029750 -3.068774764774 -3.004558759384
 176  -2.505336744493 -3.079552483156 -3.518192933715
 177   3.072865610126 -2.351392581745 -3.018573338011
 178   4.266116431308 -0.719521215685 -2.804424471075
 179  -1.788630308449 -3.849136203328 -3.006791710062
 180  -1.807304025647 -3.824666959687 -3.537249808023
 181  -3.903348854664  1.514784202713 -2.983997175228
 182  -3.909974709241  1.508626268835 -3.529047814726
 183   0.437143436165  4.264161331566 -2.836394104397
 184   0.439433770959  4.279099893368 -3.449065723313
 185   2.807628337301  1.903290943813 -2.973687026888
 186   2.862220189186  1.851645325196 -3.511151797017
 187   2.938677051380  1.749616719089 -3.506109176076
 188  -4.635514277506  0.476324157980 -3.473041674858
 189  -4.638005306787  0.465767576291 -2.891061002871
 190  -4.642398254491  0.446628160946 -3.462304355168
 191   1.277625802089 -3.752809871649 -3.030388953906
 192   1.274399132337 -3.754080439817 -3.507320675719
 193   1.543187637922 -3.572356649095 -3.018797730748
 194   1.545653867639 -3.569735526019 -3.507520309829
 195  -0.539848688356 -4.642682975510 -2.976183802477
 196  -0.533394501981 -4.643470073077 -3.444772042362
 197  -0.629484950070 -4.652407462114 -2.922611906231
 198  -0.633584773782 -4.654556848033 -3.452791781455
 199  -4.514913677556  0.775943206052 -3.076931073172
 200  -4.514017115842  0.776469960979 -3.449414903534
 201  -4.556697353003  0.697120156392 -3.047369842916
 202  -4.557219654918  0.694871515920 -3.450388016128
 203   3.572495665214  0.809139532706 -3.510222323770
 204  -0.448474285371  4.099955321702 -3.497956089194
 205  -0.429241479817  4.107562377473 -3.040974189682
 206  -0.450087451568  4.099226874528 -3.497924387160
 207  -0.278054657583  4.175809868937 -3.034194592455
 208  -0.272151221990  4.179499850156 -3.468935654081
 209   4.266565599162 -0.827105040329 -2.704967711110
 210   4.280785723472 -0.771356287418 -3.471934235201
 211   4.269503600437 -0.754682702593 -2.778136924119
 212   4.281344995937 -0.744438690189 -3.467472806556
 213  -1.756126355943  3.335088458262 -3.024774384814
 214  -1.737391851091  3.348708785581 -3.497117184056
 215  -2.075660636750  3.111433913335 -3.007950408336
 216  -2.099838698460  3.095045003758 -3.503071182415
 217  -2.506097092532  2.795004754260 -2.970302079201
 218  -2.513390638188  2.789100980431 -3.521151624368
 219  -2.469067712965  2.823726175811 -2.973677770119
 220  -2.468701603288  2.823766713372 -3.518100839419
 221  -2.642004527550  2.689578090691 -2.983833648631
 222  -2.658732704413  2.676365907124 -3.512676970313
 223   4.229220399069 -0.512785938329 -2.926400868120
 224   4.232529738269 -0.480359791558 -3.462330720641
 225   3.158874931160  1.418977618962 -2.976787525404
 226   3.174867072854  1.395474777536 -2.977646478276
 227   0.457370754724 -4.252880657380 -3.045518053256
 228   0.438003024662 -4.263462871954 -3.510833613475
 229   0.599967896741 -4.173042383129 -3.010364581751
 230   0.595752992097 -4.175108731653 -3.528291573618
 231  -0.770085212805 -4.620823443566 -2.937014362110
 232  -0.821411631995 -4.601496816769 -2.973347230186
 233  -0.804652553988 -4.608715601658 -3.446698159603
 234   4.225181394538 -0.496966097562 -2.933402143462
 235   4.229347473911 -0.468320436781 -3.462776889508
 236   4.196684830938 -0.401608036485 -2.967639995568
 237   4.210186021961 -0.405702263722 -3.466954145774
 238  -0.600946887052  4.025105984655 -3.039710601901
 239  -0.583333998674  4.035243559239 -3.498133205709
 240  -0.768353237545  3.938116917847 -3.026524451062
 241  -0.784711604124  3.930649568820 -3.504301468384
 242   1.905050313517  3.016244173218 -3.491862095161
 243   2.059454358555  2.819709908288 -2.988565506088
 244   2.201224221580  2.669744817528 -3.500673135397
 245  -4.077162290247 -0.923935529762 -2.995959923815
 246  -4.067457071064 -0.934255200264 -3.525586969645
 247  -3.919342505378 -1.181253816110 -3.017095433295
 248  -3.928256371845 -1.161521984068 -3.514847400998
 249  -0.106042806068  4.241796304046 -3.005349883392
 250  -0.125591064299  4.237502886986 -3.450524008650
 251  -0.235109429625  4.193187853053 -3.028630299223
 252  -0.172839161551  4.219686246920 -3.455838620890
 253  -2.107596980410 -3.525844325753 -2.999021360546
 254  -2.149274823267 -3.476375583725 -3.524366880011
 255  -1.970047201606 -3.667959614663 -2.984796906948
 256  -1.946309095491 -3.685664700948 -3.536992510680
 257  -3.392575810396 -1.971201784396 -3.017031853619
 258  -3.348056102281 -2.027125189284 -3.510973071753
 259  -4.176351433033 -0.755721224748 -3.038968965340
 260  -4.180091682074 -0.743994770505 -3.508692326494
 261  -4.267209203707 -0.593117669063 -3.072965263323
 262  -4.251197171846 -0.617132711181 -3.498835050288
 263  -1.028785110139  3.795068461432 -2.992020862357
 264  -1.145546776395  3.727346048661 -3.006130853276
 265   3.477135562160 -1.966757110692 -2.986238668783
 266   3.534369253000 -1.906194277629 -3.525240509175
 267   3.583734469306 -1.858375768563 -3.007303513756
 268   3.562051998300 -1.878089241860 -3.521681153417
 269   3.458469050503 -1.985705296469 -2.989323215742
 270   3.454276636128 -1.987584687835 -3.518630086003
 271   2.172113284808 -3.118965483874 -2.970834166736
 272   2.174105312019 -3.116054681897 -3.519783529930
 273   2.344408963407 -2.980880715809 -2.991667100862
 274   2.337076441042 -2.985509995835 -3.511513754826
 275  -3.643665220076 -1.607724299810 -3.030442131875
 276  -3.660847096940 -1.576819433620 -3.504876101735
 277  -3.789370244336 -1.385943047894 -3.027099836882
 278  -3.776637431165 -1.400519963233 -3.507427478067
 279   1.064024061941 -3.890733177894 -3.028975131373
 280   1.062449323708 -3.890926834439 -3.511934286889
 281   0.794537040118 -4.055898882566 -3.014044952198
 282   0.761873206331 -4.075099188909 -3.525037334425
 283   4.254777428430 -0.640331749214 -2.856508391559
 284   4.274156700979 -0.680111645463 -3.462875065697
 285   4.269253167673 -0.688242303460 -3.154607586301
 286   4.245834577298 -0.585050321349 -2.890896649468
 287   4.257224144149 -0.583392868843 -3.460318842329
 288   3.763592368163  0.467763460462 -2.947262865336
 289   3.781997545771  0.461055543401 -3.529633345992
 290   3.801219306044  0.403510952397 -2.959549817622
 291   3.807653051858  0.416747893698 -3.526405191502
 292   3.718785120718  0.545298821615 -2.956449596606
 293   3.703297215234  0.596145242002 -3.520241273098
 294  -4.431155820471 -0.271869789536 -3.108043143523
 295  -4.423947673175 -0.280811748770 -3.485489472176
 296  -4.373961120780 -0.391066160185 -3.102528057204
 297  -4.371068839294 -0.390909350259 -3.486877715192
 298   1.267727315333  3.665348608339 -2.990262221734
 299   1.267359202973  3.680402969609 -3.483477104613
 300   1.084553821486  3.832684756446 -3.012413994803
 301   1.087776904853  3.843336332411 -3.467595894721
 302   4.040731880030 -0.036899883825 -3.008468886880
 303   4.063084981493 -0.055870332156 -3.505906866203
 304  -3.772901525770  1.654189336802 -3.544303023686
 305  -3.640018058286  1.791399027647 -2.977228545433
 306  -3.645103245294  1.786068807723 -3.531727915432
 307  -3.753980976092  1.673801347699 -2.957596996695
 308  -3.785859119373  1.640818381651 -3.542666064226
 309  -3.567647987665  1.862636385409 -2.985371301150
 310  -3.506094964607  1.922916162280 -3.522085482984
 311  -3.339009150486  2.084227942887 -3.006737886822
 312  -3.350980056037  2.073222044273 -3.512791915629
 313   1.437140147518  3.519146936672 -3.503230004619
 314   1.366829638333  3.571784234758 -2.973459294045
 315   1.383760001713  3.571467467752 -3.495955248803
 316   1.456950178110  3.482375011771 -2.951303476155
 317   1.493035784807  3.463992503817 -3.499076239839
 318   1.724913488351  3.220513584915 -3.490182067236
 319   1.606516519816  3.346703095198 -3.493661705710
 320  -1.036915365306  3.792069477465 -3.517651186098
 321  -1.101123957569  3.755435296204 -3.513030806565
 322  -0.965072875246  3.831908125948 -3.003803554362
 323  -0.954733447070  3.838932763525 -3.512036253717
 324  -0.987197415182  3.819280099308 -3.000010579169
 325  -1.097418929406  3.756950205614 -3.243206894225
 326   4.196236728801 -1.093595315644 -2.940273413473
 327   4.199982558675 -1.080957270111 -3.456230610279
 328   4.213254655367 -1.056101467765 -2.916901609790
 329   4.222870533567 -1.030238590898 -3.459490596907
 330   4.077211915777 -1.284824613741 -3.009721404554
 331   4.053643415810 -1.314425778121 -3.467774813099
 332   4.119845955560 -1.223292068908 -2.994067295077
 333   4.120906021333 -1.217192316814 -3.458874840758
 334   4.262076350555 -0.896530037407 -2.780990183278
 335   4.272147530206 -0.882472039304 -3.480265363822
 336   4.257353510228 -0.928864882607 -2.816512450457
 337   4.271671675524 -0.885423741523 -3.479520950736
 338   3.067285640464  1.569497893256 -3.501747440884
 339   2.976462073684  1.678790958760 -2.983011548579
 340   2.976234911948  1.680159664553 -3.010215465522
 341   3.158316973679  1.419800152195 -2.976832843711
 342   3.106467642192  1.513713423303 -3.500859610072
 343   2.038639372146 -3.220818838958 -2.975064091279
 344   2.025174171272 -3.229721775229 -3.517241192798
 345   1.895162941148 -3.325034182579 -2.991318390249
 346   1.899415307809 -3.321097447660 -3.513230883606
 347  -4.628715286972  0.312596443782 -2.964120973314
 348  -4.633973792708  0.323213293301 -3.445709826894
 349  -4.622368981081  0.275339952291 -2.986180249348
 350  -4.625374308614  0.274047537719 -3.443067383999
 351  -1.237229141572  3.672170491428 -3.014317996200
 352  -1.229550199811  3.678099262125 -3.506566090258
 353  -1.413756409016  3.562101757382 -3.024537626985
 354  -1.408286470085  3.566614471793 -3.500202327328
 355  -3.074631678461  2.324116438554 -3.010910980840
 356  -3.078555908513  2.321344749847 -3.506164909243
 357  -3.231348817252  2.183748604960 -3.010740367361
 358  -3.207409035614  2.205937175872 -3.508106261206
 359   0.238425695742  4.296818015116 -2.807839644356
 360   0.299363220005  4.304896473812 -3.468063043644
 361   0.161896266494  4.302346488804 -2.883887665438
 362   0.219790831679  4.309014793891 -3.453000559809
 363  -0.666157124942 -4.655157719524 -3.455371539100
 364  -0.661841132988 -4.654009669241 -2.899705596844
 365  -0.663070500136 -4.656027150903 -3.455116210731
 366  -0.682763744853 -4.647989662279 -2.871697747605
 367   3.702574470737 -1.731720537320 -3.023070500407
 368   3.720139380425 -1.709851290707 -3.505224160353
 369   3.835213459156 -1.585890036158 -3.034751237405
 370   3.817330029146 -1.603085127792 -3.496774012838
 371  -1.352600593856 -4.244529830243 -3.525369653749
 372  -1.400154510508 -4.208836695808 -3.089863266468
 373  -1.394127479878 -4.210187240211 -3.524003769487
 374  -1.334483296884 -4.263138443181 -3.092992670604
 375  -1.297493771628 -4.290232003443 -3.511774417849
 376   3.364835404297  1.111386563387 -2.982986676895
 377   3.517642321569  0.874558422151 -2.979034028862
 378   3.517847981383  0.874645159429 -2.988345367772
 379  -2.264687325900 -3.358459397457 -3.009422325386
 380  -2.260419716497 -3.358065933067 -3.519446441428
 381  -2.353108129897 -3.259732899334 -3.010087275911
 382  -2.363852286035 -3.242602978083 -3.517755090939
 383   0.137310343447  4.300138082681 -2.901098956324
 384   0.152620600236  4.305930349471 -3.444902599989
 385   0.159033789425  4.302426266216 -2.886501996016
 386   0.184700946702  4.309490150058 -3.447301774924
 387   0.196598372787 -4.390987382144 -3.095037157126
 388   0.172055386145 -4.404258384785 -3.487373286412
 389   0.108695102174 -4.433230611030 -3.103667429684
 390   0.100892755042 -4.438416168652 -3.483669495012
 391   0.404077587799  4.290145538970 -3.455671503934
 392  -4.631512162608  0.493429757265 -3.474075933624
 393  -4.599893374442  0.597240617642 -2.993506892929
 394  -4.603002376429  0.586133709734 -3.459438839339
 395  -4.630712089691  0.497223643459 -2.918643515502
 396  -4.631662836512  0.492940090181 -3.474026546117
 397  -3.575035461609 -1.708733203071 -3.028477706648
 398  -3.505169321807 -1.805885714071 -3.505433804973
 399  -3.427075876894 -1.922878452449 -3.020533100287
 400  -3.474649233695 -1.850040593557 -3.505920052704
 401  -2.800186919008 -2.731173373895 -2.979661427160
 402  -2.796891883765 -2.730319591081 -3.526222766652
 403  -2.635492405683 -2.930112604631 -2.995734321361
 404  -2.676298812100 -2.876127436972 -3.522170183140
 405   2.890968164156 -2.514313276439 -3.019537417403
 406   2.773941965189 -2.617491241039 -3.017962036962
 407   2.753912836762 -2.633463314308 -3.501602995966
 408   2.992975757757 -2.422701689153 -3.501404850160
 409   2.994308325519 -2.421638793965 -3.469299025706
 410   4.093646374519 -0.122122532903 -3.507043386724
 411   4.122440981473 -0.213569712496 -3.000517180027
 412   4.156583996149 -0.262799645794 -3.483510376142
 413   4.076501919051 -0.111438950544 -3.007600824921
 414   4.073455841297 -0.077464428150 -3.505964056155
 415   4.133704022889 -0.239178745704 -2.998249626001
 416   4.168941063156 -0.327160926507 -2.983823523998
 417   4.150346503081 -0.256504288176 -3.345885748683
 418   4.155870542747 -0.263148500510 -3.448203898003
 419   1.824688741558  3.090673336117 -2.987537329017
 420   2.034547537358  2.848883519627 -2.988932043054
 421   1.908245488120  3.010542408650 -3.429208812486
 422   3.305944563141 -2.133446983794 -3.005038412547
 423   3.277204628538 -2.159218459491 -3.509161116634
 424   3.133520247253 -2.295337880036 -3.015937454331
 425   3.228898869969 -2.204584645429 -3.507479802275
 426  -1.142518540242 -4.414491739652 -3.089763410355
 427  -1.139947126814 -4.415117485660 -3.476522038153
 428  -1.068556674019 -4.466509085618 -3.077953910703
 429  -1.061593623959 -4.470225413697 -3.463374271269
 430  -1.571563842790 -4.053166600431 -3.058313717584
 431  -1.553104966457 -4.065501614819 -3.526864994543
 432  -1.737201384599 -3.898032107100 -3.019930777831
 433  -1.672742031021 -3.953109024134 -3.531167982703
 434  -2.405345131532  2.871532878091 -2.977367250141
 435  -2.408314998593  2.869339070601 -2.977240178924
 436  -2.310678441569  2.942417346759 -3.509998877785
 437  -2.228273551701  3.002354818001 -2.996646732429
 438  -2.228521908472  3.003092740531 -3.506477862552
 439  -0.237426605262 -4.580470990042 -3.101941591484
 440  -0.229787197212 -4.579196699433 -3.442164530915
 441  -0.255939953623 -4.586153175906 -3.097747293087
 442  -0.262717519728 -4.589321231967 -3.440217401323
 443   2.520791120478 -2.834922784244 -3.006835521211
 444   2.523378140133 -2.831405615176 -3.505077323839
 445   2.686901006887 -2.693029639536 -3.015179546718
 446   2.676663231735 -2.700494985510 -3.502331510629
 447   4.170090330149 -1.142711286538 -2.964941010004
 448   4.172383479680 -1.133090540051 -3.455518321230
 449   4.149960746084 -1.175992519974 -2.977931217320
 450   4.136923447212 -1.191966047449 -3.457494362436
 451   3.453811683655  0.995920739002 -3.504274883374
 452   3.319928892994  1.199618185695 -3.500962355749
 453   3.317855643597  1.201243606653 -3.458572403594
 454   3.373569395141  1.106042143170 -3.170986833765
 455   3.449927879703  0.999611675901 -3.442756004986
 456  -0.750569088693 -4.629155679614 -3.448642412984
 457  -0.766926776823 -4.622089525746 -2.975803495977
 458  -0.700005723396 -4.645597631845 -3.452130599106
 459  -0.703938913993 -4.643189929070 -3.147096698146
 460   0.321333159750  4.286954426645 -2.718433279553
 461   0.315323527521  4.287816433921 -2.725180421597
 462   0.358246965958  4.299321097635 -3.467623011774
 463   0.374288199072  4.282089037814 -2.781206461034
 464   0.375464240346  4.297164014702 -3.462283141274
 465   0.374348521783  4.282161747061 -2.784780972738
 466  -2.951334197800  2.431103170988 -3.006712511739
 467  -2.990432346179  2.397814706211 -3.506340240279
 468  -2.854446803683  2.513851785446 -3.001752395370
 469  -2.836025814185  2.529690677231 -3.507938604220
 470  -4.270628068397  1.104941007074 -3.082725087211
 471  -4.262760796041  1.114441844522 -3.492949998135
 472  -4.371518551249  0.979001166665 -3.092922081646
 473  -4.336770451341  1.022074683066 -3.477538436822
 474  -0.160325892937 -4.550672599801 -3.107937031259
 475  -0.160784790030 -4.552540855602 -3.450092309281
 476  -0.073349481271 -4.515462112441 -3.111717023861
 477  -0.077416867457 -4.518825717156 -3.460738325804
 478  -4.225231123077  1.157636838552 -3.502077396383
 479  -4.214114809760  1.170053427619 -3.070130930737
 480  -4.228722172374  1.153676632959 -3.501207524785
 481  -4.119377987911  1.277500893109 -3.046858729327
 482  -4.098091547800  1.301852629184 -3.511619617979
 483   1.740781886865  3.185770178177 -2.985221169059
 484   1.642707152281  3.291556944130 -2.976528101066
 485   1.722188157546  3.219867778407 -3.377481647870
 486   1.644849921233  3.292345818230 -3.063685071434
 487  -0.634358213737  3.037042443553 -4.216601134628
 488   0.050667562509  2.010016415999 -4.621501648267
 489  -0.637804271001  3.025100843878 -4.221979216901
 490   0.049378676704  2.010191601665 -4.621501414296
 491   3.030896176489  0.137960609146 -4.220670670319
 492   0.945287862605  2.785129749151 -4.232481329799
 493   0.972456346726  2.763334808991 -4.227614364253
 494   1.481483302529  1.051429999333 -4.620618577089
 495   1.487492058973  1.043736497937 -4.620609382892
 496   0.943230648379  2.779836694165 -4.235428900597
 497   0.942172673051  2.772694886498 -4.238586419456
 498   2.092041038811 -0.471859897134 -4.618575286968
 499   2.090499011813 -0.486895632468 -4.618552206053
 500   3.021566694151  0.136599865469 -4.225627325800
 501   3.013916550728  0.137016940656 -4.229122395011
 502   2.819011754074 -1.378275412260 -4.243337806267
 503   0.259797649882 -3.369867022523 -4.218200386160
 504   0.259569763238 -3.369814520859 -4.218307012288
 505   1.170940318685 -1.839467890898 -4.616175434312
 506   1.148274949217 -1.856709008294 -4.616140926491
 507   2.803669907199 -1.371540742465 -4.252031849433
 508   2.795644452309 -1.369740174944 -4.255763974722
 509  -1.293092250607 -3.122054084756 -4.243800258289
 510  -0.472658644388 -2.407553137915 -4.614693325751
 511  -0.486203750361 -2.405858692120 -4.614690647648
 512   0.256759977713 -3.352431369355 -4.227548524358
 513   0.257292920162 -3.341325067872 -4.232617765539
 514  -1.500719119022 -2.933274045715 -4.217253270062
 515  -3.386675674862 -0.561160208476 -4.216390321076
 516  -3.397809306982 -0.538008043093 -4.219740169694
 517  -1.835830758584 -1.425011280952 -4.615638254918
 518  -1.841581323719 -1.417747584496 -4.615646905651
 519  -1.293180927130 -3.121467737075 -4.244061231636
 520  -1.290973163907 -3.111193723891 -4.248848253668
 521  -2.424347434388  0.126682511326 -4.617732507727
 522  -2.421410641045  0.151102987388 -4.617770161233
 523  -3.390539403597 -0.536567224331 -4.223625124021
 524  -3.384526433392 -0.536829603678 -4.226305145720
 525  -3.159806099379  1.045710129426 -4.242894976391
 526  -3.140369668533  1.068949861955 -4.239036422690
 527  -1.535524523484  1.478612082211 -4.620096490750
 528  -0.647131955065  3.012848830507 -4.224915197991
 529  -1.518250754915  1.491811933813 -4.620122879678
 530  -3.149928994846  1.040919206671 -4.248630091584
 531  -3.129310796823  1.036529974227 -4.258000475095
 532  -0.183297813164 -0.153534082980  0.423519186682
 533  -0.184592166852 -0.162493989797  0.423519186682
 534  -0.205685799695 -0.150476669910  0.423519186682
 535  -0.206638366720 -0.159056323462  0.423519186682

   0  265   266    1
   0    2    30    0
   0   29     1    3
   1    3    31    0
   1   31    25    0
   1    2     1    1
   2    1    31   10
   2   95    30    1
   2    0     1    2
   3   36   267    0
   3  103    31    1
   3    1    25    5
   4   49    34    0
   4   47    26    0
   4  155     2    1
   5   60    38    1
   5  217    27    1
   5    8     3    1
   6    8    39    2
   6    7    36    1
   6  434     3    3
   7   10   269   18
   7    6    39    1
   7  263    36    2
   8   11    39    3
   8    5    38    0
   8    6     3    2
   9  460   269    0
   9   14   255   14
   9   10     4    0
  10    9   269   19
  10    7    39    0
  10   11     4    1
  11   10    39    4
  11    8    38    4
  11   61     4    2
  12   13    40    1
  12  161    28    2
  12   15    24    4
  13  108   255    0
  13   14    40    2
  13   12    28    1
  14   13   255   15
  14   16    40    3
  14    9     4   10
  15   16    41    0
  15   12    40    0
  15   18    24    5
  16   23    41    1
  16   15    40    4
  16   14     4    9
  17   18    42    0
  17   93    24    0
  17   21     0    1
  18   24    42    1
  18   15    41    4
  18   17    24    6
  19   20   256    1
  19   21    43    0
  19  225     0    3
  20  288   256    2
  20   19    43    4
  20   25    29   18
  21   26    43    1
  21   17    42    4
  21   19     0    2
  22   27   266   18
  22   25    37    0
  22   89    29    0
  23   24    41    2
  23   28    37    4
  23   16     4    8
  24   26    42    2
  24   18    41    3
  24   23    37    3
  25   20    43    3
  25   26    37    1
  25   22    29   19
  26   25    43    2
  26   21    42    3
  26   24    37    2
  27   30   266   19
  27   22    37    6
  27   28     5    0
  28   27    37    5
  28  532     5    1
  28   23     4    7
  29    0   266    0
  29   30    44    3
  29   32     1    4
  30   29   266   20
  30   33    44    0
  30   27     5    7
  31   32    45    4
  31   34    25    1
  31    1     1    0
  32   33    45    0
  32   29    44    2
  32   31     1    5
  33   35    45    1
  33   32    44    1
  33   30     5    6
  34   35    46    1
  34   31    45    3
  34   37    25    2
  35   39    46    2
  35   34    45    2
  35   33     5    5
  36   40   267    1
  36   37    47    0
  36    3    25    4
  37   41    47    1
  37   34    46    0
  37   36    25    3
  38  102   267    3
  38   44    32   15
  38   40     6    0
  39   41    46    3
  39  533     6    3
  39   35     5    4
  40   38   267    2
  40   36    47    3
  40   41     6    1
  41   40    47    2
  41   37    46    4
  41   39     6    2
  42   43    48    4
  42   92    33    2
  42   45     2    5
  43   44    48    0
  43   42    33    1
  43  109    32    0
  44   46    48    1
  44   43    32   16
  44   38     6    8
  45   46    49    0
  45   42    48    3
  45   48     2    6
  46   53    49    1
  46   45    48    2
  46   44     6    7
  47   48    50    0
  47   52    26    1
  47    4     2    0
  48   54    50    1
  48   45    49    4
  48   47     2    7
  49   52    51    0
  49   50    34    1
  49    4    26    3
  50   51   257   13
  50   49    51    5
  50   98    34    2
  51   55   268    1
  51  166   257    0
  51   50    51    4
  52   56    51    1
  52   47    50    4
  52   49    26    2
  53   54    49    2
  53  535     7    4
  53   46     6    6
  54   56    50    2
  54   48    49    3
  54   53     7    3
  55   59   268    2
  55   51    51    3
  55   56     7    1
  56   55    51    2
  56   52    50    3
  56   54     7    2
  57   58    52    4
  57  130    35    2
  57   63    27    5
  58  105   268    4
  58   59    52    0
  58   57    35    1
  59   58   268    3
  59   64    52    1
  59   55     7    0
  60   63    53    4
  60   61    38    2
  60    5    27    0
  61   60    53    3
  61   11    38    3
  61   62     4    3
  62   61    53    2
  62   64     7    7
  62  534     4    4
  63   64    53    0
  63   57    52    3
  63   60    27    6
  64   62    53    1
  64   63    52    2
  64   59     7    8
  65   90    55    2
  65   87    54    2
  65   66     8    8
  66  114   258    1
  66   65    55    1
  66   68     8    9
  67   68    56    1
  67   96     9    1
  67  502     8    0
  68   66   258    0
  68  266    56    2
  68   67     8   10
  69  104   259    4
  69   97    57    1
  69  503     9    4
  70  504   259    1
  70  111    58    0
  70  125    10    1
  71   72    60    4
  71  363    59    2
  71  509    10    6
  72  371   260    0
  72  110    60    5
  72   71    59    1
  73  156    61    5
  73  514    60    0
  73  515    11    1
  74   75    62   11
  74  516    61    2
  74  188    12    1
  75   99   261    0
  75  100    62    0
  75   74    61    1
  76   77    64    4
  76  392    63    2
  76  525    12    5
  77  478   262    0
  77  304    64    5
  77   76    63    1
  78  218    65    2
  78  526    64    1
  78   79    13    5
  79  320   263    2
  79   78    65    1
  79   81    13    6
  80   81    66    2
  80   82    14    1
  80  487    13    0
  81   79   263    1
  81  204    66    3
  81   80    13    7
  82   91    67    3
  82   80    66    1
  82   83    14    2
  83   84    68    3
  83   82    67    2
  83  492    14    3
  84  101   264    0
  84  313    68    4
  84   83    67    1
  85   86    69    2
  85  491    15    0
  85   88     8    5
  86   94    69    3
  86  493    68    0
  86   85    15    3
  87   88   265    1
  87  410    54    3
  87   65     8    7
  88  289   265    2
  88   85    69    1
  88   87     8    6
  89   22   266   17
  89  334    80    4
  89  209    29    1
  90  210    80    1
  90  335    55    3
  90   65    54    1
  91  360    81    1
  91  462    67    4
  91   82    66    0
  92  157    84    3
  92  401    33    3
  92   42     2    4
  93  185    85    4
  93  162    24    1
  93   17     0    0
  94  163    85    1
  94  186    69    4
  94   86    68   13
  95  343    87    5
  95    2    31    9
  95  271    30    2
  96  272    87    2
  96   67    56    0
  96   97     9    2
  97   96    87    1
  97  344    57    2
  97   69     9    3
  98   50   257   12
  98  259    91    0
  98  245    34    3
  99  260   261    1
  99  246    91    3
  99   75    61    0
 100   75   261    6
 100  295   112    0
 100  134    62    1
 101  144   264    1
 101  174   121    0
 101   84    67    0
 102  366   267    4
 102  231   127    2
 102   38    32   14
 103    3   267   19
 103  229   130    0
 103  281    31    2
 104  230   259    5
 104  282   130    3
 104   69    57    0
 105  181   268    5
 105  307   132    0
 105   58    35    0
 106  199   268   12
 106  141   134    2
 106  107    96    3
 107  106   134    1
 107  200    96    0
 107  142    63    8
 108  316   255    1
 108  484   138    3
 108   13    28    0
 109  255   139    3
 109   43    33    0
 109  179    32    1
 110   72   260    6
 110  180   139    0
 110  256    60    6
 111   70   259    0
 111  390   141    0
 111  477    58    1
 112  393   268   15
 112  201   144    0
 112  113   117    1
 113  112   144    3
 113  394   117    2
 113  202    63    5
 114  146   258    2
 114  116   145    3
 114   66    55    0
 115  330   266    7
 115  145   145    0
 115  116   115    1
 116  115   145    4
 116  331   115    2
 116  114    55   13
 117  374   147    0
 117  118   119    1
 117  426    32    7
 118  117   147    3
 118  427   119    2
 118  375    59   11
 119  131   257    5
 119  349   148    2
 119  120    98    1
 120  119   148    1
 120  132    98    2
 120  350    62    4
 121  123   255    9
 121  122   149    1
 121  171    93    2
 122  124   149    2
 122  121    93    1
 122  172    67   10
 123  183   255   10
 123  121   149    0
 123  124   122    3
 124  123   149    3
 124  184   122    0
 124  122    67    9
 125  198   150    3
 125   70    58    9
 125  127    10    2
 126  197   267    7
 126  127   150    1
 126  364    82    2
 127  125   150    2
 127  126    82    1
 127  365    10    3
 128  302   152    2
 128  129    89    1
 128  290    29   15
 129  303   265    5
 129  128   152    1
 129  291    89    2
 130  221   153    0
 130  468    35    3
 130   57    27    4
 131  133   257    6
 131  132   155    1
 131  119    98    0
 132  134   155    2
 132  131    98    3
 132  120    62    3
 133  294   257    7
 133  131   155    0
 133  134   112    3
 134  133   155    3
 134  100   112    4
 134  132    62    2
 135  441   267   10
 135  136   156    1
 135  195   100    0
 136  442   156    2
 136  135   100    3
 136  196    58    6
 137  138   158    1
 137  139   103    2
 137  232    32   11
 138  233   158    2
 138  137   103    1
 138  140    59    7
 139  428   159    2
 139  140   103    3
 139  137    32   10
 140  139   159    1
 140  138   103    0
 140  429    59    8
 141  106   268   11
 141  472   160    0
 141  142   134    3
 142  141   160    3
 142  107   134    0
 142  473    63    9
 143  173   255    6
 143  300   162    0
 143  144   121    3
 144  301   264    2
 144  143   162    3
 144  101   121    4
 145  115   266    6
 145  369   164    0
 145  146   145    1
 146  370   258    3
 146  145   164    3
 146  114   145    2
 147  353   165    0
 147  148   120    1
 147  213    36    7
 148  147   165    3
 148  214   120    2
 148  354    65    9
 149  336   266   14
 149  328   166    0
 149  150   124    3
 150  149   166    3
 150  337   124    0
 150  329    55    6
 151  249   269    8
 151  153   168    2
 151  152    97    1
 152  151   168    1
 152  250    97    2
 152  154    66    8
 153  151   269    7
 153  154   168    3
 153  383   123    0
 154  152   168    0
 154  153   123    3
 154  384    66    9
 155  159   169    3
 155    4    34   12
 155  157     2    2
 156  158   169    0
 156  160    61    6
 156   73    60   15
 157  155   169    2
 157  158    84    4
 157   92     2    3
 158  157   169    1
 158  402    84    0
 158  156    60   14
 159  160   169    4
 159  257   140    2
 159  155    34   11
 160  156   169    5
 160  159   140    1
 160  258    61    7
 161  162   170    0
 161  164    28    3
 161   12    24    3
 162  163   170    1
 162   93    85    3
 162  161    24    2
 163  165   170    2
 163  162    85    2
 163   94    68   12
 164  161   170    4
 164  165   133    1
 164  243    28    4
 165  164   170    3
 165  244   133    2
 165  163    68   11
 166   51   268    0
 166  169   257    1
 166  167   171    0
 167  166   268   19
 167  168   171    1
 167  189    83    2
 168  170   171    2
 168  167    83    1
 168  190    62    8
 169  347   257    2
 169  166   171    4
 169  170   118    1
 170  169   171    3
 170  348   118    2
 170  168    62    7
 171  121   255    8
 171  173   172    2
 171  172    93    3
 172  171   172    1
 172  122    93    0
 172  174    67   11
 173  171   255    7
 173  174   172    3
 173  143   121    2
 174  172   172    0
 174  173   121    1
 174  101    67   12
 175  403   173    0
 175  176   135    1
 175  381    33    6
 176  175   173    3
 176  382   135    2
 176  404    60   11
 177  409   174    1
 177  405   104    0
 177  424    30    9
 178  211   175    0
 178  285   126    1
 178  283    29    4
 179  180   176    3
 179  109   139    2
 179  432    32    2
 180  110   260    5
 180  433   176    0
 180  179   139    1
 181  481   268    6
 181  182   177    3
 181  105   132    4
 182  308   262    3
 182  482   177    0
 182  181   132    3
 183  463   255   11
 183  184   178    4
 183  123   122    2
 184  391   178    0
 184  183   122    1
 184  124    67    8
 185  339   179    2
 185  186    85    5
 185   93     0    7
 186  185   179    1
 186   94    85    0
 186  187    69    5
 187  186   179    0
 187  340   143    1
 187  338    69    6
 188  190   180    0
 188   74    62   10
 188  396    12    2
 189  167   268   18
 189  395   180    2
 189  190    83    3
 190  189   180    1
 190  168    83    0
 190  188    62    9
 191  192   181    1
 191  279   105    2
 191  193    31    5
 192  194   181    2
 192  191   105    1
 192  280    57    6
 193  191   181    0
 193  194   125    3
 193  345    31    6
 194  193   181    3
 194  346   125    0
 194  192    57    5
 195  135   267    9
 195  197   182    2
 195  196   100    1
 196  195   182    1
 196  136   100    2
 196  198    58    7
 197  195   267    8
 197  198   182    3
 197  126   150    0
 198  196   182    0
 198  197   150    4
 198  125    58    8
 199  201   268   13
 199  200   183    1
 199  106    96    2
 200  202   183    2
 200  199    96    1
 200  107    63    7
 201  112   268   14
 201  199   183    0
 201  202   144    1
 202  201   183    3
 202  113   144    2
 202  200    63    6
 203  451   184    0
 203  378   129    3
 203  293    69   11
 204   81   263    0
 204  206   185    0
 204  208    66    4
 205  238   269   12
 205  207   185    2
 205  206   108    3
 206  204   263    7
 206  205   185    1
 206  239   108    0
 207  205   269   11
 207  208   185    3
 207  251   146    0
 208  204   185    4
 208  207   146    3
 208  252    66    5
 209  210   186    1
 209   89    80    3
 209  211    29    2
 210  212   186    2
 210  209    80    2
 210   90    54    0
 211  209   186    0
 211  212   175    1
 211  178    29    3
 212  211   186    3
 212  284   175    2
 212  210    54   11
 213  214   187    1
 213  147   120    0
 213  215    36    8
 214  216   187    2
 214  213   120    3
 214  148    65    8
 215  213   187    0
 215  216   154    3
 215  437    36    9
 216  215   187    3
 216  438   154    0
 216  214    65    7
 217  219   188    0
 217  221    27    2
 217    5     3    0
 218  222   188    3
 218  220    65    3
 218   78    64    0
 219  220   188    1
 219  435    99    0
 219  217     3    6
 220  218   188    2
 220  219    99    3
 220  436    65    4
 221  217   188    5
 221  222   153    1
 221  130    27    3
 222  221   188    4
 222  469   153    2
 222  218    64   14
 223  286   189    2
 223  224   102    1
 223  234    29    7
 224  223   189    1
 224  235   102    2
 224  287    54    8
 225   19   256    0
 225  226   190    0
 225  341     0    4
 226  225   256    7
 226  453   190    1
 226  376   106    1
 227  229   267   17
 227  228   191    1
 227  387    92    0
 228  388   259    7
 228  230   191    2
 228  227    92    3
 229  103   267   18
 229  227   191    0
 229  230   130    1
 230  228   259    6
 230  229   191    3
 230  104   130    2
 231  232   192    3
 231  457   127    3
 231  102    32   13
 232  233   192    4
 232  137   158    0
 232  231    32   12
 233  456   192    0
 233  232   158    3
 233  138    59    6
 234  235   193    1
 234  223   102    0
 234  236    29    8
 235  237   193    2
 235  234   102    3
 235  224    54    7
 236  234   193    0
 236  237   151    1
 236  416    29    9
 237  236   193    3
 237  412   151    2
 237  235    54    6
 238  240   269   13
 238  239   194    1
 238  205   108    2
 239  206   263    6
 239  241   194    2
 239  238   108    1
 240  322   269   14
 240  238   194    0
 240  241   136    3
 241  239   263    5
 241  240   194    3
 241  323   136    0
 242  421   195    1
 242  318   109    3
 242  244    68    9
 243  244   195    4
 243  164   133    0
 243  420    28    5
 244  242   195    0
 244  243   133    3
 244  165    68   10
 245  246   196    1
 245   98    91    5
 245  247    34    4
 246  248   196    2
 246  245    91    4
 246   99    61   14
 247  245   196    0
 247  248   142    1
 247  277    34    5
 248  247   196    3
 248  278   142    2
 248  246    61   13
 249  251   269    9
 249  250   197    1
 249  151    97    0
 250  252   197    2
 250  249    97    3
 250  152    66    7
 251  207   269   10
 251  249   197    0
 251  252   146    1
 252  251   197    3
 252  208   146    2
 252  250    66    6
 253  254   198    1
 253  379   110    0
 253  255    33    9
 254  256   198    2
 254  253   110    3
 254  380    60    8
 255  253   198    0
 255  256   139    4
 255  109    33   10
 256  255   198    3
 256  110   139    5
 256  254    60    7
 257  399   199    0
 257  258   140    3
 257  159    34   10
 258  257   199    3
 258  160   140    0
 258  400    61    8
 259   98   257   11
 259  261   200    2
 259  260    91    1
 260  262   261    2
 260  259   200    1
 260   99    91    2
 261  259   257   10
 261  262   200    3
 261  296   137    2
 262  297   261    3
 262  260   200    0
 262  261   137    1
 263    7   269   17
 263  324   201    2
 263  264    36    3
 264  263   201    1
 264  325    88    3
 264  351    36    4
 265  267   266    2
 265  269   202    3
 265    0    30   13
 266   68   258    7
 266  268   202    0
 266  270    56    3
 267  367   266    3
 267  265   202    2
 267  268    90    1
 268  266   258    6
 268  267   202    1
 268  368    90    2
 269  270   202    4
 269  422   131    2
 269  265    30   12
 270  266   202    5
 270  269   131    1
 270  423    56    4
 271  272   203    1
 271   95    87    4
 271  273    30    3
 272  274   203    2
 272  271    87    3
 272   96    56   12
 273  271   203    0
 273  274   128    1
 273  443    30    4
 274  273   203    3
 274  444   128    2
 274  272    56   11
 275  277   204    2
 275  276   111    3
 275  397    34    7
 276  275   204    1
 276  398   111    0
 276  278    61   11
 277  278   204    3
 277  247   142    0
 277  275    34    6
 278  276   204    0
 278  277   142    3
 278  248    61   12
 279  281   205    2
 279  280   105    3
 279  191    31    4
 280  279   205    1
 280  192   105    0
 280  282    57    7
 281  282   205    3
 281  103   130    5
 281  279    31    3
 282  280   205    0
 282  281   130    4
 282  104    57    8
 283  285   206    0
 283  178   126    0
 283  286    29    5
 284  287   206    2
 284  285   175    3
 284  212    54   10
 285  284   206    1
 285  178   175    4
 285  283   126    2
 286  283   206    4
 286  287   189    3
 286  223    29    6
 287  286   206    3
 287  224   189    0
 287  284    54    9
 288  292   256    3
 288  290   207    0
 288   20    29   17
 289  291   265    3
 289  293   207    3
 289   88    69    0
 290  291   207    1
 290  128    89    0
 290  288    29   16
 291  129   265    4
 291  289   207    2
 291  290    89    3
 292  377   256    4
 292  288   207    5
 292  293   129    1
 293  292   207    4
 293  203   129    2
 293  289    69   12
 294  296   257    8
 294  295   208    1
 294  133   112    2
 295  100   261    5
 295  297   208    2
 295  294   112    1
 296  261   257    9
 296  294   208    0
 296  297   137    3
 297  295   261    4
 297  296   208    3
 297  262   137    0
 298  300   255    4
 298  299   209    1
 298  314    95    2
 299  315   264    4
 299  301   209    2
 299  298    95    1
 300  143   255    5
 300  298   209    0
 300  301   162    1
 301  299   264    3
 301  300   209    3
 301  144   162    2
 302  413   210    0
 302  303   152    3
 302  128    29   14
 303  414   265    6
 303  302   210    3
 303  129   152    0
 304   77   262    5
 304  308   211    3
 304  306    64    6
 305  306   211    1
 305  309    86    2
 305  307    35   10
 306  304   211    2
 306  305    86    1
 306  310    64    7
 307  305   211    0
 307  308   132    1
 307  105    35   11
 308  304   262    4
 308  307   211    4
 308  182   132    2
 309  311   212    2
 309  310    86    3
 309  305    35    9
 310  309   212    1
 310  306    86    0
 310  312    64    8
 311  312   212    3
 311  357   157    2
 311  309    35    8
 312  310   212    0
 312  311   157    1
 312  358    64    9
 313   84   264    6
 313  315   213    0
 313  317    68    5
 314  298   255    3
 314  316   213    2
 314  315    95    3
 315  313   264    5
 315  314   213    1
 315  299    95    0
 316  314   255    2
 316  317   213    3
 316  108   138    2
 317  313   213    4
 317  316   138    1
 317  319    68    6
 318  319   214    1
 318  485   109    4
 318  242    68    8
 319  486   214    2
 319  317   138    0
 319  318    68    7
 320  323   263    3
 320  321   215    3
 320   79    65    0
 321  325   215    4
 321  352    88    0
 321  320    65   12
 322  324   269   15
 322  323   215    1
 322  240   136    2
 323  241   263    4
 323  320   215    2
 323  322   136    1
 324  263   269   16
 324  322   215    0
 324  325   201    3
 325  324   215    5
 325  264   201    0
 325  321    88    4
 326  328   266   12
 326  327   216    1
 326  447   101    2
 327  329   216    2
 327  326   101    1
 327  448    55    8
 328  149   266   13
 328  326   216    0
 328  329   166    1
 329  328   216    3
 329  150   166    2
 329  327    55    7
 330  332   266    8
 330  331   217    1
 330  115   115    0
 331  333   217    2
 331  330   115    3
 331  116    55   12
 332  449   266    9
 332  330   217    0
 332  333   163    3
 333  332   217    3
 333  450   163    0
 333  331    55   11
 334   89   266   16
 334  336   218    2
 334  335    80    5
 335  334   218    1
 335   90    80    0
 335  337    55    4
 336  334   266   15
 336  337   218    3
 336  149   124    2
 337  335   218    0
 337  336   124    1
 337  150    55    5
 338  340   219    0
 338  187   143    0
 338  342    69    7
 339  341   219    2
 339  340   179    3
 339  185     0    6
 340  339   219    1
 340  187   179    4
 340  338   143    2
 341  342   219    3
 341  225   190    5
 341  339     0    5
 342  338   219    4
 342  341   190    4
 342  452    69    8
 343  345   220    2
 343  344    87    6
 343   95    31    8
 344  343   220    1
 344   97    87    0
 344  346    57    3
 345  346   220    3
 345  193   125    2
 345  343    31    7
 346  344   220    0
 346  345   125    1
 346  194    57    4
 347  349   257    3
 347  348   221    1
 347  169   118    0
 348  350   221    2
 348  347   118    3
 348  170    62    6
 349  119   257    4
 349  347   221    0
 349  350   148    3
 350  349   221    3
 350  120   148    0
 350  348    62    5
 351  352   222    1
 351  264    88    2
 351  353    36    5
 352  354   222    2
 352  351    88    1
 352  321    65   11
 353  351   222    0
 353  354   165    1
 353  147    36    6
 354  353   222    3
 354  148   165    2
 354  352    65   10
 355  356   223    1
 355  466   114    2
 355  357    35    6
 356  358   223    2
 356  355   114    1
 356  467    64   11
 357  355   223    0
 357  358   157    3
 357  311    35    7
 358  357   223    3
 358  312   157    0
 358  356    64   10
 359  361   269    3
 359  360   224    1
 359  461    81    3
 360  362   224    2
 360  359    81    2
 360   91    66   13
 361  385   269    4
 361  359   224    0
 361  362   161    1
 362  361   224    3
 362  386   161    2
 362  360    66   12
 363  365   225    0
 363  458    59    3
 363   71    10    5
 364  126   267    6
 364  366   225    2
 364  365    82    3
 365  364   225    1
 365  127    82    0
 365  363    10    4
 366  364   267    5
 366  459   225    3
 366  102   127    1
 367  369   266    4
 367  368   226    1
 367  267    90    0
 368  268   258    5
 368  370   226    2
 368  367    90    3
 369  145   266    5
 369  367   226    0
 369  370   164    1
 370  368   258    4
 370  369   226    3
 370  146   164    2
 371  373   260    1
 371  375   227    3
 371   72    59    0
 372  373   227    1
 372  430    94    0
 372  374    32    5
 373  431   260    2
 373  371   227    2
 373  372    94    3
 374  372   227    0
 374  375   147    1
 374  117    32    6
 375  374   227    4
 375  118   147    2
 375  371    59   12
 376  226   256    6
 376  377   228    1
 376  454   106    2
 377  376   256    5
 377  378   228    2
 377  292   129    0
 378  455   228    3
 378  203   184    3
 378  377   129    4
 379  381   229    2
 379  380   110    1
 379  253    33    8
 380  379   229    1
 380  254   110    2
 380  382    60    9
 381  382   229    3
 381  175   135    0
 381  379    33    7
 382  380   229    0
 382  381   135    3
 382  176    60   10
 383  153   269    6
 383  385   230    2
 383  384   123    1
 384  383   230    1
 384  154   123    2
 384  386    66   10
 385  383   269    5
 385  386   230    3
 385  361   161    0
 386  384   230    0
 386  385   161    3
 386  362    66   11
 387  227   267   16
 387  389   231    2
 387  388    92    1
 388  390   259    8
 388  387   231    1
 388  228    92    2
 389  387   267   15
 389  390   231    3
 389  476   141    2
 390  111   259    9
 390  388   231    0
 390  389   141    1
 391  464   232    0
 391  465   178    1
 391  184    67    7
 392  396   233    3
 392  394    63    3
 392   76    12    4
 393  395   268   16
 393  394   233    1
 393  112   117    0
 394  392   233    2
 394  393   117    3
 394  113    63    4
 395  189   268   17
 395  393   233    0
 395  396   180    3
 396  395   233    4
 396  188   180    4
 396  392    12    3
 397  398   234    1
 397  275   111    2
 397  399    34    8
 398  400   234    2
 398  397   111    1
 398  276    61   10
 399  397   234    0
 399  400   199    1
 399  257    34    9
 400  399   234    3
 400  258   199    2
 400  398    61    9
 401  402   235    1
 401   92    84    2
 401  403    33    4
 402  404   235    2
 402  401    84    1
 402  158    60   13
 403  401   235    0
 403  404   173    1
 403  175    33    5
 404  403   235    3
 404  176   173    2
 404  402    60   12
 405  406   236    0
 405  409   104    1
 405  177    30    8
 406  407   236    1
 406  445   167    2
 406  405    30    7
 407  408   236    2
 407  406   167    1
 407  446    56    8
 408  409   236    3
 408  425   174    3
 408  407    56    7
 409  405   236    4
 409  408   174    2
 409  177   104    2
 410   87   265    0
 410  414   237    4
 410  412    54    4
 411  417   237    0
 411  415   116    0
 411  413    29   12
 412  410   237    3
 412  418   151    3
 412  237    54    5
 413  411   237    6
 413  414   210    1
 413  302    29   13
 414  410   265    7
 414  413   237    5
 414  303   210    2
 415  416   238    2
 415  417   116    1
 415  411    29   11
 416  418   238    3
 416  236   151    0
 416  415    29   10
 417  415   238    1
 417  418   237    1
 417  411   116    2
 418  417   238    0
 418  412   237    2
 418  416   151    4
 419  420   239    2
 419  421   109    1
 419  483    28    7
 420  421   239    0
 420  243   195    3
 420  419    28    6
 421  419   239    1
 421  420   195    2
 421  242   109    2
 422  424   240    2
 422  423   131    3
 422  269    30   11
 423  422   240    1
 423  270   131    0
 423  425    56    5
 424  425   240    3
 424  177   174    0
 424  422    30   10
 425  423   240    0
 425  424   174    4
 425  408    56    6
 426  427   241    1
 426  117   119    0
 426  428    32    8
 427  429   241    2
 427  426   119    3
 427  118    59   10
 428  426   241    0
 428  429   159    3
 428  139    32    9
 429  428   241    3
 429  140   159    0
 429  427    59    9
 430  432   242    2
 430  431    94    1
 430  372    32    4
 431  433   260    3
 431  430   242    1
 431  373    94    2
 432  433   242    3
 432  179   176    2
 432  430    32    3
 433  180   260    4
 433  431   242    0
 433  432   176    1
 434  437   243    3
 434    6    36    0
 434  435     3    4
 435  434   243    2
 435  436    99    1
 435  219     3    5
 436  435   243    1
 436  220    99    2
 436  438    65    5
 437  438   243    4
 437  215   154    2
 437  434    36   10
 438  436   243    0
 438  437   154    1
 438  216    65    6
 439  474   267   12
 439  441   244    2
 439  440   113    3
 440  439   244    1
 440  475   113    0
 440  442    58    4
 441  439   267   11
 441  442   244    3
 441  135   156    0
 442  440   244    0
 442  441   156    3
 442  136    58    5
 443  444   245    1
 443  273   128    0
 443  445    30    5
 444  446   245    2
 444  443   128    3
 444  274    56   10
 445  443   245    0
 445  446   167    3
 445  406    30    6
 446  445   245    3
 446  407   167    0
 446  444    56    9
 447  326   266   11
 447  449   246    2
 447  448   101    3
 448  447   246    1
 448  327   101    0
 448  450    55    9
 449  447   266   10
 449  450   246    3
 449  332   163    2
 450  448   246    0
 450  449   163    1
 450  333    55   10
 451  452   247    0
 451  455   184    1
 451  203    69   10
 452  453   247    1
 452  342   190    3
 452  451    69    9
 453  454   247    2
 453  452   190    2
 453  226   106    0
 454  455   247    3
 454  376   228    0
 454  453   106    3
 455  451   247    4
 455  454   228    4
 455  378   184    2
 456  458   248    2
 456  457   192    1
 456  233    59    5
 457  456   248    1
 457  231   192    2
 457  459   127    4
 458  459   248    3
 458  363   225    5
 458  456    59    4
 459  457   248    0
 459  458   225    4
 459  366   127    0
 460  461   269    1
 460    9   255   13
 460  463   249    3
 461  359   269    2
 461  460   249    2
 461  462    81    4
 462  461   249    1
 462   91    81    0
 462  464    67    5
 463  460   255   12
 463  465   249    4
 463  183   178    3
 464  462   249    0
 464  465   232    1
 464  391    67    6
 465  464   249    5
 465  391   232    2
 465  463   178    2
 466  468   250    2
 466  467   114    3
 466  355    35    5
 467  466   250    1
 467  356   114    0
 467  469    64   12
 468  469   250    3
 468  130   153    4
 468  466    35    4
 469  467   250    0
 469  468   153    3
 469  222    64   13
 470  472   268    9
 470  471   251    1
 470  479   107    0
 471  473   251    2
 471  470   107    3
 471  480    63   11
 472  141   268   10
 472  470   251    0
 472  473   160    1
 473  472   251    3
 473  142   160    2
 473  471    63   10
 474  476   267   13
 474  475   252    1
 474  439   113    2
 475  477   252    2
 475  474   113    1
 475  440    58    3
 476  389   267   14
 476  474   252    0
 476  477   141    3
 477  476   252    3
 477  111   141    4
 477  475    58    2
 478  482   262    1
 478  480   253    0
 478   77    63    0
 479  470   268    8
 479  481   253    2
 479  480   107    1
 480  479   253    1
 480  471   107    2
 480  478    63   12
 481  479   268    7
 481  482   253    3
 481  181   177    2
 482  182   262    2
 482  478   253    4
 482  481   177    1
 483  485   254    3
 483  419   109    0
 483  484    28    8
 484  483   254    2
 484  486   138    4
 484  108    28    9
 485  486   254    0
 485  318   214    0
 485  483   109    5
 486  484   254    1
 486  485   214    3
 486  319   138    5
 487  496    16    4
 487   80    14    0
 487  489    13    1
 488  494    78    0
 488  497    70    1
 488  490    16    1
 489  490    77    3
 489  487    16    3
 489  528    13    2
 490  488    78   15
 490  529    77    0
 490  489    16    2
 491  500    17    0
 491  493    15    1
 491   85     8    4
 492   83    68    2
 492  493    17    7
 492  496    14    4
 493  492    68    1
 493  491    17    8
 493   86    15    2
 494  495    78    1
 494  488    70    0
 494  497    17    4
 495  498    78    2
 495  501    71    1
 495  494    17    3
 496  492    17    6
 496  497    16    5
 496  487    14    5
 497  494    70    2
 497  496    17    5
 497  488    16    0
 498  499    78    3
 498  495    71    0
 498  501    18    2
 499  505    78    4
 499  508    72    1
 499  498    18    1
 500  507    18    4
 500  501    17    1
 500  491     8    3
 501  498    71    2
 501  500    18    3
 501  495    17    2
 502  503    19    7
 502   67     9    0
 502  507     8    1
 503   69   259    3
 503  504    19    8
 503  502     9    5
 504  503   259    2
 504  512    19    0
 504   70    10    0
 505  506    78    5
 505  499    72    0
 505  508    19    4
 506  510    78    6
 506  513    73    1
 506  505    19    3
 507  502    19    6
 507  508    18    5
 507  500     8    2
 508  505    72    2
 508  507    19    5
 508  499    18    0
 509   71    60    3
 509  519    20    0
 509  512    10    7
 510  511    78    7
 510  506    73    0
 510  513    20    4
 511  517    78    8
 511  520    74    1
 511  510    20    3
 512  509    20    6
 512  513    19    1
 512  504    10    8
 513  510    73    2
 513  512    20    5
 513  506    19    2
 514  519    60    1
 514  515    21    7
 514   73    11    0
 515   73    61    4
 515  516    21    8
 515  514    11    2
 516  515    61    3
 516  523    21    0
 516   74    12    0
 517  518    78    9
 517  511    74    0
 517  520    21    4
 518  521    78   10
 518  524    75    1
 518  517    21    3
 519  509    60    2
 519  514    21    6
 519  520    20    1
 520  517    74    2
 520  519    21    5
 520  511    20    2
 521  522    78   11
 521  518    75    0
 521  524    22    2
 522  527    78   12
 522  531    76    1
 522  521    22    1
 523  530    22    4
 523  524    21    1
 523  516    12    8
 524  521    75    2
 524  523    22    3
 524  518    21    2
 525   76    64    3
 525  526    23    6
 525  530    12    6
 526  525    64    2
 526  528    23    0
 526   78    13    4
 527  529    78   13
 527  522    76    0
 527  531    23    3
 528  489    77    2
 528  529    23    1
 528  526    13    3
 529  490    78   14
 529  528    77    1
 529  527    23    2
 530  525    23    5
 530  531    22    5
 530  523    12    7
 531  527    76    2
 531  530    23    4
 531  522    22    0
 532  534    79    3
 532  533     5    2
 532   28     4    6
 533  532    79    2
 533  535     6    4
 533   39     5    3
 534  535    79    0
 534   62     7    6
 534  532     4    5
 535  533    79    1
 535  534     7    5
 535   53     6    5


0   8    0.689953752472  0.497017655852  0.526248296169 -1.318205178928
       93 17 21 19 225 341 339 185
   1   6    0.542104923385 -0.649911105150  0.532670449194 -1.627526556051
       31 1 2 0 29 32
   2   8   -0.648971933856 -0.547787285970  0.527981551189 -1.740735444377
       47 4 155 157 92 42 45 48
   3   7   -0.489309838370  0.693065922347  0.529372750863 -1.590983528701
       217 5 8 6 434 435 219
   4  11    0.067791401004  0.496404292711  0.865440410501 -0.277889625353
       9 10 11 61 62 534 532 28 23 16 14
   5   8    0.501120702865 -0.072392207080  0.862344136360 -0.284479629434
       27 28 532 533 39 35 33 30
   6   9   -0.077781059976 -0.498820021290  0.863208371756 -0.460998337394
       38 40 41 39 533 535 53 46 44
   7   9   -0.505276987022  0.056099024652  0.861131851588 -0.460192568139
       59 55 56 54 53 535 534 62 64
   8  11    0.474556628691 -0.053181316146 -0.878616955094 -5.139347757466
       67 502 507 500 491 85 88 87 65 66 68
   9   6    0.356285563795 -0.468037601472 -0.808703530745 -5.081060176339
       502 67 96 97 69 503
  10   9   -0.061597971675 -0.476274145757 -0.877136607359 -5.288998062914
       504 70 125 127 365 363 71 509 512
  11   3   -0.474053398269 -0.376608107264 -0.795889256827 -5.172582355624
       514 73 515
  12   9   -0.479596723524  0.059274358419 -0.875484741854 -5.292006262366
       516 74 188 396 392 76 525 530 523
  13   8   -0.359916254744  0.467492607965 -0.807410026609 -5.052636759201
       80 487 489 528 526 78 79 81
  14   6    0.065435994848  0.465948031192 -0.882389122104 -5.094277059858
       487 80 82 83 492 496
  15   4    0.473416044570  0.369069270429 -0.799790674095 -4.861444941287
       85 491 493 86
  16   6    0.053807129125  0.397096463269 -0.916198227304 -5.035108303608
       497 488 490 489 487 496
  17   9    0.408281163921  0.317851935551 -0.855731639157 -4.893070296361
       491 500 501 495 494 497 496 492 493
  18   6    0.413175892539 -0.043770573093 -0.909598713036 -5.086084638640
       508 499 498 501 500 507
  19   9    0.308431477840 -0.407188193589 -0.859690524828 -5.078646742436
       504 512 513 506 505 508 507 502 503
  20   7   -0.051795566814 -0.412607403592 -0.909435181725 -5.214620334951
       509 519 520 511 510 513 512
  21   9   -0.397720797666 -0.315895797533 -0.861410478346 -5.156262305816
       516 523 524 518 517 520 519 514 515
  22   6   -0.404923457459  0.047287943113 -0.913126959429 -5.204241744840
       531 522 521 524 523 530
  23   7   -0.307177443028  0.400256636928 -0.863386728581 -5.052432791055
       526 528 529 527 531 530 525
  24   7    0.654111685847  0.542305558997  0.527297433256 -1.314663637924
       17 93 162 161 12 15 18
  25   6    0.485696558877 -0.692542373526  0.533370334352 -1.641198040040
       1 31 34 37 36 3
  26   4   -0.687509469595 -0.497702469178  0.528793893111 -1.739160091309
       4 47 52 49
  27   7   -0.552051644375  0.643623416932  0.530082898347 -1.607919196064
       60 5 217 221 130 57 63
  28  10    0.653013019045  0.563858943608  0.505605665189 -1.423733507767
       108 13 12 161 164 243 420 419 483 484
  29  20    0.814397575853  0.395758316007  0.424419537435 -1.999305838526
       22 89 209 211 178 283 286 223 234 236 416 415 411 413 302 128 290 288 20 25
  30  14    0.581371886243 -0.651969620731  0.486767237528 -1.850171600621
       0 2 95 271 273 443 445 406 405 177 424 422 269 265
  31  11    0.474786848604 -0.730266807036  0.491210585121 -1.858593279457
       1 3 103 281 279 191 193 345 343 95 2
  32  17   -0.565619368239 -0.708379090958  0.422224814246 -2.468789478509
       43 109 179 432 430 372 374 117 426 428 139 137 232 231 102 38 44
  33  11   -0.646582673413 -0.575717425763  0.500480061656 -1.891675313501
       109 43 42 92 401 403 175 381 379 253 255
  34  13   -0.731621958138 -0.487834415682  0.476179475877 -2.007054381455
       4 49 50 98 245 247 277 275 397 399 257 159 155
  35  12   -0.573553591962  0.640978081595  0.510081734687 -1.717363043235
       105 58 57 130 468 466 355 357 311 309 305 307
  36  11   -0.479101188578  0.722035568713  0.499125924609 -1.739671404538
       434 6 7 263 264 351 353 147 213 215 437
  37   7    0.506099199886 -0.038688505656  0.861607102690 -0.279213527593
       22 25 26 24 23 28 27
  38   5   -0.005946896874  0.498630875210  0.866794026689 -0.314949086160
       8 5 60 61 11
  39   5    0.023965616447  0.504703652537  0.862959948285 -0.302663883314
       10 7 6 8 11
  40   5    0.119390079113  0.492773735852  0.861928102723 -0.285533552238
       15 12 13 14 16
  41   5    0.168568638091  0.469470247135  0.866707736960 -0.291400226375
       15 16 23 24 18
  42   5    0.506517912742  0.022614475486  0.861932821959 -0.288810758653
       17 18 24 26 21
  43   5    0.512737100747 -0.006240865515  0.858522985781 -0.287432445644
       19 21 26 25 20
  44   4    0.498969061340 -0.101838085586  0.860615407804 -0.303250444350
       30 33 32 29
  45   5    0.487368081657 -0.124615388171  0.864258848964 -0.313904569068
       32 33 35 34 31
  46   5    0.018574831168 -0.496648986650  0.867752706540 -0.470637888765
       37 34 35 39 41
  47   4   -0.037568697794 -0.506169650633  0.861615272453 -0.469154622439
       36 37 41 40
  48   5   -0.117607630860 -0.496162264964  0.860227558260 -0.482406682860
       43 44 46 45 42
  49   5   -0.167440674156 -0.473331383539  0.864824272321 -0.501612255843
       45 46 53 54 48
  50   5   -0.511409294224 -0.032411381561  0.858725821276 -0.504350612062
       47 48 54 56 52
  51   6   -0.515901444626  0.000996701587  0.856647363866 -0.491873601828
       49 52 56 55 51 50
  52   5   -0.502723291664  0.093558060417  0.859369641859 -0.467388150711
       58 59 64 63 57
  53   5   -0.484727182196  0.132076956193  0.864635898215 -0.467450841879
       63 64 62 61 60
  54  12    0.575312438598  0.122095283269 -0.808769645695 -5.176605330552
       210 90 65 87 410 412 237 235 224 287 284 212
  55  14    0.520900211823 -0.286746961402 -0.804014396295 -5.276592184655
       114 66 65 90 335 337 150 329 327 448 450 333 331 116
  56  13    0.421597275922 -0.477485066615 -0.770885042075 -5.117814929041
       96 67 68 266 270 423 425 408 407 446 444 274 272
  57   9    0.351033273418 -0.517373871880 -0.780448536196 -5.126902918894
       104 69 97 344 346 194 192 280 282
  58  10    0.128181020981 -0.572637194589 -0.809726045792 -5.379974268469
       70 111 477 475 440 442 136 196 198 125
  59  13   -0.225114204403 -0.517091911852 -0.825796312460 -5.410538911520
       371 72 71 363 458 456 233 138 140 429 427 118 375
  60  16   -0.477623856125 -0.416527690337 -0.773550344349 -5.200826835239
       73 514 519 509 71 72 110 256 254 380 382 176 404 402 158 156
  61  15   -0.551989064836 -0.373326881274 -0.745610563243 -5.222689291345
       99 75 74 516 515 73 156 160 258 400 398 276 278 248 246
  62  12   -0.596952557926 -0.146802599729 -0.788731031656 -5.436552223752
       75 100 134 132 120 350 348 170 168 190 188 74
  63  13   -0.526221496159  0.288150484268 -0.800037646237 -5.358774815980
       478 77 76 392 394 113 202 200 107 142 473 471 480
  64  15   -0.413677820255  0.474939188089 -0.776726096282 -5.099357671414
       218 78 526 525 76 77 304 306 310 312 358 356 467 469 222
  65  13   -0.356326326270  0.527242107101 -0.771393096745 -5.082310786059
       320 79 78 218 220 436 438 216 214 148 354 352 321
  66  14   -0.124054650587  0.571045199887 -0.811491111075 -5.235455400288
       91 82 80 81 204 208 252 250 152 154 384 386 362 360
  67  13    0.311586664611  0.522854677973 -0.793433510862 -5.110873425813
       101 84 83 82 91 462 464 391 184 124 122 172 174
  68  14    0.483271944243  0.432438377053 -0.761213030603 -4.883048031860
       86 493 492 83 84 313 317 319 318 242 244 165 163 94
  69  13    0.540056597291  0.367273834668 -0.757264024030 -4.884690713890
       289 88 85 86 94 186 187 338 342 452 451 203 293
  70   3    0.178991191709  0.266295275727 -0.947126696602 -4.921474512572
       494 488 497
  71   3    0.315236910707  0.124480665337 -0.940813612829 -4.945969622064
       498 495 501
  72   3    0.262352589675 -0.180028722138 -0.948029945675 -5.014628824990
       505 499 508
  73   3    0.103293478402 -0.306441838769 -0.946268385169 -5.055690856453
       510 506 513
  74   3   -0.194102577835 -0.267993066373 -0.943665144876 -5.093849568030
       517 511 520
  75   3   -0.304941392947 -0.116341232290 -0.945238310976 -5.089403160296
       521 518 524
  76   3   -0.263913447357  0.174454859991 -0.948638600379 -5.045998502880
       527 522 531
  77   4   -0.101423068544  0.304194117358 -0.947195492035 -4.983945629133
       490 529 528 489
  78  16   -0.000384811964 -0.001495603438 -0.999998807544 -4.618470452385
       488 494 495 498 499 505 506 510 511 517 518 521 522 527 529 490
  79   4    0.000000000000  0.000000000000  1.000000000000 -0.423519186682
       534 535 533 532
  80   6    0.996835923617 -0.078452688613  0.012779555417 -4.283386189125
       335 90 210 209 89 334
  81   5    0.094087829792  0.995345271530  0.020863142824 -4.240670090721
       462 91 360 359 461
  82   4   -0.179659332104 -0.983720872996  0.003970946984 -4.685637813477
       365 127 126 364
  83   4   -0.993061663971  0.117536593455  0.003698749871 -4.649876690210
       190 168 167 189
  84   5   -0.779188688422 -0.626763723258 -0.005676534471 -3.910588516247
       158 402 401 92 157
  85   6    0.785155529299  0.618966710562  0.020273283567 -3.322212247647
       186 94 163 162 93 185
  86   4   -0.701531364842  0.712638457032 -0.000416775082 -3.831447510142
       310 306 305 309
  87   7    0.606681121009 -0.794942741710 -0.002013656772 -3.803161335974
       344 97 96 272 271 95 343
  88   5   -0.515784566565  0.856715306885  0.002272408920 -3.777298602923
       321 352 351 264 325
  89   4    0.872297915479  0.488510304874  0.021307948817 -3.449852999280
       290 128 129 291
  90   4    0.728961270044 -0.684540196891 -0.004492840536 -3.898047879886
       367 267 268 368
  91   6   -0.860727277782 -0.509032693085 -0.005854114220 -3.997176881703
       98 259 260 99 246 245
  92   4    0.467929723723 -0.883765459092  0.000622070631 -3.970671870195
       227 387 388 228
  93   4    0.522335534914  0.852374123897  0.024978828587 -3.810831990006
       172 122 121 171
  94   4   -0.672995825282 -0.739612754856 -0.007042159314 -4.076966753026
       372 430 431 373
  95   4    0.684385405111  0.728796433541  0.021734206423 -3.473916089329
       315 299 298 314
  96   4   -0.852639428958  0.522498114065 -0.001313386976 -4.259063482807
       107 200 199 106
  97   4   -0.301535492442  0.953446370148  0.004045497388 -4.064142823646
       249 151 152 250
  98   4   -0.955791151215 -0.294039751919  0.001974727706 -4.340588192078
       131 119 120 132
  99   4   -0.600420189754  0.799684611110 -0.000344221964 -3.741592078723
       219 435 436 220
 100   4    0.171927709135 -0.985101355255  0.004022773507 -4.468725829572
       135 195 196 136
 101   4    0.883754381084 -0.467923858219 -0.005045475633 -4.234997010433
       448 327 326 447
 102   4    0.966377285489  0.256230294401  0.021470405711 -3.892800223134
       234 223 224 235
 103   4   -0.467929805598 -0.883765613728 -0.000192419596 -4.455880550587
       140 138 137 139
 104   3    0.667182754737 -0.744894043007 -0.000190982065 -3.802277762983
       177 405 409
 105   4    0.542440980627 -0.840092692751 -0.001431825229 -3.850083730773
       280 192 191 279
 106   4    0.831252931203  0.555425451338  0.022828323925 -3.346225090293
       453 226 376 454
 107   4   -0.755281630212  0.655400012917  0.000694357385 -3.947564766909
       470 479 480 471
 108   4   -0.432870219443  0.901450198098  0.003303553854 -3.878522750432
       206 239 238 205
 109   6    0.749930781521  0.661152919974  0.021923488245 -3.346300715336
       483 419 421 242 318 485
 110   4   -0.728952617354 -0.684532071475 -0.006627576877 -3.969768099825
       253 379 380 254
 111   4   -0.827062225268 -0.562070907880 -0.006661084754 -3.937378953745
       276 398 397 275
 112   5   -0.911376566137 -0.411502298353 -0.007655922274 -4.174121555658
       100 295 294 133 134
 113   4    0.360806994998 -0.932629119347  0.004608482120 -4.171920203297
       440 475 474 439
 114   4   -0.655399864964  0.755281459711  0.000966241207 -3.767565976866
       467 356 355 466
 115   4    0.809011629227 -0.587781354285 -0.003641885505 -4.064668866928
       330 115 116 331
 116   3    0.914351843276  0.404230721275  0.023626905763 -3.612137134627
       411 415 417
 117   4   -0.951056021273  0.309016833532 -0.001020291602 -4.562367945440
       393 112 113 394
 118   4   -0.994755225906 -0.101920673469  0.008614920337 -4.547043014816
       347 169 170 348
 119   4   -0.587783267061 -0.809014261938 -0.002599027580 -4.250970437166
       426 117 118 427
 120   4   -0.562082697804  0.827079573614  0.001555551358 -3.740766587955
       213 147 148 214
 121   5    0.625049422342  0.780189211888  0.024859872969 -3.598082305232
       101 174 173 143 144
 122   4    0.353371982140  0.935171815400  0.024122974935 -4.073775472231
       124 184 183 123
 123   4   -0.179658109847  0.983714180548  0.005419829780 -4.189714430963
       153 383 384 154
 124   4    0.955792111042 -0.294040047200  0.001375177332 -4.338395168840
       150 337 336 149
 125   4    0.575004616947 -0.818148813775 -0.001486273179 -3.814546129560
       194 346 345 193
 126   3    0.987431267939  0.156393748731  0.022814172235 -4.035987513824
       283 178 285
 127   5   -0.301531456395 -0.953433608285  0.006567754287 -4.618563696146
       459 366 102 231 457
 128   4    0.637422544492 -0.770511495761 -0.002129477179 -3.797552672628
       443 273 274 444
 129   5    0.852400815890  0.522351891788  0.023692830465 -3.384686683008
       377 292 293 203 378
 130   6    0.515785741594 -0.856717258602 -0.000779475257 -3.886918821765
       103 229 230 104 282 281
 131   4    0.695909743418 -0.718123147131 -0.002962190096 -3.841618189953
       423 270 269 422
 132   5   -0.728968163919  0.684546670671  0.001127682211 -3.878992529936
       105 307 308 182 181
 133   4    0.765272212502  0.643278499871  0.023477912530 -3.319736673850
       243 164 165 244
 134   4   -0.818148357420  0.575004296216 -0.001823344181 -4.147549920240
       142 107 106 141
 135   4   -0.755267621346 -0.655387856642 -0.006130050066 -3.932067723858
       381 175 176 382
 136   4   -0.474854901743  0.880060540307  0.002503534685 -3.823060594691
       241 323 322 240
 137   4   -0.883744948830 -0.467918864098 -0.006841201553 -4.069678300095
       297 262 261 296
 138   6    0.717920356436  0.695713225562  0.023947225181 -3.398033014312
       319 317 316 108 484 486
 139   6   -0.707085680859 -0.707085680859 -0.007725273263 -4.009612260113
       110 180 179 109 255 256
 140   4   -0.804364617596 -0.594112925122 -0.005233943307 -3.915775376206
       258 160 159 257
 141   5    0.411511086649 -0.911396030056  0.003987726441 -4.072781442153
       111 390 389 476 477
 142   4   -0.844312110146 -0.535816758249 -0.006120640542 -3.960550488144
       277 247 248 278
 143   3    0.813448780335  0.581299083049  0.019810548175 -3.338055912997
       338 187 340
 144   4   -0.911402710210  0.411514102854 -0.001114887406 -4.443258567132
       112 201 202 113
 145   5    0.780428000212 -0.625240727864 -0.002483688007 -3.997159158878
       115 145 146 114 116
 146   4   -0.375414131906  0.926853042130  0.002769090101 -3.966345770069
       207 251 252 208
 147   4   -0.625235648408 -0.780421660015 -0.004734610679 -4.176056226248
       117 374 375 118
 148   4   -0.972345712502 -0.233439552054  0.007056267897 -4.409194137400
       350 120 119 349
 149   4    0.467803000036  0.883526119698  0.023279797431 -3.912575003641
       123 121 122 124
 150   5    0.054949819270 -0.998482544294  0.003622996341 -4.600168943381
       197 126 127 125 198
 151   5    0.935209528613  0.353386232776  0.022389910137 -3.716411698592
       416 236 237 412 418
 152   4    0.883554389799  0.467817968285  0.021862955342 -3.487169940999
       303 129 128 302
 153   5   -0.637423724141  0.770512921711  0.000912895392 -3.753707109990
       130 221 222 469 468
 154   4   -0.581412563944  0.813607581369  0.001460830984 -3.733907286354
       216 438 437 215
 155   4   -0.935442764617 -0.353474365317 -0.001645353790 -4.256432265416
       133 131 132 134
 156   4    0.233443129670 -0.972360614345  0.004375029116 -4.386094561222
       441 135 136 442
 157   4   -0.678800742969  0.734322506662  0.000086908751 -3.796756067774
       358 312 311 357
 158   4   -0.411514266106 -0.911403071772 -0.000670489787 -4.533834537414
       232 137 138 233
 159   4   -0.522498177062 -0.852639531761 -0.001218131625 -4.370390482630
       429 140 139 428
 160   4   -0.785315904886  0.619093140481 -0.001616460074 -4.044115538662
       141 472 473 142
 161   4    0.015705925454  0.999788031342  0.013312260916 -4.265586191831
       385 361 362 386
 162   4    0.661148439619  0.749925699555  0.022230293202 -3.524313017560
       143 300 301 144
 163   4    0.844316918823 -0.535819809928 -0.005106062846 -4.149207662845
       333 450 449 332
 164   4    0.750103734607 -0.661305398631 -0.004422337640 -3.938986275899
       145 369 370 146
 165   4   -0.542440722796  0.840092293441  0.001732268489 -3.754133971968
       147 353 354 148
 166   4    0.935443996611 -0.353474830849 -0.000270481884 -4.315358030278
       149 328 329 150
 167   4    0.655398585840 -0.755279985652 -0.002199307476 -3.801613814633
       446 407 406 445
 168   4   -0.233443075232  0.972360387594  0.004428009075 -4.140463303843
       154 152 151 153
 169   6   -0.787721567795 -0.615989237849 -0.007210442692 -3.915221673790
       156 158 157 155 159 160
 170   5    0.775324581677  0.631213448084  0.021008950579 -3.320877597168
       161 162 163 165 164
 171   5   -0.998847297227 -0.047104442795  0.009233000174 -4.584831680567
       166 167 168 170 169
 172   4    0.574855701694  0.817936928802  0.022805760934 -3.715891222839
       174 172 171 173
 173   4   -0.765466291598 -0.643441640395 -0.006649197929 -3.922656289624
       175 403 404 176
 174   5    0.678795679544 -0.734317029080 -0.003863448599 -3.824177617736
       424 177 409 408 425
 175   5    0.993787119646  0.109715119439  0.018701694921 -4.108221713338
       178 211 212 284 285
 176   4   -0.690222798387 -0.723539964449 -0.009077908986 -4.046852669976
       180 433 432 179
 177   4   -0.739630382907  0.673011865574  0.001387615637 -3.902362509065
       182 482 481 181
 178   5    0.293952805866  0.955508528652  0.024396712832 -4.133743367041
       184 391 465 463 183
 179   5    0.799463350694  0.600254062734  0.023524690611 -3.317099012349
       187 186 185 339 340
 180   5   -0.974173384310  0.225801266253 -0.000073894057 -4.623605866894
       188 190 189 395 396
 181   4    0.562082658944 -0.827079516433 -0.001599378221 -3.826850219978
       193 191 192 194
 182   4    0.109733755900 -0.993955926594  0.003181006855 -4.545915373538
       198 196 195 197
 183   4   -0.883764681094  0.467929311794 -0.001465474369 -4.357716980435
       201 199 200 202
 184   4    0.844139036027  0.535706922073  0.021151394697 -3.374898597794
       203 451 455 378
 185   5   -0.411513409491  0.911401174580  0.002147738945 -3.913744581648
       204 206 205 207 208
 186   4    0.999580991276 -0.023556431640  0.016820713632 -4.238762027047
       211 209 210 212
 187   4   -0.573397488532  0.819276841254  0.000881776356 -3.736652004896
       215 213 214 216
 188   6   -0.612907015395  0.790154963054 -0.000353328589 -3.745540860253
       217 219 220 218 222 221
 189   4    0.972172992972  0.233398085764  0.020124743433 -3.932957530235
       287 224 223 286
 190   6    0.826932910765  0.561983025834  0.018895495975 -3.353371100755
       225 226 453 452 342 341
 191   4    0.488621181524 -0.872495899983 -0.000495458002 -3.935610901540
       229 227 228 230
 192   5   -0.353474301878 -0.935442596730  0.001751038040 -4.589577590193
       233 456 457 231 232
 193   4    0.955530705087  0.293959628228  0.023426664470 -3.822482759992
       236 234 235 237
 194   4   -0.460973530732  0.887411822669  0.001913361578 -3.843131181109
       240 238 239 241
 195   5    0.760248964536  0.649313956754  0.020319879095 -3.335847751296
       244 242 421 420 243
 196   4   -0.852627531858 -0.522490823512 -0.005443460567 -3.975357046042
       247 245 246 248
 197   4   -0.353467377199  0.935424271097  0.006499715230 -3.985827969979
       251 249 250 252
 198   4   -0.718100000848 -0.695887313108 -0.008557817313 -3.992720804626
       255 253 254 256
 199   4   -0.813585537496 -0.581396811159 -0.007504741959 -3.928843091338
       257 399 400 258
 200   4   -0.872483979387 -0.488614505669 -0.005250767749 -4.029012990500
       262 260 259 261
 201   4   -0.502256445549  0.864697795081  0.006015487167 -3.780302820335
       325 264 263 324
 202   6    0.712634975281 -0.701527937357 -0.003153587567 -3.867080839672
       266 268 267 265 269 270
 203   4    0.625241563894 -0.780429043748 -0.001869345815 -3.797780273627
       273 271 272 274
 204   4   -0.835794745724 -0.549014531069 -0.005494332994 -3.944670506857
       278 276 275 277
 205   4    0.522498080252 -0.852639373780 -0.001361768384 -3.877467592622
       282 280 279 281
 206   5    0.984908314662  0.171894018158  0.020200451277 -4.022793710383
       283 285 284 287 286
 207   6    0.864512851885  0.502149021993  0.021538074143 -3.425082569614
       288 290 291 289 293 292
 208   4   -0.901433282847 -0.432862096856 -0.006960005853 -4.133705463695
       296 294 295 297
 209   4    0.672848615775  0.739450973720  0.022068024679 -3.497344986258
       300 298 299 301
 210   4    0.901195609304  0.432747967646  0.023993129653 -3.553338894865
       302 413 414 303
 211   5   -0.718126293894  0.695912792843 -0.000103808475 -3.860959239885
       307 305 306 304 308
 212   4   -0.695912548764  0.718126042024  0.000843943449 -3.817859214820
       312 310 309 311
 213   5    0.701357065048  0.712461397613  0.022294039983 -3.437103591038
       313 315 314 316 317
 214   4    0.728799408955  0.684388199212  0.021545632631 -3.385999243090
       485 318 319 486
 215   6   -0.495457749102  0.868629902680  0.001926401912 -3.800876284100
       324 322 323 320 321 325
 216   4    0.911397811646 -0.411511891068 -0.003463009873 -4.284650644041
       328 326 327 329
 217   4    0.822627687505 -0.568552983019 -0.005585091758 -4.101327846752
       332 330 331 333
 218   4    0.987627717731 -0.156424863322  0.011079409018 -4.318772599742
       337 335 334 336
 219   5    0.817950024785  0.574864905705  0.022092920644 -3.333771795727
       338 340 339 341 342
 220   4    0.587784745430 -0.809016296739 -0.001313259327 -3.807883084609
       346 344 343 345
 221   4   -0.985085424170 -0.171924928715  0.006966058771 -4.485288599609
       349 347 348 350
 222   4   -0.529177979717  0.848508577451  0.001964631077 -3.764660554610
       353 351 352 354
 223   4   -0.667182350136  0.744893591280  0.001117737472 -3.779194021480
       357 355 356 358
 224   4    0.054941968930  0.998339897282  0.017286686903 -4.254246188214
       361 359 360 362
 225   6   -0.271438171937 -0.962447159532  0.004096818838 -4.647007765333
       363 365 364 366 459 458
 226   4    0.739626351952 -0.673008197688 -0.003581248710 -3.914810133676
       369 367 368 370
 227   5   -0.637410721899 -0.770497204700 -0.006452066182 -4.155306408761
       374 372 373 371 375
 228   5    0.839859541061  0.542290436488  0.023601563123 -3.358280274615
       454 376 377 378 455
 229   4   -0.744877099709 -0.667167579053 -0.006747428388 -3.947874814244
       382 380 379 381
 230   4   -0.109731226912  0.993933019310  0.007497397277 -4.237231304099
       386 384 383 385
 231   4    0.432870059676 -0.901449865384  0.003413449215 -4.032791781741
       390 388 387 389
 232   3    0.233389320279  0.972136482098  0.021910850142 -4.189197685038
       391 464 465
 233   5   -0.955792824113  0.294040266570 -0.000631672447 -4.574048785218
       395 393 394 392 396
 234   4   -0.822631466021 -0.568555594512 -0.004691168367 -3.926653583812
       399 397 398 400
 235   4   -0.770500984361 -0.637413848706 -0.005640795762 -3.915242170777
       403 401 402 404
 236   5    0.661309604414 -0.750108505131 -0.002614888110 -3.805728538721
       405 406 407 408 409
 237   7    0.911173009426  0.411410388974  0.022477516274 -3.600947983037
       411 417 418 412 410 414 413
 238   4    0.926551569512  0.375292022924  0.025653197922 -3.663413383916
       418 417 415 416
 239   3    0.755064755918  0.655211818991  0.023972622417 -3.331184753389
       420 421 419
 240   4    0.684546045738 -0.728967498433 -0.001759969170 -3.823573563906
       425 423 422 424
 241   4   -0.575003456180 -0.818147162169 -0.002499283061 -4.276378191960
       428 426 427 429
 242   4   -0.684526403202 -0.728946581256 -0.007777209955 -4.054104029243
       433 431 430 432
 243   5   -0.594120435177  0.804374785398  0.001453658016 -3.734525265104
       438 436 435 434 437
 244   4    0.294038982106 -0.955788648899  0.003022521846 -4.298773815330
       442 440 439 441
 245   4    0.649446755016 -0.760404451324 -0.001995696648 -3.798808249139
       445 443 444 446
 246   4    0.856701525256 -0.515776269349 -0.006110368257 -4.180022992039
       450 448 447 449
 247   5    0.835643136168  0.548914942204  0.019822593190 -3.363365986511
       451 452 453 454 455
 248   4   -0.309015077405 -0.951050616467  0.003522336398 -4.622351249164
       459 457 456 458
 249   6    0.117508487415  0.992824197237  0.022178114590 -4.233661736004
       464 462 461 460 463 465
 250   4   -0.649448040115  0.760405955981  0.000159056334 -3.764885304640
       469 467 466 468
 251   4   -0.780430315023  0.625242582377 -0.000486390993 -4.025283187118
       472 470 471 473
 252   4    0.375411672667 -0.926846970561  0.004557322374 -4.143425030532
       476 474 475 477
 253   5   -0.750111037090  0.661311836635  0.000294554997 -3.933919889138
       478 480 479 481 482
 254   4    0.734107625734  0.678602109082  0.024190316024 -3.367578176366
       485 486 484 483
 255  16    0.578328282330  0.690562320289  0.434350180907 -1.965493263410
       13 108 316 314 298 300 143 173 171 121 123 183 463 460 9 14
 256   8    0.731634384304  0.480143692419  0.483914416333 -1.551944270879
       225 19 20 288 292 377 376 226
 257  14   -0.832098925695 -0.380604941798  0.403424411924 -2.536774505813
       51 166 169 347 349 119 131 133 294 296 261 259 98 50
 258   8    0.494563765332 -0.388680433607 -0.777389350681 -5.229355814625
       68 66 114 146 370 368 268 266
 259  10    0.234747160300 -0.574114703631 -0.784401732408 -5.304440658025
       111 70 504 503 69 104 230 228 388 390
 260   7   -0.417848314849 -0.474444736808 -0.774793506357 -5.310410232223
       72 371 373 431 433 180 110
 261   7   -0.604757496185 -0.281063345841 -0.745165596652 -5.351608249899
       75 99 260 262 297 295 100
 262   6   -0.498455720198  0.388144900540 -0.775168001911 -5.270119795910
       77 478 482 182 308 304
 263   8   -0.273823173879  0.572763891026 -0.772633415394 -5.173746775406
       204 81 79 320 323 241 239 206
 264   7    0.390455026857  0.505358067676 -0.769518092989 -5.035366763135
       84 101 144 301 299 315 313
 265   8    0.582712253150  0.281874218643 -0.762229201023 -5.024165587574
       410 87 88 289 291 129 303 414
 266  21    0.681178285434 -0.584218634859  0.441230926089 -2.199944541411
       29 0 265 267 367 369 145 115 330 332 449 447 326 328 149 336 334 89 22 27 30
 267  20    0.353164011618 -0.825020778716  0.441152916329 -2.326702631344
       3 36 40 38 102 366 364 126 197 195 135 441 439 474 476 389 387 227 229 103
 268  20   -0.721652843360  0.543390801274  0.428886477709 -2.360186563284
       166 51 55 59 58 105 181 481 479 470 472 141 106 199 201 112 393 395 189 167
 269  20   -0.384789707326  0.808111986554  0.445972979364 -2.128345776604
       9 460 461 359 361 385 383 153 151 249 251 207 205 238 240 322 324 263 7 10
