602
2.929822 -2.293988 -4.268931
2.755311 -2.482157 -4.411110
2.938551 -2.284215 -4.260072
-1.870111 -2.419360 -4.363159
1.871131 -3.052709 -4.471870
1.924585 -3.036571 -4.507142
0.729271 3.192801 -4.319660
2.148572 -2.917238 -4.474133
2.669661 -2.548494 -4.391981
2.515675 -2.668997 -4.431555
1.810266 -3.067197 -4.408865
1.914153 -3.029451 -4.439918
2.712662 -2.510137 -4.374689
2.789445 -2.435512 -4.335678
2.369940 -2.773256 -4.456031
2.260373 -2.848128 -4.469774
2.030016 -2.977552 -4.461554
1.961592 -3.008872 -4.449666
3.148255 1.886917 -4.337432
3.201418 1.802767 -4.333722
3.287730 1.653545 -4.313177
3.100935 1.954233 -4.331990
3.005651 2.063013 -4.290174
3.080256 1.982755 -4.328578
-1.463790 -2.766920 -4.281394
-1.404183 -2.806526 -4.266694
-2.348537 -1.739177 -4.282960
-2.319457 -1.796052 -4.290727
-2.288796 -1.849806 -4.290727
-0.249642 -3.292235 -4.282393
-2.745092 -0.494825 -4.231259
-2.728263 -0.623109 -4.245555
-2.758094 -0.347342 -4.198502
0.451187 -3.345633 -4.312828
0.618714 -3.337733 -4.312828
3.521190 1.157048 -4.251972
3.488032 1.241941 -4.256629
3.569080 1.017959 -4.229405
-1.642973 2.352803 -4.092600
-1.727644 2.281277 -4.082169
-1.279102 2.620090 -4.102627
-1.376451 2.554209 -4.104829
-1.503351 2.462490 -4.102631
-1.408948 2.531370 -4.104829
3.716595 0.486883 -4.241960
3.740969 0.295100 -4.215166
3.732287 0.396973 -4.241960
0.019379 3.117513 -4.097613
-0.116163 3.094161 -4.114656
-2.586161 -1.181431 -4.256056
-2.623453 -1.072510 -4.256056
3.062987 -2.141271 -4.219086
3.129768 -2.056415 -4.207287
-2.084788 -2.149098 -4.287521
-2.016662 -2.236926 -4.287521
-2.712138 0.570873 -4.148067
-2.744389 0.410653 -4.165836
-0.739609 -3.153647 -4.261597
-0.600187 -3.199992 -4.258023
-0.696185 -3.169711 -4.264671
1.465245 -3.191070 -4.386890
1.362690 -3.220472 -4.380867
-2.775604 -0.127802 -4.216750
-2.775908 -0.031810 -4.205046
-2.768462 -0.231049 -4.210452
-2.758311 -0.342491 -4.196883
2.720504 2.349292 -4.171884
2.642715 2.422341 -4.171884
-0.755918 2.898087 -4.137201
-0.621353 2.952259 -4.144999
-0.507305 2.992562 -4.138451
-1.037744 -3.020884 -4.246442
-1.114112 -2.980449 -4.246442
3.757728 -0.001373 -4.166444
3.754855 -0.178569 -4.136875
3.748314 -0.290395 -4.105767
-0.083021 -3.322577 -4.307406
0.068660 -3.341402 -4.329087
-0.155165 -3.308618 -4.281336
-0.164584 -3.306560 -4.277188
3.651241 0.766190 -4.253157
3.680590 0.646485 -4.238477
3.616390 0.877320 -4.246222
3.569723 1.015811 -4.228832
3.693450 0.582328 -4.222852
-1.930610 -2.338959 -4.292228
-1.837631 -2.434905 -4.292228
-1.797343 -2.474084 -4.287585
-1.967996 -2.289410 -4.270958
3.663627 -0.898866 -4.096476
0.245985 3.149448 -4.093990
0.139078 3.135943 -4.093990
0.295029 3.153270 -4.088303
0.067753 3.123417 -4.085568
-1.187157 2.678787 -4.105533
-1.076979 2.743630 -4.123041
-0.976079 2.795040 -4.123041
-0.869000 2.844202 -4.112184
-1.209765 2.663547 -4.098050
-0.864970 2.845953 -4.111575
-2.772569 0.189139 -4.201970
-2.763450 0.297009 -4.195691
-2.774440 0.093302 -4.190776
-2.745576 0.401993 -4.165357
-2.773944 0.072676 -4.185946
-2.188578 1.773111 -4.066008
-2.130732 1.847666 -4.051897
-2.217290 1.730862 -4.066008
-2.271077 1.644069 -4.055791
-2.525619 -1.340018 -4.251021
-2.417541 -1.589951 -4.251214
-2.473788 -1.467715 -4.259557
-2.409022 -1.606430 -4.247757
-2.542058 -1.293551 -4.241885
3.425535 1.385743 -4.281294
3.347305 1.541107 -4.290624
3.341450 1.551642 -4.289982
3.476066 1.267809 -4.253724
3.378658 1.265336 -4.025245
-2.676965 0.702752 -4.111289
-2.632128 0.852531 -4.097649
-2.677105 0.702159 -4.111263
-2.695265 -0.781790 -4.244212
-2.649999 -0.975532 -4.256200
-2.705868 -0.725564 -4.233950
-2.628480 -1.052274 -4.251343
1.197652 -3.263618 -4.391193
1.094197 -3.284497 -4.384018
1.279138 -3.243642 -4.385567
1.324409 -3.230644 -4.376369
3.208962 -1.937456 -4.163083
3.273223 -1.833355 -4.145003
3.335631 -1.727579 -4.120768
3.203967 -1.944564 -4.163083
-2.177121 -2.028832 -4.310895
-2.256320 -1.904999 -4.299104
-2.279823 -1.863874 -4.288535
-2.091013 -2.140047 -4.285863
3.624523 -1.047504 -4.086745
3.551248 -1.265784 -4.096111
3.584776 -1.172656 -4.096111
3.632015 -1.015694 -4.079761
-1.201449 -2.929887 -4.241756
-1.333369 -2.851950 -4.259823
-1.385358 -2.817799 -4.259823
-1.182583 -2.939845 -4.236709
3.696078 -0.758897 -4.108518
3.729397 -0.511658 -4.104000
3.708953 -0.680089 -4.112529
3.741578 -0.358969 -4.080907
3.741690 -0.356047 -4.080173
3.689644 -0.784809 -4.101877
1.606766 2.996114 -4.037608
1.517394 3.024034 -4.028221
-0.328782 3.049274 -4.143109
-0.238565 3.068464 -4.125990
-0.406098 3.026812 -4.143109
-0.459918 3.008599 -4.136827
-0.194015 3.076759 -4.114656
-0.472963 3.003868 -4.134532
0.294678 -3.349409 -4.329223
0.162781 -3.347337 -4.329223
0.430659 -3.345753 -4.310304
0.139665 -3.345381 -4.324022
2.443059 2.574697 -4.134133
2.559761 2.488771 -4.150505
2.337867 2.642466 -4.098435
2.563180 2.485917 -4.150257
2.981848 -2.235939 -4.241200
2.942384 -2.279388 -4.253588
2.929381 -2.291220 -4.253588
3.035098 -2.172632 -4.216799
-1.719403 -2.550495 -4.291804
-1.614170 -2.643305 -4.286254
-1.685195 -2.581622 -4.291804
-1.563053 -2.683728 -4.274777
-1.771338 -2.498171 -4.282256
-0.850528 -3.107065 -4.257297
-0.774248 -3.137763 -4.251251
-1.024977 -3.026136 -4.243069
1.580404 -3.151115 -4.379903
1.719358 -3.101626 -4.398614
1.643466 -3.129299 -4.389887
1.793457 -3.073030 -4.403478
1.558178 -3.158386 -4.375414
1.447061 -3.135799 -4.216276
-0.365565 -3.271259 -4.293073
-0.472082 -3.243228 -4.286194
-0.426154 -3.256713 -4.293073
-0.311247 -3.280483 -4.282393
-0.575516 -3.207122 -4.254638
1.328968 -3.142327 -4.132734
1.171391 -3.189573 -4.135927
1.208369 -3.186617 -4.152887
1.009291 -3.299177 -4.382212
0.719232 -3.331179 -4.330905
0.865594 -3.318724 -4.370387
0.764932 -3.327977 -4.345761
0.661792 -3.333951 -4.307621
0.949389 -3.267734 -4.231547
0.676882 -3.324479 -4.281552
1.063739 -3.289328 -4.377703
0.976225 -3.265778 -4.239995
3.754539 0.136798 -4.200691
3.741860 0.280930 -4.210505
3.757144 0.011026 -4.166444
3.684713 0.252019 -4.027327
3.693965 0.131630 -4.015066
2.861665 2.213301 -4.219554
2.897905 2.174622 -4.229748
2.749579 2.319743 -4.167513
1.189362 3.102524 -4.042045
1.445758 3.045353 -4.032432
1.300300 3.082109 -4.048083
1.375635 3.064759 -4.043956
1.482885 3.033340 -4.022229
0.552475 3.161761 -4.063935
0.437148 3.159611 -4.074697
0.392720 3.157804 -4.076780
0.345447 3.154830 -4.076780
-1.197712 2.688046 -4.239386
-1.080824 2.755128 -4.242982
-0.973625 2.811196 -4.255874
-0.868783 2.862630 -4.274463
-1.299788 2.622964 -4.236847
-1.399121 2.555945 -4.240711
-1.518096 2.471885 -4.253609
-1.427366 2.536381 -4.242917
-1.211491 2.679405 -4.240252
-1.304670 2.592937 -4.295409
1.040369 3.126789 -4.047392
0.618689 3.160201 -4.052469
0.734710 3.157061 -4.056218
0.849758 3.150095 -4.056661
0.748207 3.156456 -4.056451
0.930504 3.142168 -4.054389
1.001432 3.132688 -4.050253
0.052433 3.058502 -3.934684
1.158065 3.106846 -4.036949
0.615284 3.160172 -4.052256
0.266210 3.108014 -3.988603
2.192651 2.733100 -4.094159
1.968126 2.850671 -4.079739
2.073742 2.797826 -4.088364
1.697400 2.963885 -4.040976
1.866147 2.897329 -4.068141
1.786392 2.930489 -4.056577
2.241917 2.702896 -4.094024
1.696449 2.964204 -4.040781
2.324751 2.650150 -4.092328
2.525165 2.469244 -4.048329
2.765746 2.235801 -4.068354
2.707893 2.307646 -4.067782
2.565428 2.423137 -4.032180
3.374141 1.251962 -4.001903
3.528742 0.926729 -4.048060
3.639023 0.533872 -4.037639
3.656300 0.386946 -4.013000
3.692352 0.113748 -4.008597
3.741455 -0.355939 -4.079566
3.666359 -0.753490 -4.034792
3.645045 0.225314 -3.959705
3.519727 -1.349886 -4.098735
3.392860 -1.626233 -4.114896
3.435394 -1.542424 -4.113180
3.465226 -1.478319 -4.109746
3.348852 -1.702973 -4.112496
3.147851 -1.951323 -4.058762
3.532193 -1.315718 -4.094210
3.611590 -0.956243 -4.005992
3.066763 -2.028595 -4.027488
3.037492 -2.047556 -4.014880
3.042031 -2.042944 -4.014089
1.236404 -3.126249 -4.039147
1.084508 -3.167791 -4.033510
1.814608 -2.516323 -3.681764
-0.074862 -3.246593 -4.066173
0.878120 -3.196865 -4.006016
0.622425 -3.251860 -4.057809
0.322350 -3.274338 -4.082588
0.183584 -3.272447 -4.083531
0.888868 -3.193738 -4.003141
-1.289922 -2.787991 -4.068118
-1.143704 -2.898013 -4.097080
-0.785760 -3.074357 -4.098384
-0.933731 -3.013588 -4.106924
-0.354516 -3.175022 -4.016285
-0.514131 -3.151134 -4.056679
-1.897261 -2.271763 -4.095194
-2.161501 -1.890526 -4.050226
-2.091579 -2.005546 -4.069834
-1.610643 -2.524497 -4.056304
-1.795169 -2.373171 -4.087549
-1.433305 -2.641263 -4.010647
-2.348435 -1.561297 -4.048251
-2.471864 -1.296857 -4.070651
-2.624728 -0.761480 -4.041416
-2.575737 -0.987712 -4.065765
-2.707536 -0.310570 -4.051989
-2.698233 0.380853 -4.034342
-2.729509 0.060868 -4.064339
-2.643070 -0.572207 -4.003636
-2.318528 1.563831 -4.042086
-2.503199 1.191987 -4.066678
-2.573927 1.012853 -4.064811
-2.448486 1.317807 -4.064203
-2.382698 1.450036 -4.055369
-2.318017 1.564637 -4.041949
-2.579285 0.996950 -4.063953
-2.647301 0.606733 -3.995170
-1.795487 2.218618 -4.075859
-2.029174 1.969863 -4.048493
-1.891839 2.121046 -4.067693
-1.971912 2.034173 -4.057294
-1.753669 2.256809 -4.076808
-2.091313 1.892369 -4.034131
-2.165376 1.744747 -3.982515
-0.942476 2.760526 -4.019180
-0.820464 2.827490 -4.028826
-0.187957 3.013332 -3.955698
-0.447978 2.956126 -4.000412
-0.008834 3.035433 -3.911683
1.443402 3.027188 -3.988422
1.419695 3.031737 -3.987570
1.497405 2.999093 -3.976084
0.933728 0.342792 -1.730146
3.246211 1.386482 -3.932470
3.261732 1.365155 -3.935124
0.925072 0.324999 -1.714173
3.613657 -0.927828 -3.997388
1.172848 -0.026873 -1.752258
3.612120 -0.940011 -3.999611
1.167721 -0.026403 -1.747948
1.060619 -0.376223 -1.761385
1.742926 -2.366698 -3.537201
0.732207 -0.630953 -1.812444
1.052844 -0.367672 -1.751703
-0.319867 -3.180998 -4.014551
-0.351338 -3.175273 -4.015312
0.294183 -0.504423 -1.780667
0.678445 -0.084138 -1.381256
0.719283 -0.578539 -1.767819
-2.231016 -1.738126 -4.009987
-2.245417 -1.713472 -4.010770
0.074291 -0.145926 -1.797901
0.631381 -0.074145 -1.381256
0.300982 -0.492283 -1.769856
-2.652665 0.571636 -3.994667
-2.647528 0.602653 -3.994087
0.170139 0.237558 -1.762901
0.619845 -0.052732 -1.381256
0.112806 -0.134219 -1.766555
-1.073825 2.431225 -3.813501
-1.067077 2.438531 -3.815726
0.558062 0.452543 -1.747226
0.558960 0.449770 -1.744918
0.622406 -0.034645 -1.381256
0.181125 0.232642 -1.753817
-0.232745 3.104662 -4.367271
-0.751060 2.917868 -4.292921
-0.114398 3.135791 -4.395678
-0.201017 3.113331 -4.374565
-0.617588 2.972201 -4.305886
-0.509378 3.012771 -4.319847
-0.364607 3.063286 -4.342260
-0.458470 3.031051 -4.327217
-0.787265 2.901326 -4.291194
-1.006325 2.747282 -4.334270
-1.155904 2.490133 -4.514436
0.009064 3.163383 -4.423180
0.229770 3.190486 -4.391382
0.129094 3.179621 -4.404170
1.178375 3.152828 -4.431486
1.034496 3.172816 -4.409031
0.543144 3.204048 -4.374811
0.410844 3.200506 -4.379303
0.608336 3.204024 -4.374628
0.809119 3.196226 -4.382917
0.726570 3.200761 -4.377985
0.888353 3.189677 -4.390171
0.986772 3.178774 -4.402354
0.264492 3.193292 -4.388052
0.361782 3.198528 -4.381731
-0.004110 3.161238 -4.425683
0.164424 2.612155 -5.054816
2.168788 2.776240 -4.363908
2.440860 2.603914 -4.400179
1.951383 2.890528 -4.358613
2.066773 2.831827 -4.359443
1.603960 3.038453 -4.385266
1.687864 3.006970 -4.374538
1.847743 2.939631 -4.361530
1.779582 2.969624 -4.365776
2.228811 2.740103 -4.370008
2.334839 2.674166 -4.382909
1.506064 3.072122 -4.400882
1.429856 3.096007 -4.415392
1.300037 3.131356 -4.445508
1.350366 3.118548 -4.432925
1.280947 3.135658 -4.450843
1.275071 3.113733 -4.476006
2.868680 2.224448 -4.387028
2.730726 2.362446 -4.387436
2.556725 2.517235 -4.403219
2.648331 2.440233 -4.391352
3.227077 1.775051 -4.457990
3.272422 1.705543 -4.476992
3.318401 1.631338 -4.499212
3.142600 1.895182 -4.430006
3.008832 2.071512 -4.396708
3.041699 2.034586 -4.399819
3.335019 1.602804 -4.508601
2.500156 2.560795 -4.413710
2.130662 2.074971 -5.092698
3.539181 1.160847 -4.451932
3.442814 1.390071 -4.476343
3.506088 1.245949 -4.458093
3.738434 0.486382 -4.471241
3.668525 0.770550 -4.447926
3.701606 0.644668 -4.455970
3.370305 1.537675 -4.503365
3.634310 0.881288 -4.446378
3.588235 1.023213 -4.446797
3.755858 0.393817 -4.484617
3.354861 1.566942 -4.509876
3.781595 0.131823 -4.476792
3.786482 -0.001580 -4.462334
3.702447 -0.898449 -4.497093
3.732881 -0.751690 -4.472572
3.785437 -0.179677 -4.451578
3.763323 -0.513997 -4.454137
3.743154 -0.682521 -4.465610
3.769464 0.284541 -4.500722
3.777336 -0.360069 -4.448633
3.781598 -0.291943 -4.448387
3.669938 -1.035421 -4.524613
3.767850 0.301741 -4.503697
3.220465 0.238728 -5.117418
3.555941 -1.347530 -4.458357
3.664217 -1.056274 -4.520820
3.149375 -2.061294 -4.438106
3.235120 -1.937736 -4.427159
3.421468 -1.629732 -4.425640
3.299213 -1.836264 -4.424119
3.361271 -1.734811 -4.422982
3.464382 -1.546748 -4.432090
3.499811 -1.473151 -4.440285
3.590440 -1.260550 -4.474975
3.621889 -1.177864 -4.492040
3.667583 -1.044478 -4.524309
2.623342 -1.729913 -5.119802
2.153917 -2.922041 -4.513193
3.079111 -2.149933 -4.445464
2.673059 -2.552946 -4.423730
2.517034 -2.670931 -4.444957
2.850086 -2.391719 -4.421593
2.717749 -2.516287 -4.419947
2.749084 -2.489172 -4.418427
2.931209 -2.311115 -4.426005
2.993015 -2.246026 -4.432319
2.371264 -2.775237 -4.469542
2.262291 -2.851060 -4.489647
3.096994 -2.128146 -4.449661
2.624055 -1.735081 -5.116217
1.484098 -3.191920 -4.483729
1.189584 -3.272688 -4.488447
1.667317 -3.129973 -4.494112
1.010249 -3.308543 -4.506487
1.092002 -3.293527 -4.496749
1.930332 -3.035360 -4.515489
1.812709 -3.078586 -4.504889
1.259580 -3.255623 -4.484900
1.354140 -3.229656 -4.483425
2.049648 -2.981930 -4.537149
1.985747 -3.010993 -4.525039
2.059063 -2.977358 -4.539263
2.058989 -2.977266 -4.539392
-0.087540 -3.338490 -4.478574
0.241835 -3.360930 -4.462323
0.426769 -3.358712 -4.470870
0.152851 -3.359435 -4.461267
0.070016 -3.354532 -4.464471
-0.193033 -3.323223 -4.493415
0.616660 -3.350916 -4.486227
0.720632 -3.343634 -4.498229
0.869966 -3.329527 -4.519818
0.767935 -3.339635 -4.504508
0.893992 -3.326447 -4.524258
-1.471049 -2.782115 -4.411862
-1.048684 -3.036318 -4.380518
-0.436830 -3.276889 -4.473680
-0.863377 -3.122137 -4.394668
-0.762739 -3.165489 -4.405887
-1.206506 -2.949536 -4.383326
-1.116889 -3.000165 -4.380265
-1.328405 -2.876272 -4.392262
-1.394155 -2.834276 -4.399772
-0.483120 -3.263614 -4.461286
-0.466150 -3.268816 -4.465466
-0.338304 -3.299181 -4.506532
-0.611454 -3.220410 -4.433872
-0.708355 -3.186310 -4.414776
-0.319134 -3.303201 -4.513269
-0.318709 -3.301032 -4.515868
-2.089198 -2.170980 -4.383341
-2.168392 -2.065888 -4.396745
-2.028845 -2.246845 -4.376590
-1.941232 -2.348624 -4.373638
-1.880114 -2.412625 -4.377319
-1.775549 -2.516274 -4.388412
-2.363615 -1.757731 -4.470048
-2.318462 -1.837084 -4.446469
-1.627690 -2.652629 -4.412470
-1.708905 -2.578674 -4.398484
-2.240523 -1.961442 -4.416112
-2.277614 -1.904269 -4.428911
-2.374858 -1.736623 -4.477026
-1.541100 -2.727249 -4.430850
-1.203940 -2.295156 -5.095022
-2.711707 -0.797021 -4.437447
-2.602409 -1.191834 -4.420772
-2.544022 -1.349524 -4.430559
-2.632980 -1.101679 -4.418314
-2.662677 -0.994851 -4.422688
-2.437187 -1.604932 -4.460104
-2.492549 -1.477544 -4.443050
-2.387011 -1.712187 -4.478440
-2.790739 -0.126699 -4.363700
-2.736654 0.573613 -4.411678
-2.766177 0.403113 -4.380081
-2.762870 -0.493232 -4.406994
-2.746136 -0.627514 -4.430798
-2.788669 0.183788 -4.358293
-2.781165 0.287409 -4.364785
-2.791556 0.088425 -4.357213
-2.791838 -0.032235 -4.359951
-2.785566 -0.223213 -4.372463
-2.777799 -0.337914 -4.384849
-2.729574 0.606197 -4.419466
-2.733352 -0.697743 -4.448157
-2.703330 0.711282 -4.408829
-2.653279 0.873535 -4.378786
-2.343951 1.583552 -4.341101
-2.525613 1.208453 -4.342062
-2.595418 1.036036 -4.356728
-2.463142 1.351029 -4.334863
-2.398653 1.482758 -4.335245
-2.243676 1.748344 -4.361932
-2.297953 1.660437 -4.350004
-2.714942 0.667020 -4.419146
-1.801584 2.242472 -4.276229
-2.051080 1.987743 -4.315984
-2.218599 1.786522 -4.368651
-2.155995 1.865810 -4.345451
-1.656830 2.366976 -4.273199
-1.738677 2.299190 -4.272665
-1.907892 2.138154 -4.289538
-1.991262 2.051610 -4.304048
-1.623983 2.392664 -4.274717
-1.503202 2.457951 -4.305397
-1.232435 2.442498 -4.513399
-2.218629 1.786481 -4.368665
-1.744001 1.359274 -5.077528
0.914537 1.995710 -5.380663
2.130791 2.073179 -5.094015
2.150234 2.050077 -5.096852
3.211756 0.229542 -5.126634
3.210013 0.216866 -5.127752
2.338929 0.980276 -5.382144
2.366069 0.992018 -5.372695
2.617854 -1.725649 -5.124658
2.553944 -0.674277 -5.382192
2.598568 -0.680128 -5.367734
0.827867 -2.831473 -5.109333
0.809514 -2.833052 -5.109980
0.819625 -2.834199 -5.108935
1.623579 -1.884994 -5.381006
1.652258 -1.942613 -5.359484
-1.177925 -2.298107 -5.106883
-1.191142 -2.292288 -5.105545
-0.139646 -2.224627 -5.378987
-0.139733 -2.225625 -5.378652
-2.182091 -0.554817 -5.113748
-2.183561 -0.546189 -5.113749
-2.183981 -0.549989 -5.113334
-1.377412 -1.285910 -5.377707
-1.404430 -1.302047 -5.366148
-1.757846 1.315089 -5.085487
-1.742656 1.356149 -5.080505
-1.645185 0.281077 -5.377589
-1.676599 0.286281 -5.365738
0.904865 1.998153 -5.380653
0.186190 2.608586 -5.058838
0.165060 2.611389 -5.055693
-0.636530 1.656637 -5.378883
-0.643920 1.667124 -5.373817
0.735248 0.038039 -1.446996
0.734638 -0.059669 -1.404665
0.692026 -0.076431 -1.381256
0.708010 -0.075834 -1.387585
0.635554 -0.026644 -1.381256
0.641171 -0.009588 -1.390739
903
0 2
0 1
0 455
1 13
1 457
2 458
2 169
3 87
3 508
3 86
4 181
4 10
4 5
5 469
5 11
6 234
6 378
6 232
7 15
7 451
7 16
8 12
8 9
8 453
9 454
9 14
10 11
10 183
11 17
12 13
12 456
13 170
14 15
14 460
15 461
16 17
16 473
17 474
18 405
18 21
18 19
19 406
19 20
20 116
20 407
21 408
21 23
22 209
22 23
22 409
23 410
24 25
24 488
24 175
25 144
25 496
26 27
26 510
26 112
27 28
27 511
28 136
28 515
29 79
29 499
29 189
30 31
30 32
30 530
31 124
31 531
32 65
32 537
33 34
33 162
33 479
34 198
34 483
35 36
35 37
35 414
36 117
36 416
37 83
37 422
38 39
38 554
38 42
39 314
39 555
40 41
40 224
40 98
41 43
41 225
42 43
42 226
43 227
44 84
44 46
44 417
45 46
45 432
45 204
46 423
47 48
47 93
47 369
48 158
48 360
49 113
49 520
49 50
50 125
50 522
51 52
51 171
51 452
52 133
52 440
53 54
53 137
53 504
54 88
54 506
55 56
55 528
55 121
56 103
56 529
57 59
57 178
57 492
58 190
58 59
58 500
59 501
60 184
60 61
60 464
61 129
61 472
62 64
62 63
62 527
63 104
63 535
64 65
64 536
65 298
66 67
66 210
66 402
67 167
67 404
68 99
68 359
68 69
69 70
69 362
70 363
70 159
71 179
71 72
71 489
72 145
72 494
73 205
73 426
73 74
74 75
74 429
75 150
75 434
76 77
76 78
76 477
77 163
77 481
78 79
78 482
79 276
80 82
80 81
80 418
81 419
81 84
82 83
82 421
83 255
84 256
85 86
85 88
85 507
86 87
87 176
88 288
89 151
89 427
89 141
90 91
90 370
90 92
91 93
91 371
92 219
92 381
93 237
94 98
94 95
94 220
95 221
95 96
96 97
96 222
97 223
97 99
98 317
99 318
100 102
100 101
100 532
101 533
101 103
102 104
102 534
103 299
104 300
105 107
105 106
105 552
106 553
106 315
107 108
107 547
108 307
108 548
109 111
109 113
109 521
110 112
110 111
110 524
111 525
112 294
113 295
114 115
114 117
114 415
115 116
115 420
116 118
117 118
118 254
119 121
119 120
119 540
120 541
120 308
121 309
122 123
122 124
122 519
123 125
123 523
124 296
125 297
126 128
126 127
126 465
127 201
127 468
128 129
128 471
129 193
130 131
130 133
130 441
131 132
131 443
132 266
132 444
133 267
134 137
134 505
134 135
135 136
135 514
136 289
137 290
138 141
138 140
138 439
139 140
139 447
139 268
140 448
141 269
142 145
142 493
142 143
143 144
143 495
144 282
145 283
146 148
146 151
146 428
147 149
147 148
147 430
148 431
149 150
149 433
150 259
151 260
152 153
152 248
152 389
153 215
153 395
154 156
154 155
154 358
155 158
155 361
156 157
156 364
157 159
157 365
158 319
159 320
160 162
160 478
160 161
161 163
161 480
162 279
163 280
164 166
164 386
164 165
165 167
165 403
166 249
166 394
167 250
168 171
168 169
168 459
169 170
170 271
171 270
172 174
172 176
172 509
173 175
173 174
173 512
174 513
175 291
176 292
177 178
177 491
177 179
178 284
179 285
180 182
180 466
180 184
181 183
181 182
182 470
183 185
184 185
185 191
186 189
186 188
186 490
187 188
187 497
187 190
188 498
189 286
190 287
191 273
191 193
192 193
192 202
192 274
194 201
194 467
194 196
195 197
195 198
195 484
196 197
196 485
197 486
198 200
199 200
199 277
199 202
200 278
201 202
203 204
203 205
203 425
204 206
205 207
206 207
206 257
207 258
208 210
208 401
208 209
209 251
210 252
211 238
211 372
211 213
212 214
212 215
212 396
213 214
213 397
214 398
215 322
216 217
216 374
216 239
217 218
217 375
218 219
218 382
219 240
220 221
220 228
221 222
222 223
223 366
224 228
224 225
225 227
226 227
226 558
228 229
229 559
229 367
230 238
230 373
230 236
231 232
231 376
231 239
232 234
233 377
233 235
233 234
235 236
235 379
236 380
237 240
237 321
238 323
239 240
241 385
241 247
241 243
242 243
242 387
242 245
243 388
244 390
244 246
244 248
245 391
245 246
246 392
247 249
247 393
248 324
249 250
250 253
251 326
251 252
252 253
253 325
254 255
254 327
255 256
256 257
257 261
258 259
258 261
259 260
260 329
261 330
262 265
262 438
262 268
263 266
263 442
263 264
264 445
264 265
265 446
266 267
267 270
268 269
269 331
270 272
271 275
271 272
272 333
273 274
273 275
274 281
275 334
276 337
276 280
277 278
277 281
278 279
279 280
281 335
282 293
282 283
283 285
284 285
284 287
286 287
286 338
288 290
288 292
289 342
289 290
291 292
291 293
293 339
294 295
294 343
295 297
296 301
296 297
298 300
298 301
299 347
299 300
301 344
302 307
302 542
302 306
303 543
303 305
303 304
304 544
304 308
305 306
305 545
306 546
307 316
308 309
309 348
310 314
310 550
310 312
311 313
311 551
311 315
312 556
312 313
313 557
314 352
315 316
316 349
317 318
317 353
318 320
319 321
319 320
321 354
322 324
322 323
323 355
324 325
325 328
326 327
326 328
327 332
328 596
329 331
329 330
330 332
331 336
332 597
333 334
333 336
334 335
335 341
336 599
337 338
337 341
338 339
339 346
340 598
340 345
340 341
342 343
342 346
343 344
344 351
345 350
345 346
347 348
347 351
348 349
349 357
350 356
350 351
352 353
352 357
353 354
354 355
355 601
356 600
356 357
358 364
358 361
359 366
359 362
360 361
360 383
362 363
363 365
364 365
366 367
367 368
368 560
368 384
369 383
369 371
370 371
370 381
372 373
372 399
373 380
374 375
374 376
375 382
376 378
377 378
377 379
379 380
381 382
383 384
384 593
385 388
385 393
386 394
386 412
387 391
387 388
389 395
389 390
390 392
391 392
393 394
395 396
396 398
397 399
397 398
399 400
400 592
400 413
401 402
401 409
402 404
403 412
403 404
405 408
405 406
406 407
407 411
408 410
409 410
411 565
411 424
412 413
413 564
414 416
414 422
415 420
415 416
417 419
417 423
418 421
418 419
420 424
421 422
423 436
424 437
425 432
425 426
426 429
427 428
427 435
428 431
429 434
430 433
430 431
432 436
433 434
435 567
435 449
436 437
437 566
438 447
438 446
439 449
439 448
440 441
440 462
441 443
442 445
442 444
443 444
445 446
447 448
449 450
450 463
450 570
451 461
451 475
452 462
452 459
453 456
453 454
454 460
455 458
455 457
456 457
458 459
460 461
462 463
463 476
464 466
464 472
465 471
465 468
466 470
467 468
467 487
469 474
469 470
471 472
473 475
473 474
475 476
476 573
477 481
477 482
478 479
478 480
479 483
480 481
482 502
483 484
484 486
485 487
485 486
487 575
488 496
488 517
489 491
489 494
490 499
490 498
491 492
492 501
493 494
493 495
495 496
497 498
497 500
499 502
500 501
502 503
503 574
503 578
504 506
504 505
505 514
506 507
507 508
508 509
509 513
510 511
510 516
511 515
512 517
512 513
514 515
516 518
516 526
517 518
518 579
519 523
519 539
520 521
520 522
521 525
522 523
524 526
524 525
526 582
527 536
527 535
528 529
528 538
529 533
530 531
530 537
531 539
532 534
532 533
534 535
536 537
538 583
538 549
539 584
540 549
540 541
541 544
542 546
542 548
543 544
543 545
545 546
547 548
547 561
549 587
550 556
550 555
551 553
551 557
552 561
552 553
554 555
554 558
556 557
558 559
559 560
560 562
561 562
562 588
563 568
563 564
563 591
564 565
565 569
566 567
566 569
567 572
568 571
568 569
570 577
570 572
571 576
571 572
573 575
573 577
574 581
574 575
576 580
576 577
578 579
578 581
579 586
580 585
580 581
582 584
582 586
583 590
583 584
585 589
585 586
587 588
587 590
588 595
589 594
589 590
591 594
591 592
592 593
593 595
594 595
596 601
596 597
597 599
598 600
598 599
600 601
303
8 590 586 585 582 583 584 624 897 
6 595 589 587 588 590 898 
7 594 591 592 593 595 899 600 
8 605 607 599 598 596 597 600 901 
7 606 613 604 603 601 602 607 
7 612 619 611 610 608 609 613 
7 618 626 617 616 614 615 619 
8 621 626 625 902 624 623 622 620 
6 858 893 673 674 689 857 
6 687 701 716 862 860 686 
6 714 729 731 867 863 713 
6 866 731 730 745 759 871 
4 872 788 789 877 
6 804 815 882 878 806 803 
5 829 841 888 883 828 
7 889 855 853 638 639 656 895 
15 452 454 465 462 463 581 623 584 464 449 451 459 457 458 455 
13 483 482 479 467 468 469 471 477 474 475 481 585 487 
6 486 487 586 588 484 485 
8 492 491 490 488 489 589 593 497 
6 496 495 493 494 497 592 
13 514 511 508 507 501 503 505 498 500 509 510 594 597 
5 512 513 514 596 518 
6 517 515 516 518 598 525 
9 519 520 524 523 521 522 525 599 602 
9 529 530 531 532 603 539 526 527 528 
9 535 536 533 534 537 538 539 604 609 
7 540 541 610 549 543 544 542 
7 547 548 545 546 549 611 615 
11 561 550 552 558 554 555 557 562 563 616 575 
10 573 564 566 571 567 569 574 575 617 621 
7 581 579 580 578 576 577 622 
13 633 634 635 627 628 631 632 655 639 637 636 629 630 
20 648 650 651 652 653 646 644 645 672 673 894 656 655 640 641 642 643 654 649 647 
18 674 672 670 671 669 668 663 664 665 666 661 662 657 658 667 659 660 688 
15 675 676 685 684 680 681 682 683 686 859 689 688 678 679 677 
13 699 696 697 694 695 700 715 701 698 692 693 690 691 
15 704 708 712 709 710 707 705 706 713 861 716 715 711 702 703 
15 717 718 727 724 725 726 723 721 722 744 730 729 719 720 728 
15 734 735 742 739 740 741 736 737 738 743 732 733 758 745 744 
16 759 758 756 757 753 754 750 746 747 755 748 749 751 752 771 870 
15 771 769 770 768 767 764 762 763 765 760 761 766 787 788 873 
20 776 777 783 784 786 779 778 774 775 780 781 782 772 773 805 806 876 789 787 785 
15 798 803 805 800 801 796 795 794 793 790 791 792 802 799 797 
11 814 811 809 810 812 807 808 830 881 815 813 
15 816 817 826 824 825 820 818 819 828 884 830 823 821 822 827 
14 836 837 838 834 835 839 840 854 855 887 841 831 832 833 
13 854 846 847 844 845 850 842 843 848 849 851 852 853 
5 859 860 865 856 857 
6 862 861 863 869 864 865 
5 867 866 875 868 869 
7 870 873 872 880 874 875 871 
6 877 876 878 886 879 880 
7 881 884 883 891 885 886 882 
6 888 887 889 896 890 891 
5 895 894 893 892 896 
9 858 856 864 868 874 879 885 890 892 
6 900 901 899 898 897 902 
6 625 618 612 606 605 900 
7 198 199 290 292 719 714 706 
5 109 105 107 640 632 
5 36 756 733 19 20 
5 102 103 405 407 702 
5 419 420 425 670 645 
4 250 246 248 692 
5 64 65 376 378 776 
5 391 392 397 769 752 
7 57 58 240 242 813 804 798 
7 126 127 254 256 831 829 819 
5 119 115 117 734 722 
5 230 846 840 234 228 
4 70 66 68 821 
6 52 53 356 358 800 773 
5 343 678 660 340 341 
6 91 92 208 210 437 441 
5 363 364 162 164 774 
4 476 471 470 661 
5 414 415 47 49 676 
4 23 736 30 21 
4 122 790 124 120 
4 502 724 504 503 
4 570 566 565 842 
4 184 696 188 182 
4 156 157 159 630 
4 553 554 559 837 
5 429 430 454 453 648 
5 368 369 137 139 746 
4 310 709 313 308 
4 225 219 221 824 
4 336 763 333 334 
4 114 810 111 112 
4 299 300 302 781 
5 86 87 96 445 849 
5 193 794 8 9 191 
4 24 25 33 738 
4 11 12 14 26 
4 320 316 318 663 
5 380 381 133 135 784 
4 5 0 2 739 
5 294 295 500 499 717 
4 277 723 279 275 
4 262 807 264 260 
4 466 467 480 658 
4 44 682 41 42 
4 168 169 171 704 
4 211 212 214 438 
4 75 764 77 73 
5 100 694 185 186 98 
4 144 816 148 142 
4 460 652 456 457 
4 287 792 284 285 
4 323 627 327 321 
5 556 833 257 258 557 
4 269 748 273 267 
5 231 232 569 568 844 
4 201 202 206 643 
4 551 834 560 552 
4 154 150 152 677 
5 129 820 222 223 128 
4 82 78 80 690 
4 176 760 178 174 
4 239 811 243 237 
4 307 707 311 305 
4 355 796 359 353 
4 473 474 478 665 
4 323 322 325 628 
4 466 657 472 468 
4 60 799 62 59 
4 19 732 34 18 
4 450 646 461 451 
6 215 216 155 156 629 440 
4 499 498 506 718 
4 432 649 434 431 
5 117 116 347 349 735 
4 94 443 97 93 
4 139 138 141 747 
4 426 421 423 669 
4 52 772 55 51 
5 329 634 160 161 328 
4 166 775 164 163 
4 292 291 296 720 
4 395 768 398 393 
4 144 143 146 817 
4 129 125 126 818 
5 277 276 118 119 721 
4 340 659 345 339 
4 257 832 256 255 
5 565 564 88 89 843 
4 132 779 136 130 
4 572 845 568 567 
5 284 791 122 121 283 
4 382 777 378 377 
5 551 550 235 236 835 
5 502 501 280 281 725 
5 152 151 413 414 675 
4 80 79 84 691 
5 82 693 248 247 81 
3 17 455 15 
4 68 67 72 822 
5 107 106 203 204 641 
4 23 22 24 737 
4 556 555 553 836 
6 262 261 69 70 823 808 
5 193 192 123 124 793 
4 269 268 271 749 
4 560 838 559 558 
4 100 99 104 695 
5 168 703 407 406 167 
4 176 175 180 761 
4 211 436 210 209 
5 154 679 343 342 153 
5 307 306 197 198 705 
4 171 170 173 708 
4 10 11 27 370 
4 222 825 221 220 
5 75 74 332 333 762 
5 111 809 239 238 110 
4 310 309 311 710 
5 336 335 177 178 765 
5 37 28 14 13 753 
4 185 697 184 183 
4 38 40 41 681 
5 132 131 362 363 778 
7 250 698 687 683 44 43 249 
6 355 354 195 7 8 795 
4 231 847 230 229 
5 114 113 263 264 812 
4 243 814 242 241 
4 372 367 368 750 
4 89 85 86 848 
4 472 662 470 469 
4 2 1 4 740 
4 201 642 204 200 
5 166 165 298 299 780 
5 450 449 418 419 644 
5 30 741 4 3 29 
5 188 699 84 83 187 
5 109 631 325 324 108 
5 473 664 318 317 475 
6 3 1 0 6 350 31 
4 60 56 57 797 
5 271 270 390 391 751 
5 302 301 54 55 782 
5 6 5 742 349 348 
4 33 32 34 743 
5 104 101 102 711 700 
4 432 428 429 647 
4 476 666 478 477 
3 9 7 194 
5 225 826 146 145 224 
4 380 783 382 379 
5 345 667 480 479 344 
4 160 633 159 158 
4 279 726 281 278 
4 504 727 506 505 
4 94 90 91 442 
4 572 571 570 850 
4 214 213 215 439 
5 17 16 650 453 452 
4 96 95 97 444 
5 320 668 423 422 319 
4 426 671 425 424 
5 148 827 72 71 147 
4 359 801 358 357 
5 287 286 61 62 802 
6 180 179 63 64 785 766 
5 77 767 395 394 76 
5 313 712 173 172 312 
4 234 839 236 233 
4 136 786 135 134 
6 372 754 13 12 10 371 
4 397 396 398 770 
5 456 651 16 15 458 
4 461 653 460 459 
4 294 728 296 293 
5 273 755 141 140 272 
4 329 326 327 635 
5 206 205 433 434 654 
4 36 35 37 757 
4 50 685 49 48 
18 385 375 373 27 26 28 35 20 18 32 25 22 21 29 31 351 512 516 
13 253 251 43 42 40 39 46 48 47 416 484 587 489 
11 217 92 90 93 95 87 85 88 573 620 577 
4 38 680 45 39 
4 50 46 45 684 
6 401 402 388 389 517 522 
7 53 51 54 303 526 538 360 
9 244 58 56 59 61 288 535 608 541 
7 65 63 181 519 601 532 383 
8 71 67 66 69 265 543 546 149 
7 337 74 73 76 399 403 523 
8 81 252 253 488 189 83 79 78 
8 103 101 99 98 190 491 411 408 
7 106 105 108 330 579 463 207 
6 266 113 112 110 245 542 
6 116 115 118 282 508 352 
6 120 123 196 533 289 121 
8 127 125 128 226 547 614 563 259 
7 133 384 530 365 131 130 134 
7 375 386 274 140 138 137 374 
7 145 143 142 147 149 545 227 
7 417 151 150 153 346 483 486 
7 331 161 158 157 155 218 578 
6 162 366 528 304 165 163 
8 172 170 169 167 409 412 493 314 
7 181 179 175 174 177 338 520 
7 189 490 190 186 183 182 187 
7 191 194 195 361 534 196 192 
7 197 315 496 591 510 297 199 
7 205 202 200 203 207 462 435 
8 217 576 218 216 213 212 209 208 
7 224 227 548 226 223 220 219 
7 232 229 228 233 235 561 574 
7 237 241 240 244 540 245 238 
5 252 247 246 249 251 
5 258 255 254 259 562 
4 401 521 403 400 
6 266 544 265 261 260 263 
8 272 274 387 388 404 270 268 267 
6 282 276 275 278 280 507 
6 289 536 288 286 285 283 
6 290 297 509 295 293 291 
5 412 410 411 492 494 
6 304 527 303 301 300 298 
8 314 495 315 306 305 309 308 312 
6 317 316 319 427 582 481 
8 328 331 580 330 324 322 321 326 
6 338 335 334 332 337 524 
6 346 342 341 339 344 482 
7 352 511 513 351 350 348 347 
7 353 357 356 360 537 361 354 
5 366 364 362 365 529 
6 367 371 370 373 374 369 
7 381 379 377 376 383 531 384 
5 385 515 389 387 386 
9 394 393 396 392 390 404 402 400 399 
5 410 409 406 405 408 
5 417 485 416 415 413 
8 424 420 418 464 583 427 422 421 
6 430 428 431 433 435 465 
5 638 852 447 448 637 
8 437 436 438 439 440 636 448 446 
8 447 851 445 444 443 442 441 446 
