434
-0.057881 0.412123 0.642459
1.928918 2.165154 -1.436657
0.325083 0.007957 0.663845
0.336056 -0.012176 0.661269
0.325606 -0.010477 0.669822
0.330373 -0.011667 0.665996
0.310231 -0.007627 0.680816
0.319307 -0.009776 0.674488
1.991864 -2.058614 -1.397930
-0.040636 -0.415275 0.656419
-0.036462 -0.422275 0.649915
-0.041062 -0.414679 0.656988
-0.041406 -0.413728 0.657704
-0.052296 -0.434543 0.638732
-0.042699 -0.404073 0.663732
-2.078668 -2.268940 -1.499418
-0.440730 -0.024219 0.660481
-0.445841 -0.025530 0.656406
-0.454365 -0.026348 0.649402
-0.056084 0.382257 0.662049
-0.428322 -0.019185 0.670095
-0.431957 -0.016633 0.666671
-0.433929 -0.014779 0.664559
-0.058077 0.408590 0.645135
-0.056999 0.400410 0.650806
-0.056835 0.389907 0.657487
-2.219307 2.099458 -1.483280
-0.062080 0.415301 0.638944
1.889639 -1.467963 -2.238164
1.899870 -1.464035 -2.231007
1.380453 -1.968464 -2.254236
2.128629 -2.166465 -1.800537
1.380347 -1.968742 -2.254047
0.000241 -2.619202 -1.830131
-1.406850 -2.045186 -2.245434
-1.404129 -2.053993 -2.239358
-1.928591 -1.554683 -2.241303
-2.116232 -2.318378 -1.778383
-1.939898 -1.553534 -2.233423
-2.582984 -0.113472 -1.808608
-1.981641 1.370461 -2.253965
-1.985383 1.369788 -2.251339
-1.497341 1.929002 -2.232225
-2.246732 2.151449 -1.758467
-1.493470 1.938851 -2.225502
-0.090146 2.584108 -1.810667
1.266063 1.998078 -2.246022
1.262003 2.009597 -2.237969
1.804953 1.505523 -2.236613
2.007545 2.229930 -1.792858
2.464905 0.066981 -1.809165
1.824308 1.498089 -2.223374
-0.090343 2.589969 -1.805269
-0.001449 -2.634346 -1.816469
2.470188 0.067275 -1.804290
2.121880 -2.193565 -1.548148
2.138813 -2.175794 -1.788882
-2.264720 2.145056 -1.534330
-2.249466 2.153731 -1.755513
-2.125998 -2.321870 -1.556245
-2.120252 -2.322561 -1.773633
1.447217 2.523974 -1.748725
-1.920526 -2.463915 -1.563444
-1.913409 -2.465316 -1.732264
2.222639 1.962496 -1.541604
2.227809 1.948481 -1.717081
2.351608 1.541106 -1.735105
-2.561697 1.355430 -1.744725
-0.033938 2.591420 -1.799618
1.480049 -2.512887 -1.743169
0.224502 -2.629079 -1.793145
-2.343772 -2.043261 -1.573309
-2.339517 -2.044574 -1.729325
2.445423 -1.129766 -1.747738
-0.804308 2.557209 -1.745378
-2.589925 -0.373335 -1.776920
-1.079254 -2.614796 -1.760018
-0.825955 -2.628713 -1.764945
2.381240 -1.626941 -1.473764
2.365755 -1.705275 -1.498121
2.369974 -1.689358 -1.763267
-1.661314 2.461864 -1.724850
-1.735347 2.451120 -1.465527
-1.731648 2.446461 -1.710636
-1.636165 2.467531 -1.722822
-2.044337 2.323730 -1.537892
-2.041178 2.321931 -1.695395
-2.547925 -1.007846 -1.751478
1.659863 2.474405 -1.506699
1.653127 2.471155 -1.719438
1.740381 2.442754 -1.524924
1.739344 2.437885 -1.716364
-2.302182 -2.113410 -1.577979
-2.298070 -2.114622 -1.730274
-2.257105 -2.179723 -1.578493
-2.256633 -2.175440 -1.735133
-0.555759 2.572468 -1.762694
1.386482 2.535204 -1.742994
2.252251 -2.010969 -1.556505
2.254078 -2.007313 -1.750761
2.294493 -1.922993 -1.546318
2.294275 -1.923598 -1.746008
-1.739448 -2.528195 -1.528203
-1.739792 -2.526900 -1.744033
-1.824553 -2.501177 -1.546946
-1.817795 -2.502274 -1.736317
-2.436544 -1.799579 -1.522070
-2.411361 -1.884707 -1.544864
-2.408245 -1.881663 -1.747591
2.466816 0.208424 -1.790349
2.455230 0.452662 -1.771495
2.077038 2.187781 -1.547998
2.073678 2.185059 -1.755029
2.122507 2.129045 -1.551438
2.126398 2.117712 -1.736886
1.582369 2.499445 -1.485669
1.572763 2.496378 -1.727072
1.499183 2.521394 -1.459921
1.502935 2.514075 -1.737181
-1.589109 -2.560594 -1.484627
-1.576836 -2.561015 -1.773989
-1.668261 -2.545984 -1.509240
-1.670848 -2.543967 -1.754604
-1.562315 -2.563675 -1.772606
2.093755 -2.219543 -1.550433
2.096876 -2.214700 -1.773010
2.022259 -2.279622 -1.552484
2.017491 -2.281674 -1.748478
-2.144766 -2.304424 -1.560789
-2.141363 -2.303204 -1.766224
1.075897 -2.567679 -1.743325
0.803460 -2.593391 -1.753712
1.858315 2.381480 -1.542021
1.852338 2.379294 -1.724682
1.799260 2.414762 -1.535132
1.794529 2.411863 -1.718291
2.435162 -1.260160 -1.748586
2.418955 -1.397125 -1.754506
-1.301880 -2.597273 -1.760420
-1.449191 -2.579811 -1.765933
1.903717 2.351070 -1.544213
1.901900 2.345838 -1.734721
1.960294 2.307914 -1.543561
1.954327 2.305311 -1.749573
-2.481946 1.786471 -1.525911
-2.475406 1.790478 -1.717468
-2.451516 1.864237 -1.539151
-2.444480 1.870837 -1.711233
2.285569 1.800335 -1.508517
2.289534 1.789023 -1.726502
2.256966 1.879760 -1.526232
2.260901 1.868564 -1.720013
2.345532 -1.784079 -1.519415
2.345691 -1.783909 -1.751088
2.324379 -1.849202 -1.533944
2.324740 -1.848385 -1.746432
2.220099 -2.069446 -1.560461
2.220150 -2.069014 -1.757837
2.188335 -2.118639 -1.560531
2.192820 -2.111326 -1.766067
2.198358 2.010025 -1.547331
2.199053 2.004863 -1.719503
2.164149 2.067782 -1.551092
2.169771 2.054249 -1.725023
-2.518960 -1.315403 -1.746730
-2.502611 -1.429882 -1.749867
-1.816129 2.427072 -1.490262
-1.818433 2.421542 -1.698028
-1.880932 2.404479 -1.508030
-1.881857 2.399974 -1.691613
1.911580 -2.357951 -1.546408
1.904396 -2.361829 -1.726132
1.962719 -2.324338 -1.550842
1.956643 -2.327471 -1.734248
-2.244708 2.166576 -1.537981
-2.237564 2.166831 -1.749169
-2.200870 2.208901 -1.542952
-2.196681 2.207011 -1.731395
-1.305275 2.514505 -1.721432
-1.062614 2.537216 -1.731174
2.144108 -2.172964 -1.554286
2.142712 -2.172207 -1.786870
2.170534 -2.141977 -1.558676
2.175587 -2.133862 -1.772675
-2.601951 0.141339 -1.777575
-2.509464 1.705349 -1.509208
-2.505977 1.697944 -1.728523
-2.524214 1.651004 -1.495498
-2.519947 1.644389 -1.737784
-1.970970 -2.435105 -1.565817
-1.970489 -2.432663 -1.738298
-2.034145 -2.393619 -1.565096
-2.026564 -2.395671 -1.748149
1.856278 -2.389504 -1.538591
1.861807 -2.386126 -1.722580
1.803784 -2.416280 -1.529168
1.801800 -2.416707 -1.720592
-1.362097 2.508264 -1.719997
-1.532600 2.483980 -1.720786
-2.108051 2.281754 -1.542944
-2.103549 2.280706 -1.705775
-2.159492 2.243101 -1.544031
-2.156686 2.240453 -1.718897
-2.391106 -1.940259 -1.557150
-2.388086 -1.938181 -1.738528
-2.364501 -2.001214 -1.567665
-2.362858 -1.996787 -1.732329
2.468029 -0.575981 -1.763571
2.472151 -0.314983 -1.777085
2.011798 2.260032 -1.537435
2.020232 2.243565 -1.777140
2.027359 2.244362 -1.540686
2.030737 2.233220 -1.772355
1.989057 2.282650 -1.541090
1.997915 2.266243 -1.766347
-2.592378 0.852391 -1.746007
-2.598981 0.561297 -1.756567
-2.415823 1.935211 -1.545814
-2.405331 1.945472 -1.713458
-2.433272 1.903571 -1.543896
-2.434364 1.892800 -1.710807
-2.534984 1.563161 -1.756560
-2.546221 1.485005 -1.751062
-2.539055 1.575923 -1.472766
-2.534901 1.563772 -1.756396
2.471292 0.019841 -1.800116
2.472165 -0.094946 -1.791684
-2.115561 -2.331475 -1.558242
-2.114230 -2.328178 -1.771262
-2.079180 -2.361477 -1.562830
-2.075236 -2.360691 -1.758993
-2.598082 -0.113424 -1.795311
-2.600468 -0.019723 -1.787940
-2.595847 -0.216663 -1.787121
-2.379495 1.994448 -1.546902
-2.391855 1.967374 -1.715639
-2.351269 2.038170 -1.546738
-2.344268 2.040639 -1.724863
1.695880 -2.459964 -1.502642
1.692394 -2.460674 -1.726706
1.738135 -2.444723 -1.514206
1.738642 -2.444034 -1.722515
-2.578653 -0.583443 -1.766173
-2.569791 -0.726938 -1.759860
-0.036853 -2.635188 -1.813287
-0.236773 -2.636801 -1.798129
-2.583511 1.041854 -1.743157
-2.571964 1.225451 -1.742997
-0.555826 -2.635026 -1.777830
-0.319907 -2.636824 -1.792405
-1.962391 2.368831 -1.525811
-1.955623 2.368092 -1.689818
-1.994113 2.352530 -1.531215
-2.001148 2.344849 -1.691686
0.507921 2.588186 -1.761197
0.248886 2.591894 -1.777567
2.383955 1.327521 -1.731240
2.370948 1.418934 -1.732127
-2.453698 -1.702465 -1.766132
-2.476940 -1.591139 -1.756612
2.329128 1.639114 -1.462694
2.324857 1.663829 -1.744807
2.318791 1.685654 -1.477444
2.321135 1.680412 -1.741587
2.343605 1.579814 -1.737767
0.614377 -2.608247 -1.763659
0.452183 -2.618408 -1.774556
1.252667 -2.546769 -1.740458
1.385784 -2.527821 -1.741232
-2.281868 2.126380 -1.537884
-2.283252 2.117623 -1.743022
-2.313820 2.088191 -1.543021
-2.308663 2.087683 -1.734667
-2.599838 0.503265 -1.759077
-2.601996 0.181544 -1.775273
0.729437 2.583232 -1.748845
0.882775 2.577351 -1.742559
2.381164 -1.630823 -1.774001
2.396317 -1.547826 -1.765473
2.375806 -1.660141 -1.768420
-2.225612 -2.217898 -1.575036
-2.220465 -2.218902 -1.743456
-2.191448 -2.256791 -1.570105
-2.182258 -2.261952 -1.753464
-0.159549 2.588497 -1.797902
-0.278910 2.584997 -1.786077
2.393743 1.232032 -1.733794
2.412487 1.033936 -1.740522
2.439186 0.707048 -1.755502
2.422913 0.913665 -1.745482
2.463428 -0.770890 -1.754889
2.459055 -0.882115 -1.751555
1.237527 2.553733 -1.737263
1.338686 2.541678 -1.740667
1.573754 -2.493292 -1.462461
1.560630 -2.495689 -1.748884
1.606786 -2.485886 -1.474343
1.608851 -2.484928 -1.739071
1.530264 -2.502481 -1.746445
1.167393 2.559813 -1.737007
1.040183 2.568786 -1.738441
1.260305 1.984692 -2.255148
-0.001216 1.541199 -2.533654
1.233963 1.436386 -2.532629
1.793056 1.499572 -2.244964
1.421213 0.070178 -2.531105
1.238368 1.432217 -2.532622
1.865129 -1.457399 -2.254906
1.425680 -0.075196 -2.530954
1.330263 -1.423486 -2.529657
1.373320 -1.953555 -2.264561
1.320967 -1.433267 -2.529654
0.041974 -1.595933 -2.530440
-1.406268 -2.043730 -2.246422
-0.084525 -1.598699 -2.530531
-1.922445 -1.551709 -2.245648
-1.546232 -0.101950 -2.533136
-1.375082 -1.504104 -2.525927
-1.365244 -1.493910 -2.531589
-1.960038 1.361307 -2.268902
-1.548787 0.009827 -2.533251
-1.487031 1.907350 -2.247423
-0.115062 1.537414 -2.533735
-1.429944 1.359317 -2.531483
-1.424274 1.354155 -2.534522
-0.042496 -0.013175 0.877932
-0.048040 -0.018913 0.877932
-0.047801 -0.008010 0.877932
-0.053348 -0.013771 0.877932
-0.090449 1.416084 -0.140541
0.401867 1.695420 -0.463677
1.433898 2.517605 -1.426191
-0.557189 1.658968 -0.445988
-1.661187 2.448001 -1.426988
1.448777 2.531030 -1.441961
-0.034550 2.596541 -1.561483
-0.827628 2.560244 -1.539440
-1.680696 2.463761 -1.446513
-1.636442 2.473420 -1.456941
-0.546583 2.577636 -1.552709
1.390420 2.541352 -1.455996
-1.292770 2.520740 -1.504562
-1.058065 2.542466 -1.524321
-1.365529 2.512875 -1.497075
-1.523961 2.490835 -1.474850
0.492893 2.593234 -1.543068
0.256759 2.596708 -1.553715
0.748877 2.587501 -1.529157
0.892744 2.582088 -1.518698
-0.148619 2.593856 -1.561367
-0.298287 2.589185 -1.559833
1.240206 2.559569 -1.482057
1.324259 2.549955 -1.468173
1.165452 2.565815 -1.491629
1.044520 2.574061 -1.504874
-2.438086 -1.736842 -1.493749
-1.579147 -0.416026 -0.369863
-1.435543 -0.008936 -0.173546
-1.632682 0.396018 -0.399495
-2.518358 1.544670 -1.444913
-2.447933 -1.749923 -1.506540
-2.566332 1.359484 -1.512721
-2.591796 -0.414498 -1.624436
-2.556783 -0.949027 -1.605210
-2.524229 -1.299259 -1.580704
-2.503709 -1.445801 -1.561903
-2.605140 0.118080 -1.616901
-2.596668 0.848329 -1.573405
-2.601858 0.610374 -1.590588
-2.540011 1.569525 -1.470617
-2.553599 1.470944 -1.491908
-2.603677 -0.052383 -1.622792
-2.600043 -0.204202 -1.625149
-2.583508 -0.566771 -1.621048
-2.572037 -0.751539 -1.615185
-2.587606 1.050763 -1.553029
-2.579577 1.184598 -1.537034
-2.461905 -1.686208 -1.520972
-2.480767 -1.593302 -1.540143
-2.603617 0.487632 -1.598314
-2.605248 0.241923 -1.611438
0.412035 -1.676773 -0.453587
-0.006134 -1.479198 -0.207680
-0.429493 -1.693790 -0.458795
1.482524 -2.512959 -1.481597
0.233092 -2.629359 -1.599247
-1.085000 -2.615405 -1.558426
-0.828561 -2.629418 -1.579995
-1.585369 -2.561281 -1.484040
-1.568751 -2.564291 -1.487973
1.077484 -2.568331 -1.541010
0.820669 -2.592510 -1.565498
-1.298784 -2.598706 -1.534394
-1.456281 -2.580184 -1.509188
-0.041409 -2.635821 -1.602044
-0.267058 -2.637599 -1.600081
-0.560801 -2.635677 -1.592417
-0.312456 -2.637602 -1.599259
0.597628 -2.610021 -1.582558
0.457396 -2.618812 -1.590608
1.245311 -2.548554 -1.520211
1.362287 -2.531966 -1.502333
1.566720 -2.494866 -1.461308
1.524260 -2.504337 -1.471958
1.500232 0.477990 -0.414660
1.304569 0.020288 -0.165783
1.511431 -0.441813 -0.414569
2.351843 1.534255 -1.483698
2.445392 -1.128286 -1.559027
2.382035 -1.622937 -1.473188
2.466282 0.205578 -1.605069
2.454003 0.465079 -1.593819
2.434971 -1.260558 -1.544136
2.419616 -1.390161 -1.523186
2.467457 -0.594643 -1.594396
2.471982 -0.307621 -1.604341
2.470623 0.021708 -1.607651
2.471984 -0.151989 -1.606702
2.384580 1.317356 -1.520891
2.368996 1.426377 -1.503272
2.331955 1.626423 -1.460502
2.341456 1.584140 -1.471609
2.394540 -1.556585 -1.489656
2.386425 -1.600979 -1.478950
2.391353 1.251399 -1.528266
2.413927 1.013288 -1.552571
2.437760 0.722610 -1.577637
2.424026 0.896916 -1.563295
2.463387 -0.767089 -1.586750
2.458626 -0.888036 -1.579031
-2.430918 -1.765827 -1.779965
-2.449875 -1.719423 -1.767830
-2.419580 -1.842077 -1.756001
-2.433022 -1.795808 -1.756001
651
0 329
0 330
0 23
1 209
1 2
1 19
2 260
2 6
3 406
3 5
3 405
4 7
4 404
4 5
5 78
6 7
6 325
7 8
8 55
8 9
9 10
9 11
10 294
10 381
11 382
11 12
12 13
12 14
13 383
13 119
14 15
14 326
15 59
15 16
16 17
16 20
17 355
17 18
18 356
18 357
19 25
19 327
20 21
20 328
21 358
21 22
22 359
22 26
23 27
23 24
24 331
24 25
25 26
26 57
27 333
27 332
28 31
28 29
28 307
29 50
29 277
30 310
30 31
30 32
31 56
32 295
32 33
33 53
33 35
34 37
34 35
34 313
35 120
36 315
36 37
36 38
37 60
38 430
38 39
39 231
39 41
40 43
40 41
40 319
41 221
42 321
42 43
42 44
43 58
44 81
44 45
45 52
45 47
46 49
46 47
46 301
47 61
48 304
48 49
48 51
49 210
50 54
50 51
51 261
52 284
52 68
53 70
53 244
54 109
54 225
55 124
55 180
56 181
56 125
57 174
57 269
58 270
58 175
59 128
59 227
60 228
60 129
61 97
61 118
62 63
62 189
62 104
63 105
63 190
64 65
64 150
64 160
65 161
65 151
66 264
66 407
66 257
67 247
67 361
67 222
68 335
68 255
69 298
69 384
69 268
70 266
70 385
71 72
71 205
71 92
72 93
72 206
73 291
73 408
73 136
74 179
74 336
74 96
75 242
75 362
75 233
76 77
76 386
76 138
77 248
77 387
78 79
78 409
79 80
79 152
80 279
80 153
81 83
81 84
82 83
82 337
82 166
83 167
84 338
84 198
85 86
85 252
85 199
86 200
86 253
87 164
87 363
87 243
88 89
88 90
88 115
89 116
89 91
90 91
90 134
91 135
92 93
92 94
93 95
94 95
94 280
95 281
96 339
96 285
97 293
97 340
98 99
98 156
98 100
99 101
99 157
100 101
100 154
101 155
102 103
102 104
102 121
103 122
103 105
104 105
106 433
106 360
106 107
107 108
107 203
108 204
108 432
109 110
109 410
110 288
110 411
111 112
111 113
111 211
112 212
112 114
113 114
113 162
114 163
115 116
115 117
116 118
117 118
117 334
119 121
119 388
120 123
120 122
121 122
123 139
123 389
124 125
124 126
125 127
126 127
126 172
127 173
128 129
128 282
129 283
130 267
130 390
130 131
131 391
131 265
132 133
132 140
132 134
133 135
133 141
134 135
136 412
136 137
137 413
137 278
138 392
138 139
139 393
140 141
140 142
141 143
142 143
142 213
143 214
144 145
144 146
144 185
145 186
145 147
146 147
146 219
147 220
148 149
148 262
148 150
149 151
149 263
150 151
152 153
152 154
153 155
154 155
156 157
156 158
157 159
158 159
158 182
159 183
160 161
160 162
161 163
162 163
164 165
164 364
165 259
165 365
166 167
166 168
167 169
168 169
168 250
169 251
170 171
170 193
170 172
171 173
171 194
172 173
174 175
174 176
175 177
176 177
176 201
177 202
178 197
178 341
178 179
179 342
180 181
180 182
181 183
182 183
184 232
184 366
184 274
185 186
185 187
186 188
187 188
187 223
188 224
189 190
189 191
190 192
191 192
191 229
192 230
193 194
193 195
194 196
195 196
195 240
196 241
197 198
197 343
198 344
199 200
199 201
200 202
201 202
203 204
203 205
204 206
205 206
207 208
207 414
207 290
208 415
208 226
209 211
209 213
210 214
210 212
211 212
213 214
215 216
215 367
215 246
216 273
216 368
217 218
217 234
217 219
218 220
218 235
219 220
221 222
221 224
222 370
223 224
223 369
225 416
225 226
226 417
227 228
227 229
228 230
229 230
231 233
231 232
232 371
233 372
234 235
234 236
235 237
236 237
236 271
237 272
238 239
238 296
238 240
239 241
239 297
240 241
242 243
242 373
243 374
244 394
244 245
245 395
245 249
246 375
246 247
247 376
248 249
248 396
249 397
250 251
250 252
251 253
252 253
254 255
254 345
254 275
255 346
256 257
256 418
256 286
257 419
258 431
258 377
258 259
259 378
260 420
260 262
261 263
261 264
262 263
264 421
265 398
265 266
266 399
267 268
267 400
268 401
269 270
269 271
270 272
271 272
273 274
273 379
274 380
275 347
275 276
276 348
276 300
277 278
277 279
278 422
279 423
280 281
280 282
281 283
282 283
284 285
284 349
285 350
286 424
286 287
287 425
287 289
288 289
288 426
289 427
290 428
290 291
291 429
292 299
292 351
292 293
293 352
294 402
294 296
295 297
295 298
296 297
298 403
299 300
299 353
300 354
301 303
301 302
302 303
302 322
303 306
304 306
304 305
305 308
305 306
307 309
307 308
308 309
309 311
310 311
310 312
311 312
312 314
313 317
313 314
314 318
315 317
315 316
316 320
316 318
317 318
319 323
319 320
320 324
321 323
321 322
322 324
323 324
325 327
325 326
326 328
327 328
329 332
329 330
330 331
331 334
332 333
333 337
334 340
335 346
335 349
336 339
336 342
337 338
338 344
339 350
340 352
341 342
341 343
343 344
345 347
345 346
347 348
348 354
349 350
351 352
351 353
353 354
355 360
355 356
356 357
357 358
358 359
359 369
360 377
361 370
361 376
362 372
362 373
363 374
363 364
364 365
365 378
366 380
366 371
367 375
367 368
368 379
369 370
371 372
373 374
375 376
377 378
379 380
381 402
381 382
382 383
383 388
384 401
384 403
385 394
385 399
386 392
386 387
387 396
388 389
389 393
390 391
390 400
391 398
392 393
394 395
395 397
396 397
398 399
400 401
402 403
404 420
404 405
405 406
406 409
407 419
407 421
408 412
408 429
409 423
410 416
410 411
411 426
412 413
413 422
414 428
414 415
415 417
416 417
418 424
418 419
420 421
422 423
424 425
425 427
426 427
428 429
430 432
430 431
431 433
432 433
219
26 631 632 645 644 643 639 640 625 626 641 621 622 623 624 629 642 634 633 627 628 646 635 636 637 638 630 
6 5 41 542 16 7 4 
26 569 570 571 567 566 564 565 553 554 568 559 555 556 561 562 563 558 557 551 550 546 547 548 549 552 560 
8 47 45 42 43 545 41 40 52 
26 594 583 584 585 586 596 578 572 573 574 575 576 577 592 579 580 595 589 590 591 597 587 588 593 581 582 
6 30 31 544 43 35 33 
23 611 612 619 602 603 620 598 599 600 601 609 610 614 606 607 608 617 616 615 604 605 618 613 
9 17 15 16 543 31 27 25 21 19 
9 59 57 58 520 517 516 97 99 102 
9 95 511 513 539 85 87 90 92 94 
9 73 75 78 80 82 83 536 532 531 
9 61 63 66 68 70 71 528 526 524 
5 12 13 9 10 622 
7 6 7 15 11 12 621 453 
13 3 4 6 454 293 294 130 131 309 237 232 233 379 
16 50 51 40 5 3 380 282 279 266 267 194 189 190 240 243 549 
5 1 2 49 50 548 
3 0 1 547 
5 55 48 2 0 546 
3 54 55 550 
18 52 51 49 48 54 551 175 176 317 320 438 181 182 367 332 329 114 53 
16 46 47 53 115 466 416 413 391 392 290 285 286 346 349 400 577 
4 44 45 46 576 
7 39 37 34 35 42 44 575 
3 38 39 574 
4 36 37 38 573 
16 33 34 36 572 221 222 224 371 148 149 197 200 481 258 118 32 
14 29 26 27 30 32 119 405 355 352 125 126 215 216 244 
4 28 29 245 601 
5 24 25 26 28 600 
5 23 20 21 24 599 
4 22 23 598 501 
14 19 20 22 502 419 420 361 358 323 324 255 252 110 18 
15 14 13 11 17 18 111 339 306 303 207 208 212 299 169 166 
5 8 9 14 167 624 
3 10 8 623 
14 101 102 103 456 134 136 445 447 488 490 491 229 227 108 
14 100 382 234 235 238 310 132 133 295 296 455 103 99 98 
14 100 93 94 96 123 241 191 192 195 268 269 280 283 381 
14 92 91 105 141 441 443 473 475 507 497 499 204 122 96 
13 89 173 179 363 334 336 155 157 203 484 104 91 90 
15 89 87 86 88 117 330 333 368 183 184 439 321 318 177 172 
16 88 81 82 84 397 350 347 287 288 291 393 394 414 417 467 116 
14 80 79 409 342 344 469 388 385 387 432 137 139 396 84 
14 77 648 449 451 314 312 185 187 424 158 160 408 79 78 
15 77 75 74 76 121 259 482 201 198 150 151 372 225 226 647 
13 76 69 70 72 247 217 218 127 128 353 356 406 120 
13 68 67 107 428 430 434 164 161 163 276 249 246 72 
13 65 504 142 144 462 260 262 264 460 145 106 67 66 
14 65 63 62 64 113 253 256 325 326 359 362 421 422 503 
15 56 57 60 477 170 171 300 213 209 210 304 307 340 112 64 
14 59 101 109 402 378 374 376 495 152 154 272 274 476 60 
3 518 515 516 
3 512 511 510 
4 541 538 539 540 
4 537 536 535 541 
4 534 530 531 533 
4 529 528 527 534 
3 525 523 524 
3 521 520 519 
14 514 518 517 521 522 525 526 529 533 532 537 540 513 512 
4 545 544 543 542 
4 378 403 637 377 
4 402 401 638 403 
5 109 108 228 630 401 
4 228 227 230 631 
4 230 229 492 632 
4 492 491 493 645 
4 490 489 644 493 
4 488 487 643 489 
4 447 446 639 487 
4 446 445 448 640 
4 448 136 135 625 
4 134 458 626 135 
7 455 457 454 453 641 458 456 
4 296 292 293 457 
4 294 292 295 297 
4 130 297 133 129 
4 131 129 132 308 
4 309 308 310 311 
4 238 236 237 311 
4 235 231 232 236 
4 233 231 234 383 
6 379 383 382 381 384 380 
4 282 384 283 281 
4 280 278 279 281 
4 269 265 266 278 
4 267 265 268 270 
4 195 193 194 270 
4 192 188 189 193 
4 191 239 190 188 
4 240 239 241 242 
6 243 242 123 122 205 552 
4 204 500 560 205 
4 499 498 569 500 
4 497 508 570 498 
4 508 507 509 571 
4 509 475 474 567 
4 473 472 566 474 
4 443 442 564 472 
4 442 441 444 565 
4 141 140 553 444 
5 105 104 485 554 140 
4 485 484 486 568 
4 486 203 202 559 
4 202 157 156 555 
4 155 337 556 156 
4 336 335 561 337 
4 334 364 562 335 
4 364 363 365 563 
4 365 179 178 558 
6 172 174 175 557 178 173 
4 177 316 176 174 
4 317 316 318 319 
4 320 319 321 437 
4 438 437 439 440 
4 184 180 181 440 
4 183 366 182 180 
4 367 366 368 369 
4 333 331 332 369 
4 330 328 329 331 
6 114 328 117 116 465 115 
4 466 465 467 468 
4 416 468 417 415 
4 414 412 413 415 
4 391 412 394 390 
4 392 390 393 395 
4 291 289 290 395 
4 288 284 285 289 
4 286 284 287 345 
4 346 345 347 348 
4 349 348 350 399 
6 396 398 592 400 399 397 
4 139 138 579 398 
4 138 137 433 580 
4 432 431 595 433 
4 387 386 589 431 
4 386 385 389 590 
4 388 470 591 389 
4 470 469 471 597 
4 344 343 587 471 
4 342 410 588 343 
5 410 409 408 411 593 
4 411 160 159 581 
4 159 158 425 582 
4 425 424 426 594 
4 187 186 583 426 
4 185 313 584 186 
4 313 312 315 585 
4 314 452 586 315 
4 451 450 596 452 
6 449 649 220 221 578 450 
5 222 220 650 226 223 
4 224 223 225 370 
4 371 370 372 373 
4 151 147 148 373 
4 149 147 150 196 
4 197 196 198 199 
4 201 480 200 199 
4 481 480 482 483 
4 259 257 258 483 
6 118 257 121 120 404 119 
4 405 404 406 407 
4 355 407 356 354 
4 353 351 352 354 
4 128 124 125 351 
4 127 219 126 124 
4 218 214 215 219 
4 217 248 216 214 
7 244 248 247 246 250 609 245 
4 249 277 610 250 
4 276 275 614 277 
4 163 162 606 275 
4 162 161 165 607 
4 164 435 608 165 
4 435 434 436 617 
4 430 429 616 436 
4 428 427 615 429 
5 107 106 146 604 427 
4 146 145 461 605 
4 460 459 618 461 
4 459 264 263 613 
4 262 261 611 263 
4 260 463 612 261 
4 463 462 464 619 
4 464 144 143 602 
4 143 142 506 603 
7 503 505 502 501 620 506 504 
4 422 418 419 505 
4 420 418 421 423 
4 361 423 362 360 
4 359 357 358 360 
4 326 322 323 357 
4 324 322 325 327 
4 256 254 255 327 
4 253 251 252 254 
6 110 251 113 112 338 111 
4 339 338 340 341 
4 306 341 307 305 
4 304 302 303 305 
4 210 206 207 302 
4 208 206 209 211 
4 213 301 212 211 
4 300 298 299 301 
4 171 168 169 298 
6 166 168 170 479 629 167 
5 476 478 642 479 477 
4 274 273 634 478 
4 272 271 633 273 
4 154 153 627 271 
4 153 152 496 628 
4 495 494 646 496 
4 376 375 635 494 
4 375 374 377 636 
4 650 649 648 647 
7 95 93 98 97 515 514 510 
6 85 538 535 83 81 86 
6 71 69 74 73 530 527 
7 58 56 62 61 523 522 519 
