-0.081856 -0.145474 -3.572618
 -0.065292 -0.115215 -2.726011 
  

-0.108313 -0.153264 -3.276723
 -0.077164 -0.122155 -2.733250 
  

-0.112357 -0.181631 -4.336282
 -0.085244 -0.149898 -3.674005 
  

-0.108313 -0.153264 -3.276723
 -0.112357 -0.181631 -4.336282 
  

-0.081856 -0.145474 -3.572618
 -0.085244 -0.149898 -3.674005 
  

-0.065292 -0.115215 -2.726011
 -0.077164 -0.122155 -2.733250 
  

-0.081856 -0.145474 -3.572618
 -0.065292 -0.115215 -2.726011 
  

-0.073678 -0.128517 -2.754257
 -0.094860 -0.164226 -3.244802 
  

-0.094860 -0.164226 -3.244802
 -0.105670 -0.186519 -4.301853 
  

-0.081856 -0.145474 -3.572618
 -0.105670 -0.186519 -4.301853 
  

-0.065292 -0.115215 -2.726011
 -0.073678 -0.128517 -2.754257 
  

-0.108313 -0.153264 -3.276723
 -0.077164 -0.122155 -2.733250 
  

-0.073678 -0.128517 -2.754257
 -0.094860 -0.164226 -3.244802 
  

-0.108313 -0.153264 -3.276723
 -0.094860 -0.164226 -3.244802 
  

-0.077164 -0.122155 -2.733250
 -0.073678 -0.128517 -2.754257 
  

-0.112357 -0.181631 -4.336282
 -0.085244 -0.149898 -3.674005 
  

-0.112357 -0.181631 -4.336282
 -0.106072 -0.186498 -4.312979 
  

-0.085244 -0.149898 -3.674005
 -0.106072 -0.186498 -4.312979 
  

-0.108313 -0.153264 -3.276723
 -0.112357 -0.181631 -4.336282 
  

-0.094860 -0.164226 -3.244802
 -0.105670 -0.186519 -4.301853 
  

-0.108313 -0.153264 -3.276723
 -0.094860 -0.164226 -3.244802 
  

-0.112357 -0.181631 -4.336282
 -0.106072 -0.186498 -4.312979 
  

-0.105670 -0.186519 -4.301853
 -0.106072 -0.186498 -4.312979 
  

-0.081856 -0.145474 -3.572618
 -0.085244 -0.149898 -3.674005 
  

-0.081856 -0.145474 -3.572618
 -0.105670 -0.186519 -4.301853 
  

-0.085244 -0.149898 -3.674005
 -0.106072 -0.186498 -4.312979 
  

-0.105670 -0.186519 -4.301853
 -0.106072 -0.186498 -4.312979 
  

-0.065292 -0.115215 -2.726011
 -0.077164 -0.122155 -2.733250 
  

-0.065292 -0.115215 -2.726011
 -0.073678 -0.128517 -2.754257 
  

-0.077164 -0.122155 -2.733250
 -0.073678 -0.128517 -2.754257 
  

