8
2 5
0.069600 0.019000 1.040300
0.062100 1.056000 0.981200
   
    
3 5
-0.032900 1.030400 1.047600
1.010100 0.975900 1.093500
   
    
4 5
0.996200 0.962600 0.967100
1.023000 0.040300 0.961300
   
    
1 5
0.929000 0.062900 0.982600
0.069700 0.080300 0.958900
   
    
0 2
0.067400 -0.057800 -0.063000
-0.090700 1.011600 -0.076600
   
    
0 3
-0.022400 1.065100 -0.082500
0.951600 0.934800 0.068000
   
    
0 4
0.968500 0.909800 0.026400
1.016900 -0.093600 0.090400
   
    
0 1
1.078000 0.031700 -0.016300
-0.018500 0.087200 0.048900
   
    
