-0.133210 0.166662 -0.105326
 1.054392 0.185131 0.059223 
  

0.213916 1.120913 0.031306
 -0.133210 0.166662 -0.105326 
  

0.942451 1.022681 0.122025
 0.213916 1.120913 0.031306 
  

1.054392 0.185131 0.059223
 0.942451 1.022681 0.122025 
  

-0.133210 0.166662 -0.105326
 1.054392 0.185131 0.059223 
  

-0.064109 0.035323 1.059544
 -0.133210 0.166662 -0.105326 
  

1.054392 0.185131 0.059223
 0.882403 0.084961 0.886030 
  

-0.064109 0.035323 1.059544
 0.882403 0.084961 0.886030 
  

0.213916 1.120913 0.031306
 -0.133210 0.166662 -0.105326 
  

-0.064109 0.035323 1.059544
 -0.133210 0.166662 -0.105326 
  

0.349578 1.207744 1.097756
 0.213916 1.120913 0.031306 
  

-0.064109 0.035323 1.059544
 0.349578 1.207744 1.097756 
  

0.942451 1.022681 0.122025
 0.213916 1.120913 0.031306 
  

0.349578 1.207744 1.097756
 0.213916 1.120913 0.031306 
  

0.942451 1.022681 0.122025
 0.728732 1.144101 1.019971 
  

0.349578 1.207744 1.097756
 0.728732 1.144101 1.019971 
  

1.054392 0.185131 0.059223
 0.942451 1.022681 0.122025 
  

1.054392 0.185131 0.059223
 0.882403 0.084961 0.886030 
  

0.942451 1.022681 0.122025
 0.728732 1.144101 1.019971 
  

0.882403 0.084961 0.886030
 0.728732 1.144101 1.019971 
  

-0.064109 0.035323 1.059544
 0.882403 0.084961 0.886030 
  

-0.064109 0.035323 1.059544
 0.349578 1.207744 1.097756 
  

0.349578 1.207744 1.097756
 0.728732 1.144101 1.019971 
  

0.882403 0.084961 0.886030
 0.728732 1.144101 1.019971 
  

