0.040613 -0.027875 0.055090
 0.992639 0.058072 -0.001425 
  

-0.064144 0.966076 0.003861
 0.040613 -0.027875 0.055090 
  

0.990804 0.970835 -0.053584
 -0.064144 0.966076 0.003861 
  

0.992639 0.058072 -0.001425
 0.990804 0.970835 -0.053584 
  

0.040613 -0.027875 0.055090
 0.992639 0.058072 -0.001425 
  

0.011645 -0.124294 1.015846
 0.040613 -0.027875 0.055090 
  

0.956081 -0.046144 1.032490
 0.992639 0.058072 -0.001425 
  

0.011645 -0.124294 1.015846
 0.956081 -0.046144 1.032490 
  

-0.064144 0.966076 0.003861
 0.040613 -0.027875 0.055090 
  

0.011645 -0.124294 1.015846
 0.040613 -0.027875 0.055090 
  

-0.112584 1.034873 1.006412
 -0.064144 0.966076 0.003861 
  

0.011645 -0.124294 1.015846
 -0.112584 1.034873 1.006412 
  

0.990804 0.970835 -0.053584
 -0.064144 0.966076 0.003861 
  

-0.112584 1.034873 1.006412
 -0.064144 0.966076 0.003861 
  

0.951902 1.045003 1.025654
 0.990804 0.970835 -0.053584 
  

-0.112584 1.034873 1.006412
 0.951902 1.045003 1.025654 
  

0.992639 0.058072 -0.001425
 0.990804 0.970835 -0.053584 
  

0.956081 -0.046144 1.032490
 0.992639 0.058072 -0.001425 
  

0.951902 1.045003 1.025654
 0.990804 0.970835 -0.053584 
  

0.956081 -0.046144 1.032490
 0.951902 1.045003 1.025654 
  

0.011645 -0.124294 1.015846
 0.956081 -0.046144 1.032490 
  

0.011645 -0.124294 1.015846
 -0.112584 1.034873 1.006412 
  

-0.112584 1.034873 1.006412
 0.951902 1.045003 1.025654 
  

0.956081 -0.046144 1.032490
 0.951902 1.045003 1.025654 
  

