8
2 5
-0.135250 -0.081250 1.012250
0.131250 1.249500 0.973250
   
    
3 5
0.126000 1.081750 0.862750
0.822000 1.087500 0.832000
   
    
4 5
1.235750 1.197750 1.141000
0.779000 -0.097750 0.866000
   
    
1 5
0.835000 0.235000 0.761000
0.190750 0.011750 1.047500
   
    
0 2
-0.074750 0.077500 0.224750
0.236750 0.855000 0.102250
   
    
0 3
-0.012250 1.054750 0.038250
1.077750 1.199500 0.207250
   
    
0 4
1.004750 1.167000 -0.058500
1.218000 -0.142500 0.222000
   
    
0 1
0.791250 -0.109500 -0.143500
0.059250 -0.143000 0.095500
   
    
