8
2 5
-0.091250 0.238750 1.240000
-0.217500 0.882250 1.053250
   
    
3 5
0.244750 1.046500 1.213750
1.147750 1.075250 0.963250
   
    
4 5
0.769500 0.931000 0.846500
0.881250 -0.202500 1.105750
   
    
1 5
0.836500 -0.227750 1.242750
-0.098000 0.027250 1.018750
   
    
0 2
0.082000 0.183250 -0.027000
-0.171750 1.052500 -0.099250
   
    
0 3
-0.048000 0.982250 -0.107250
1.077500 0.765500 -0.191750
   
    
0 4
1.000000 0.798500 -0.203000
0.782500 -0.022500 -0.178250
   
    
0 1
1.073250 0.178250 -0.118500
-0.078750 0.053500 -0.218250
   
    
