8
2 5
0.037800 0.098500 1.002400
0.004500 1.022600 0.911400
   
    
3 5
0.045500 0.969400 1.034000
1.035600 1.093400 1.054800
   
    
4 5
1.033000 0.905200 0.913100
0.959800 -0.057500 0.991300
   
    
1 5
0.907700 -0.051200 1.033600
0.049900 -0.091500 1.090500
   
    
0 2
0.063800 0.039600 0.051100
0.054300 1.011600 -0.040500
   
    
0 3
0.070200 0.984700 -0.058500
1.030400 0.980500 0.081800
   
    
0 4
0.987500 0.991300 0.024000
1.043300 -0.033700 -0.087900
   
    
0 1
0.910400 -0.048200 0.073100
0.069800 0.000700 0.064600
   
    
