0.076105 -0.019043 0.017532
 1.001636 -0.013926 0.035876 
  

0.053637 0.952000 -0.005635
 0.076105 -0.019043 0.017532 
  

1.013033 1.008507 0.012182
 0.053637 0.952000 -0.005635 
  

1.001636 -0.013926 0.035876
 1.013033 1.008507 0.012182 
  

0.076105 -0.019043 0.017532
 1.001636 -0.013926 0.035876 
  

0.039066 -0.074924 1.041664
 0.076105 -0.019043 0.017532 
  

0.991399 -0.067627 1.023140
 1.001636 -0.013926 0.035876 
  

0.039066 -0.074924 1.041664
 0.991399 -0.067627 1.023140 
  

0.053637 0.952000 -0.005635
 0.076105 -0.019043 0.017532 
  

0.039066 -0.074924 1.041664
 0.076105 -0.019043 0.017532 
  

0.015487 0.990844 0.987402
 0.053637 0.952000 -0.005635 
  

0.039066 -0.074924 1.041664
 0.015487 0.990844 0.987402 
  

1.013033 1.008507 0.012182
 0.053637 0.952000 -0.005635 
  

0.015487 0.990844 0.987402
 0.053637 0.952000 -0.005635 
  

1.004137 1.047416 0.965656
 1.013033 1.008507 0.012182 
  

0.015487 0.990844 0.987402
 1.004137 1.047416 0.965656 
  

1.001636 -0.013926 0.035876
 1.013033 1.008507 0.012182 
  

0.991399 -0.067627 1.023140
 1.001636 -0.013926 0.035876 
  

1.004137 1.047416 0.965656
 1.013033 1.008507 0.012182 
  

0.991399 -0.067627 1.023140
 1.004137 1.047416 0.965656 
  

0.039066 -0.074924 1.041664
 0.991399 -0.067627 1.023140 
  

0.039066 -0.074924 1.041664
 0.015487 0.990844 0.987402 
  

0.015487 0.990844 0.987402
 1.004137 1.047416 0.965656 
  

0.991399 -0.067627 1.023140
 1.004137 1.047416 0.965656 
  

