8
2 5
0.038400 -0.093400 0.971100
0.071700 0.940000 0.986700
   
    
3 5
0.038100 1.077400 1.055000
1.083400 1.029600 1.046700
   
    
4 5
0.902100 0.960900 0.934900
1.012000 0.095200 0.948500
   
    
1 5
1.053400 0.001800 0.927100
0.037100 -0.063900 0.975100
   
    
0 2
0.016400 -0.070500 -0.011000
-0.005300 1.005500 0.055100
   
    
0 3
0.036900 0.934400 0.022700
0.986800 1.038100 -0.051600
   
    
0 4
1.010800 1.070400 0.032600
1.033000 0.061800 0.098600
   
    
0 1
0.982400 0.030100 -0.093500
0.093400 0.027500 -0.037700
   
    
