-0.037229 -0.057517 0.016181
 0.945097 -0.023294 0.062492 
  

0.011664 0.986862 -0.068708
 -0.037229 -0.057517 0.016181 
  

0.906539 0.993921 -0.024503
 0.011664 0.986862 -0.068708 
  

0.945097 -0.023294 0.062492
 0.906539 0.993921 -0.024503 
  

-0.037229 -0.057517 0.016181
 0.945097 -0.023294 0.062492 
  

-0.039472 0.056719 0.964403
 -0.037229 -0.057517 0.016181 
  

0.945097 -0.023294 0.062492
 1.013972 0.098709 1.057945 
  

-0.039472 0.056719 0.964403
 1.013972 0.098709 1.057945 
  

0.011664 0.986862 -0.068708
 -0.037229 -0.057517 0.016181 
  

-0.039472 0.056719 0.964403
 -0.037229 -0.057517 0.016181 
  

0.011664 0.986862 -0.068708
 0.000990 0.932029 0.958409 
  

-0.039472 0.056719 0.964403
 0.000990 0.932029 0.958409 
  

0.906539 0.993921 -0.024503
 0.011664 0.986862 -0.068708 
  

0.011664 0.986862 -0.068708
 0.000990 0.932029 0.958409 
  

0.906539 0.993921 -0.024503
 0.986561 0.937715 1.046294 
  

0.000990 0.932029 0.958409
 0.986561 0.937715 1.046294 
  

0.945097 -0.023294 0.062492
 0.906539 0.993921 -0.024503 
  

0.945097 -0.023294 0.062492
 1.013972 0.098709 1.057945 
  

0.906539 0.993921 -0.024503
 0.986561 0.937715 1.046294 
  

1.013972 0.098709 1.057945
 0.986561 0.937715 1.046294 
  

-0.039472 0.056719 0.964403
 1.013972 0.098709 1.057945 
  

-0.039472 0.056719 0.964403
 0.000990 0.932029 0.958409 
  

0.000990 0.932029 0.958409
 0.986561 0.937715 1.046294 
  

1.013972 0.098709 1.057945
 0.986561 0.937715 1.046294 
  

