8
2 5
0.069600 -0.035000 0.934400
0.091400 0.972400 1.060100
   
    
3 5
-0.003400 1.026800 1.047200
1.061600 1.041900 1.091400
   
    
4 5
0.938100 1.001200 1.038800
0.995600 0.008500 1.031000
   
    
1 5
1.058600 0.019400 0.942700
-0.069400 -0.083100 0.999600
   
    
0 2
-0.054500 -0.003600 0.091300
0.063500 1.017000 -0.044500
   
    
0 3
-0.030900 1.076800 0.098700
0.956500 0.983800 -0.091000
   
    
0 4
0.993700 1.080700 -0.091600
0.933900 0.046200 0.031700
   
    
0 1
0.973200 0.029300 0.071000
0.003200 0.093000 -0.037300
   
    
