-0.020867 0.046668 0.061183
 0.968081 0.063538 0.013311 
  

0.037227 1.037294 -0.010269
 -0.020867 0.046668 0.061183 
  

0.970671 1.010132 -0.052465
 0.037227 1.037294 -0.010269 
  

0.968081 0.063538 0.013311
 0.970671 1.010132 -0.052465 
  

-0.020867 0.046668 0.061183
 0.968081 0.063538 0.013311 
  

0.036578 -0.033058 0.971819
 -0.020867 0.046668 0.061183 
  

0.968081 0.063538 0.013311
 0.966690 -0.022060 0.981891 
  

0.036578 -0.033058 0.971819
 0.966690 -0.022060 0.981891 
  

0.037227 1.037294 -0.010269
 -0.020867 0.046668 0.061183 
  

0.036578 -0.033058 0.971819
 -0.020867 0.046668 0.061183 
  

0.111011 1.044302 1.058019
 0.037227 1.037294 -0.010269 
  

0.036578 -0.033058 0.971819
 0.111011 1.044302 1.058019 
  

0.970671 1.010132 -0.052465
 0.037227 1.037294 -0.010269 
  

0.111011 1.044302 1.058019
 0.037227 1.037294 -0.010269 
  

0.970671 1.010132 -0.052465
 0.969355 1.019713 1.064558 
  

0.111011 1.044302 1.058019
 0.969355 1.019713 1.064558 
  

0.968081 0.063538 0.013311
 0.970671 1.010132 -0.052465 
  

0.968081 0.063538 0.013311
 0.966690 -0.022060 0.981891 
  

0.970671 1.010132 -0.052465
 0.969355 1.019713 1.064558 
  

0.966690 -0.022060 0.981891
 0.969355 1.019713 1.064558 
  

0.036578 -0.033058 0.971819
 0.966690 -0.022060 0.981891 
  

0.036578 -0.033058 0.971819
 0.111011 1.044302 1.058019 
  

0.111011 1.044302 1.058019
 0.969355 1.019713 1.064558 
  

0.966690 -0.022060 0.981891
 0.969355 1.019713 1.064558 
  

