8
2 5
0.127000 -0.065750 0.948000
-0.106250 1.194250 1.088250
   
    
3 5
-0.161000 1.101750 0.856500
1.005000 1.138000 1.030000
   
    
4 5
1.189750 0.909250 1.073250
1.020250 -0.199500 0.917750
   
    
1 5
0.847500 -0.244000 0.932000
-0.136000 -0.102000 1.081500
   
    
0 2
0.198000 -0.131000 -0.249750
-0.007000 1.185000 -0.113750
   
    
0 3
0.075750 0.957000 -0.199750
0.917750 1.009750 0.152000
   
    
0 4
0.976500 0.777500 -0.246250
0.750750 0.112750 0.037500
   
    
0 1
1.155500 -0.008250 0.142500
0.092750 0.030750 0.128750
   
    
