0.163240 0.062127 0.130137
 1.079283 0.127434 -0.004157 
  

0.091677 1.171546 0.114935
 0.163240 0.062127 0.130137 
  

0.919023 1.081224 -0.002914
 0.091677 1.171546 0.114935 
  

1.079283 0.127434 -0.004157
 0.919023 1.081224 -0.002914 
  

0.163240 0.062127 0.130137
 1.079283 0.127434 -0.004157 
  

0.000376 0.038812 0.999632
 0.163240 0.062127 0.130137 
  

1.079283 0.127434 -0.004157
 1.103682 0.114557 1.048274 
  

0.000376 0.038812 0.999632
 1.103682 0.114557 1.048274 
  

0.091677 1.171546 0.114935
 0.163240 0.062127 0.130137 
  

0.000376 0.038812 0.999632
 0.163240 0.062127 0.130137 
  

0.091677 1.171546 0.114935
 -0.066208 1.024590 1.001972 
  

0.000376 0.038812 0.999632
 -0.066208 1.024590 1.001972 
  

0.919023 1.081224 -0.002914
 0.091677 1.171546 0.114935 
  

0.091677 1.171546 0.114935
 -0.066208 1.024590 1.001972 
  

0.919023 1.081224 -0.002914
 0.976004 0.874116 1.046737 
  

-0.066208 1.024590 1.001972
 0.976004 0.874116 1.046737 
  

1.079283 0.127434 -0.004157
 0.919023 1.081224 -0.002914 
  

1.079283 0.127434 -0.004157
 1.103682 0.114557 1.048274 
  

0.919023 1.081224 -0.002914
 0.976004 0.874116 1.046737 
  

1.103682 0.114557 1.048274
 0.976004 0.874116 1.046737 
  

0.000376 0.038812 0.999632
 1.103682 0.114557 1.048274 
  

0.000376 0.038812 0.999632
 -0.066208 1.024590 1.001972 
  

-0.066208 1.024590 1.001972
 0.976004 0.874116 1.046737 
  

1.103682 0.114557 1.048274
 0.976004 0.874116 1.046737 
  

