8
2 5
0.063000 0.112000 1.166250
-0.094500 0.787750 0.851500
   
    
3 5
0.109000 0.937750 0.867750
1.174750 0.820500 1.006250
   
    
4 5
0.842250 1.109250 1.238500
0.857750 -0.012250 1.244750
   
    
1 5
1.196500 0.146750 1.025500
-0.163500 0.184500 0.943750
   
    
0 2
0.075500 0.117500 -0.228750
0.204750 1.157250 0.173000
   
    
0 3
0.232750 1.065250 -0.186000
0.754000 1.248500 -0.199750
   
    
0 4
0.903250 1.111750 -0.014000
0.928250 -0.033000 0.168000
   
    
0 1
1.041000 0.099000 0.004000
-0.013500 -0.179500 0.152250
   
    
