0.166460 0.041960 0.009944
 0.912630 0.030044 0.038822 
  

0.137536 1.062445 -0.089275
 0.166460 0.041960 0.009944 
  

0.888209 1.193783 -0.074007
 0.137536 1.062445 -0.089275 
  

0.912630 0.030044 0.038822
 0.888209 1.193783 -0.074007 
  

0.166460 0.041960 0.009944
 0.912630 0.030044 0.038822 
  

-0.005108 0.191418 0.975812
 0.166460 0.041960 0.009944 
  

0.912630 0.030044 0.038822
 0.855522 0.200988 1.163656 
  

-0.005108 0.191418 0.975812
 0.855522 0.200988 1.163656 
  

0.137536 1.062445 -0.089275
 0.166460 0.041960 0.009944 
  

-0.005108 0.191418 0.975812
 0.166460 0.041960 0.009944 
  

0.137536 1.062445 -0.089275
 -0.019647 0.821692 0.895049 
  

-0.005108 0.191418 0.975812
 -0.019647 0.821692 0.895049 
  

0.888209 1.193783 -0.074007
 0.137536 1.062445 -0.089275 
  

0.137536 1.062445 -0.089275
 -0.019647 0.821692 0.895049 
  

0.888209 1.193783 -0.074007
 0.841100 0.938345 1.069739 
  

-0.019647 0.821692 0.895049
 0.841100 0.938345 1.069739 
  

0.912630 0.030044 0.038822
 0.888209 1.193783 -0.074007 
  

0.912630 0.030044 0.038822
 0.855522 0.200988 1.163656 
  

0.888209 1.193783 -0.074007
 0.841100 0.938345 1.069739 
  

0.855522 0.200988 1.163656
 0.841100 0.938345 1.069739 
  

-0.005108 0.191418 0.975812
 0.855522 0.200988 1.163656 
  

-0.005108 0.191418 0.975812
 -0.019647 0.821692 0.895049 
  

-0.019647 0.821692 0.895049
 0.841100 0.938345 1.069739 
  

0.855522 0.200988 1.163656
 0.841100 0.938345 1.069739 
  

