8
2 5
0.058000 0.252000 1.082500
-0.262500 1.440000 1.235500
   
    
3 5
0.434000 0.635500 1.131500
1.268000 1.259000 0.614000
   
    
4 5
1.499500 0.770500 0.967000
1.099000 0.374000 1.107500
   
    
1 5
0.907000 0.234000 0.785000
0.101500 0.411500 1.028000
   
    
0 2
0.193000 0.281500 -0.225500
-0.180000 1.270000 0.447500
   
    
0 3
0.147000 1.204000 0.366500
0.630500 1.314000 0.025000
   
    
0 4
0.858000 1.484000 -0.431500
1.028000 0.073000 0.041000
   
    
0 1
1.005000 0.169000 0.224500
0.464500 0.137000 -0.440000
   
    
