0.530677 0.221063 -0.082307
 0.766699 0.175183 -0.224518 
  

-0.061449 1.076750 0.314700
 0.530677 0.221063 -0.082307 
  

0.930074 1.404391 -0.254455
 -0.061449 1.076750 0.314700 
  

0.766699 0.175183 -0.224518
 0.930074 1.404391 -0.254455 
  

0.530677 0.221063 -0.082307
 0.766699 0.175183 -0.224518 
  

0.101895 0.393336 1.137123
 0.530677 0.221063 -0.082307 
  

0.766699 0.175183 -0.224518
 0.885703 0.267937 0.956291 
  

0.101895 0.393336 1.137123
 0.885703 0.267937 0.956291 
  

-0.061449 1.076750 0.314700
 0.530677 0.221063 -0.082307 
  

0.101895 0.393336 1.137123
 0.530677 0.221063 -0.082307 
  

-0.061449 1.076750 0.314700
 0.023257 0.511374 1.180688 
  

0.101895 0.393336 1.137123
 0.023257 0.511374 1.180688 
  

0.930074 1.404391 -0.254455
 -0.061449 1.076750 0.314700 
  

-0.061449 1.076750 0.314700
 0.023257 0.511374 1.180688 
  

0.930074 1.404391 -0.254455
 0.933267 0.576447 1.021527 
  

0.023257 0.511374 1.180688
 0.933267 0.576447 1.021527 
  

0.766699 0.175183 -0.224518
 0.930074 1.404391 -0.254455 
  

0.766699 0.175183 -0.224518
 0.885703 0.267937 0.956291 
  

0.930074 1.404391 -0.254455
 0.933267 0.576447 1.021527 
  

0.885703 0.267937 0.956291
 0.933267 0.576447 1.021527 
  

0.101895 0.393336 1.137123
 0.885703 0.267937 0.956291 
  

0.101895 0.393336 1.137123
 0.023257 0.511374 1.180688 
  

0.023257 0.511374 1.180688
 0.933267 0.576447 1.021527 
  

0.885703 0.267937 0.956291
 0.933267 0.576447 1.021527 
  

