8
2 5
-0.012300 0.021100 1.059600
0.018600 0.948600 1.079900
   
    
3 5
-0.001600 0.953200 1.033800
1.014200 0.931300 0.965400
   
    
4 5
1.016600 1.079100 1.092100
0.995400 -0.003100 0.999200
   
    
1 5
1.075700 -0.029700 0.938900
0.083400 -0.080700 1.028400
   
    
0 2
-0.075000 0.001500 0.029900
-0.050500 1.011000 0.014100
   
    
0 3
-0.043700 1.039000 -0.031600
1.087800 1.098700 0.085400
   
    
0 4
1.097200 1.054400 -0.098600
0.939100 0.026400 0.096900
   
    
0 1
0.931800 -0.038900 -0.014200
0.005000 -0.011200 -0.023300
   
    
