-0.075676 0.029757 -0.002228
 0.963978 0.063443 -0.000477 
  

-0.101003 1.016327 0.017998
 -0.075676 0.029757 -0.002228 
  

0.986181 0.993269 0.018633
 -0.101003 1.016327 0.017998 
  

0.963978 0.063443 -0.000477
 0.986181 0.993269 0.018633 
  

-0.075676 0.029757 -0.002228
 0.963978 0.063443 -0.000477 
  

-0.011436 0.058629 1.044530
 -0.075676 0.029757 -0.002228 
  

0.963978 0.063443 -0.000477
 1.000716 0.090461 1.008635 
  

-0.011436 0.058629 1.044530
 1.000716 0.090461 1.008635 
  

-0.101003 1.016327 0.017998
 -0.075676 0.029757 -0.002228 
  

-0.011436 0.058629 1.044530
 -0.075676 0.029757 -0.002228 
  

-0.044713 1.068293 0.946781
 -0.101003 1.016327 0.017998 
  

-0.011436 0.058629 1.044530
 -0.044713 1.068293 0.946781 
  

0.986181 0.993269 0.018633
 -0.101003 1.016327 0.017998 
  

-0.044713 1.068293 0.946781
 -0.101003 1.016327 0.017998 
  

0.986181 0.993269 0.018633
 1.019419 1.043852 0.914710 
  

-0.044713 1.068293 0.946781
 1.019419 1.043852 0.914710 
  

0.963978 0.063443 -0.000477
 0.986181 0.993269 0.018633 
  

0.963978 0.063443 -0.000477
 1.000716 0.090461 1.008635 
  

0.986181 0.993269 0.018633
 1.019419 1.043852 0.914710 
  

1.000716 0.090461 1.008635
 1.019419 1.043852 0.914710 
  

-0.011436 0.058629 1.044530
 1.000716 0.090461 1.008635 
  

-0.011436 0.058629 1.044530
 -0.044713 1.068293 0.946781 
  

-0.044713 1.068293 0.946781
 1.019419 1.043852 0.914710 
  

1.000716 0.090461 1.008635
 1.019419 1.043852 0.914710 
  

