-0.015070 0.083041 -0.130663
 1.034066 -0.007688 -0.163381 
  

0.243657 1.014824 -0.016344
 -0.015070 0.083041 -0.130663 
  

1.205895 1.244981 -0.006157
 0.243657 1.014824 -0.016344 
  

1.034066 -0.007688 -0.163381
 1.205895 1.244981 -0.006157 
  

-0.015070 0.083041 -0.130663
 1.034066 -0.007688 -0.163381 
  

-0.149150 -0.108207 0.967501
 -0.015070 0.083041 -0.130663 
  

0.877888 -0.218375 1.050619
 1.034066 -0.007688 -0.163381 
  

-0.149150 -0.108207 0.967501
 0.877888 -0.218375 1.050619 
  

0.243657 1.014824 -0.016344
 -0.015070 0.083041 -0.130663 
  

-0.149150 -0.108207 0.967501
 -0.015070 0.083041 -0.130663 
  

0.138973 0.919192 1.054111
 0.243657 1.014824 -0.016344 
  

-0.149150 -0.108207 0.967501
 0.138973 0.919192 1.054111 
  

1.205895 1.244981 -0.006157
 0.243657 1.014824 -0.016344 
  

0.138973 0.919192 1.054111
 0.243657 1.014824 -0.016344 
  

1.205895 1.244981 -0.006157
 1.071151 1.136589 1.148533 
  

0.138973 0.919192 1.054111
 1.071151 1.136589 1.148533 
  

1.034066 -0.007688 -0.163381
 1.205895 1.244981 -0.006157 
  

0.877888 -0.218375 1.050619
 1.034066 -0.007688 -0.163381 
  

1.205895 1.244981 -0.006157
 1.071151 1.136589 1.148533 
  

0.877888 -0.218375 1.050619
 1.071151 1.136589 1.148533 
  

-0.149150 -0.108207 0.967501
 0.877888 -0.218375 1.050619 
  

-0.149150 -0.108207 0.967501
 0.138973 0.919192 1.054111 
  

0.138973 0.919192 1.054111
 1.071151 1.136589 1.148533 
  

0.877888 -0.218375 1.050619
 1.071151 1.136589 1.148533 
  

