8
2 5
0.430500 0.190500 1.450000
-0.291500 0.890500 0.581500
   
    
3 5
-0.109000 1.274000 0.903000
1.333500 0.814500 0.718000
   
    
4 5
0.891500 1.469000 0.760500
0.830000 0.013000 1.442500
   
    
1 5
0.963500 0.411000 0.762500
-0.339000 -0.240000 1.375000
   
    
0 2
-0.482500 -0.377500 -0.280500
0.365500 1.093500 -0.390500
   
    
0 3
0.293500 0.887500 -0.279500
1.378000 0.776500 0.264500
   
    
0 4
0.746000 0.930000 -0.054000
0.647000 0.382000 -0.495500
   
    
0 1
1.455000 0.439500 -0.260000
-0.379500 0.289000 -0.407500
   
    
