0.175970 0.428890 -0.416783
 0.645948 0.473127 -0.283582 
  

0.051696 0.793798 -0.333758
 0.175970 0.428890 -0.416783 
  

0.718380 0.843114 -0.149025
 0.051696 0.793798 -0.333758 
  

0.645948 0.473127 -0.283582
 0.718380 0.843114 -0.149025 
  

0.175970 0.428890 -0.416783
 0.645948 0.473127 -0.283582 
  

0.251578 0.232023 1.128015
 0.175970 0.428890 -0.416783 
  

0.767034 0.302195 1.112384
 0.645948 0.473127 -0.283582 
  

0.251578 0.232023 1.128015
 0.767034 0.302195 1.112384 
  

0.051696 0.793798 -0.333758
 0.175970 0.428890 -0.416783 
  

0.251578 0.232023 1.128015
 0.175970 0.428890 -0.416783 
  

-0.011708 0.997727 0.834972
 0.051696 0.793798 -0.333758 
  

0.251578 0.232023 1.128015
 -0.011708 0.997727 0.834972 
  

0.718380 0.843114 -0.149025
 0.051696 0.793798 -0.333758 
  

-0.011708 0.997727 0.834972
 0.051696 0.793798 -0.333758 
  

0.851635 1.021133 0.844142
 0.718380 0.843114 -0.149025 
  

-0.011708 0.997727 0.834972
 0.851635 1.021133 0.844142 
  

0.645948 0.473127 -0.283582
 0.718380 0.843114 -0.149025 
  

0.767034 0.302195 1.112384
 0.645948 0.473127 -0.283582 
  

0.851635 1.021133 0.844142
 0.718380 0.843114 -0.149025 
  

0.767034 0.302195 1.112384
 0.851635 1.021133 0.844142 
  

0.251578 0.232023 1.128015
 0.767034 0.302195 1.112384 
  

0.251578 0.232023 1.128015
 -0.011708 0.997727 0.834972 
  

-0.011708 0.997727 0.834972
 0.851635 1.021133 0.844142 
  

0.767034 0.302195 1.112384
 0.851635 1.021133 0.844142 
  

