
   442 1326 223
   0   1.213939565712  3.083163379503 -4.280409590425
   1   1.080803773532  3.138176057801 -4.260630828440
   2   1.598790229508  2.867562216019 -4.265289419621
   3   1.357244332800  3.010191269978 -4.284120061471
   4   1.490560819561  2.934049247600 -4.277022576819
   5   0.427313832156  3.319063613946 -4.241303679640
   6   0.083990898897  3.355769890029 -4.185612636002
   7   0.969873543388  3.180067291967 -4.257296402671
   8   0.653986716712  3.273081311899 -4.258734243968
   9   0.564257954891  3.293071564636 -4.253424346512
  10   0.312665530686  3.335240480644 -4.226191471517
  11   0.221796432906  3.345142715876 -4.211617704535
  12   0.715599764469  3.257286742364 -4.260541345975
  13   0.821477022340  3.228343197688 -4.262044513402
  14   1.036689310138  3.154778724597 -4.251999808404
  15   1.871523951286  2.671149476618 -4.251614450449
  16   1.984289669582  2.574762286481 -4.237056777824
  17   1.718033323173  2.786442516986 -4.259252658866
  18   2.163958376571  2.398566276332 -4.196540791987
  19   2.105291290840  2.461042698042 -4.213555263531
  20   1.631946090116  2.844941404574 -4.258816624201
  21   1.207771262418  2.970174095091 -4.131861851004
  22   2.249143850184  2.301937080810 -4.202705977243
  23   2.344720885946  2.182639910530 -4.219117423794
  24   2.566425733219  1.851353826237 -4.230906545761
  25   2.681156730199  1.631874163810 -4.213867250845
  26   2.478511665508  1.994858774610 -4.232078247866
  27   2.664020145083  1.666903147700 -4.217494522015
  28   2.618293303200  1.756813850140 -4.225458791743
  29   2.748136896438  1.478791201169 -4.191901753099
  30   2.725281281749  1.534030677896 -4.200843517130
  31   2.368044209403  2.151602286625 -4.222194565559
  32   2.426678277525  2.071023352259 -4.228701470911
  33   2.955910954777  0.583103852056 -4.228718826204
  34   2.794270518003  1.356731503699 -4.196526080518
  35   2.966300419957  0.335486942592 -4.201478814015
  36   2.964610343478  0.444516661473 -4.216092276854
  37   2.905075161534  0.944136805513 -4.236030542648
  38   2.883133864418  1.050103166841 -4.231801811306
  39   2.854336641514  1.162265724817 -4.222265471701
  40   2.827665209688  1.254036787470 -4.211639263508
  41   2.927117989963  0.817835399666 -4.237339700261
  42   2.939997109635  0.727335147311 -4.235630445935
  43   2.766968539415  1.428894464337 -4.182423223348
  44   2.898497520231 -0.263041723242 -4.229166118047
  45   2.866496894426 -0.406190701524 -4.228356527494
  46   2.831939085870 -0.532545703853 -4.222036511677
  47   2.756217311853 -0.743433803288 -4.195462513514
  48   2.808314330790 -0.605338603451 -4.215095199758
  49   2.950876006484  0.097816993017 -4.206081081514
  50   2.933369537311 -0.061129180528 -4.221191289736
  51   2.922772076566 -0.135723638784 -4.226167459670
  52   2.711118074799 -0.852323379572 -4.194457509174
  53   2.290128628942 -1.536331119188 -4.229042699549
  54   2.471569609285 -1.290890826868 -4.239702242496
  55   2.561955897175 -1.143447328969 -4.231972632721
  56   2.178568340507 -1.667018696599 -4.212013919828
  57   2.607356865326 -1.063901233626 -4.225248899681
  58   2.660617053122 -0.959486954847 -4.211612868430
  59   2.406030391068 -1.384151440026 -4.238236457354
  60   2.342376475950 -1.468951772561 -4.233820328834
  61   2.730907976491 -0.804646228289 -4.184791369956
  62   1.944803518646 -1.897582604994 -4.221974338979
  63   1.833988033539 -1.989185108216 -4.237131638449
  64   1.593759058336 -2.158421050785 -4.247415550816
  65   1.477344333286 -2.229773348906 -4.244198485672
  66   1.352295694713 -2.298546476859 -4.234687308845
  67   1.099127512142 -2.417194640560 -4.199592913987
  68   1.277370259039 -2.336738438330 -4.226669033981
  69   1.189904668381 -2.379604966030 -4.215987356922
  70   1.740322430174 -2.059473273775 -4.244451711875
  71   1.681786726902 -2.100600273538 -4.246872854132
  72   0.039805775284 -2.639057186091 -4.255364855183
  73   0.664359758688 -2.554834614972 -4.245362192099
  74   0.336016076986 -2.614982494029 -4.265188673398
  75   0.162855917519 -2.631335794375 -4.261538365504
  76  -0.205090591405 -2.634843867483 -4.225104266249
  77  -0.072458417059 -2.639029344458 -4.243240360365
  78   0.768970303220 -2.527922973672 -4.231932742209
  79   0.879073824708 -2.495898342012 -4.214401812488
  80   0.979285352011 -2.462472202714 -4.194518288877
  81   0.905453541591 -2.487774474592 -4.209787504286
  82   0.468667433820 -2.593930724807 -4.260160307191
  83   0.564144921920 -2.575659613889 -4.253678143471
  84   1.023774698395 -2.445646353344 -4.183867708365
  85  -0.701106330494 -2.568365028043 -4.273977709781
  86  -1.101763681187 -2.446755822149 -4.270985017693
  87  -0.340051045734 -2.626346815220 -4.230930513884
  88  -0.440774112343 -2.615164241823 -4.247364643185
  89  -0.864069326294 -2.526468957173 -4.279467897732
  90  -0.947118269188 -2.502337338655 -4.279801097016
  91  -1.267707007561 -2.378098803843 -4.253534165185
  92  -1.185271518596 -2.413735225360 -4.263559158192
  93  -0.529502007036 -2.601054743755 -4.258066788936
  94  -0.620726038198 -2.585066276487 -4.267756354166
  95  -1.949484382483 -1.950290434655 -4.273968095450
  96  -2.108008021720 -1.810364164619 -4.261261603525
  97  -2.164340116029 -1.755698607054 -4.253151562012
  98  -1.700006142274 -2.137973966417 -4.270306107322
  99  -1.405182026013 -2.313463478100 -4.232295704706
 100  -1.563681503682 -2.224500917097 -4.256644905060
 101  -1.482996210313 -2.272236718035 -4.246030924268
 102  -2.305500258528 -1.599264996981 -4.218682006950
 103  -2.249140337795 -1.665316212622 -4.235057953720
 104  -1.839454943925 -2.038462026354 -4.276277871922
 105  -1.775160701657 -2.085165942990 -4.274123122308
 106  -1.404931263590 -2.313581621591 -4.232240740103
 107  -2.508204756167 -1.338811817272 -4.241278335091
 108  -2.363702642107 -1.528889766525 -4.213237447770
 109  -2.463652462052 -1.400109792148 -4.233851928472
 110  -2.833273782230 -0.731963708355 -4.223243982679
 111  -2.791994191650 -0.831814798453 -4.235846566495
 112  -2.748871604448 -0.923558705862 -4.243325866420
 113  -2.643401843906 -1.121101648952 -4.249470853048
 114  -2.572606288870 -1.240796361362 -4.247756323493
 115  -2.653007901210 -1.104260058797 -4.249431740011
 116  -2.705333246397 -1.009061863071 -4.247652967023
 117  -3.010124552989 -0.022573934173 -4.259525668937
 118  -2.882641553400 -0.594675580334 -4.213511288448
 119  -2.923643044158 -0.453948277138 -4.233554112481
 120  -2.993228428754 -0.141245700240 -4.258618966685
 121  -2.970158088965 -0.273241663435 -4.253740831903
 122  -3.031263624955  0.271435045963 -4.243025288035
 123  -3.032204789929  0.333147675676 -4.236399005684
 124  -3.027869694928  0.198748146427 -4.248762266316
 125  -3.021741265610  0.100664165641 -4.255102674547
 126  -3.028734109350  0.454270501746 -4.218582452431
 127  -3.031796467897  0.358352419705 -4.232975507667
 128  -2.869638627747 -0.630667955820 -4.206108507362
 129  -2.940194764910  1.066150515031 -4.260294642176
 130  -2.962893204174  0.964545763406 -4.256724707167
 131  -2.750669128881  1.615949782594 -4.220541184811
 132  -2.790029485758  1.525470630063 -4.234319262984
 133  -3.021774926143  0.564753248564 -4.215727179398
 134  -3.012828380385  0.664001949544 -4.230927020768
 135  -2.904649031819  1.196042830740 -4.259077326309
 136  -2.866605029186  1.319415872296 -4.254128654314
 137  -2.833433729982  1.416443351183 -4.247357301191
 138  -2.863275605163  1.329629435656 -4.253559641175
 139  -2.992570334309  0.808818345370 -4.246725656550
 140  -3.002464340399  0.746250855990 -4.240910896746
 141  -2.413886129955  2.181281603156 -4.259631630625
 142  -1.997536138969  2.622461538331 -4.199160840391
 143  -2.343922152216  2.268592738592 -4.256752505416
 144  -2.230221190065  2.397475558934 -4.244882320129
 145  -2.673830804990  1.772878162338 -4.223892949335
 146  -2.602215697431  1.903525163082 -4.243761282835
 147  -2.530635553467  2.016445437815 -4.253856529525
 148  -2.487548183732  2.079878415621 -4.257424387634
 149  -2.166201780864  2.463431248209 -4.234544015941
 150  -2.100540387546  2.528971246780 -4.222775698782
 151  -2.716813545973  1.684716701165 -4.206579668210
 152  -1.494464589188  2.977890047289 -4.228467460754
 153  -1.386607555385  3.034945831500 -4.222706865279
 154  -1.920687109467  2.686041847182 -4.199698351899
 155  -1.591630875520  2.920430525378 -4.228953072452
 156  -1.158930850242  3.139748633340 -4.198406954439
 157  -1.270485776887  3.089488598973 -4.211159638302
 158  -1.761068529714  2.806151261294 -4.218867342664
 159  -1.840157879308  2.748614126675 -4.210903253211
 160  -1.715869408177  2.837952659809 -4.222579728575
 161  -1.636400505073  2.892007036833 -4.227663815179
 162  -0.287262673927  3.348467290576 -4.228509264281
 163  -1.074165385203  3.173241340369 -4.188700194944
 164  -0.907741173311  3.227446379203 -4.212572315142
 165  -0.015283256135  3.358977265686 -4.197157717500
 166  -0.151630772435  3.356943050226 -4.215789906434
 167  -0.642597230173  3.297513344606 -4.235922284652
 168  -0.748480615024  3.273810069336 -4.230452699555
 169  -0.504016287641  3.321704126293 -4.236923388235
 170  -0.414177804392  3.334482021618 -4.234954824897
 171   0.068671180724  3.356224504562 -4.182075390608
 172  -1.084149192475  3.169273852882 -4.186623062698
 173   0.277369252777  0.951840034146 -2.097739722540
 174   0.068499454826  3.350406820326 -4.176857999318
 175  -0.238336195963  1.042769086594 -2.143163255410
 176   2.184021228893  2.375815286942 -4.189661464014
 177   2.192460510721  2.366242624788 -4.189868368450
 178   0.613814826692  0.556865832726 -2.098165485791
 179  -0.007155927129  0.381081401840 -1.581015565598
 180   0.277062674962  0.950521927770 -2.096569454328
 181   2.961394348351  0.231806515642 -4.190103793531
 182   2.963145407904  0.268979179331 -4.188763726606
 183   2.961034008061  0.227227152721 -4.190141495365
 184   0.010484614751  0.360313375047 -1.581015565598
 185   0.607406501957  0.553273677561 -2.091814582528
 186   2.090402112310 -1.760977570052 -4.194235116515
 187   2.091902977840 -1.759380097338 -4.194039150850
 188   0.590749380753  0.042888005284 -2.120566355582
 189   2.063875520109 -1.785882277268 -4.195476372599
 190   0.218010240282 -0.323403099271 -2.148915867783
 191   0.009226549710  0.346022892555 -1.581015565598
 192   0.543976669919  0.073267168684 -2.073166221273
 193  -0.247559644119 -2.632179246117 -4.218081302180
 194  -0.279052479414 -2.630197565522 -4.218388316992
 195  -0.311186009180 -0.248091147056 -2.115320659705
 196  -0.004793219639  0.333843151858 -1.581015565598
 197   0.211166709341 -0.310503626001 -2.136337256486
 198  -2.327467708344 -1.572684417313 -4.211691248068
 199  -2.351662404987 -1.543432837879 -4.210315171697
 200  -0.680301335255  0.132028627914 -2.132954362749
 201  -0.018348887223  0.334845674648 -1.581015565598
 202  -0.310478001653 -0.245843102159 -2.113287693708
 203  -3.025602718333  0.503640247375 -4.209767244716
 204  -3.023780496358  0.532614976923 -4.210015748038
 205  -0.034989112038  0.353353609738 -1.581015565598
 206  -0.673587142246  0.135640544307 -2.126442238071
 207  -1.976386225698  2.639901287107 -4.193340977142
 208  -0.642371541545  0.681529784692 -2.135709447699
 209  -1.958688253712  2.654537772657 -4.192876237388
 210  -0.019242730815  0.381992421685 -1.581015565598
 211  -0.238027898943  1.041070827140 -2.141701725006
 212  -0.033826310814  0.369351899961 -1.581015565598
 213  -0.628487004410  0.671367618186 -2.121045572379
 214   2.966736248771  0.335901938956 -4.486256854718
 215   0.433735911518  3.319973613314 -4.438189725158
 216   0.953819015476  3.187540598641 -4.439065890158
 217   1.075709903356  3.141584240990 -4.452292929027
 218   0.660602567375  3.273728822573 -4.428512881415
 219   0.573347303920  3.293260219133 -4.430711391165
 220   0.315165836175  3.336953625264 -4.449522705658
 221   0.225802560113  3.346917528834 -4.460537361863
 222   0.718415671578  3.258887729738 -4.428714732499
 223   0.815952413147  3.232229435124 -4.430469167107
 224   1.869311896685  2.674047135784 -4.444342679576
 225   1.980784812511  2.578919844624 -4.459551142295
 226   1.224442034278  3.080059614664 -4.464434191131
 227   1.700347330394  2.800844972782 -4.434315487543
 228   1.597878287570  2.870474179435 -4.433677628988
 229   1.362157662032  3.009688180172 -4.447909523482
 230   1.490315506444  2.936453802988 -4.438333749565
 231   1.198201067185  3.090963017437 -4.469459371024
 232   0.901818104684  2.416192066184 -5.123821805408
 233   2.251273503843  2.299315344246 -4.445110152150
 234   2.365248263699  2.157048569589 -4.425061078632
 235   2.565870043838  1.858798756153 -4.412317420685
 236   2.675736452917  1.645832769151 -4.428738283143
 237   2.483745894890  1.992798803628 -4.411918326220
 238   2.160125777859  2.402684341017 -4.466048695133
 239   2.097259801165  2.469632056068 -4.482539846579
 240   2.644555419407  1.709398559246 -4.422605057885
 241   2.599076125260  1.798505038155 -4.415360229126
 242   2.747598428506  1.481863583304 -4.451109704178
 243   2.722555965480  1.542257640347 -4.441779646575
 244   2.414571426183  2.091299359956 -4.418356507217
 245   2.450728254375  2.041454925142 -4.414217784201
 246   2.096665191506  2.470191175014 -4.482730757625
 247   2.086495593398  2.460602800662 -4.495024235394
 248   2.956323152697  0.582152398441 -4.453652802043
 249   2.793799411187  1.359542714658 -4.442689178482
 250   2.965008463451  0.444587966597 -4.473117955370
 251   2.905596262256  0.940903437930 -4.427401238726
 252   2.882460330643  1.052629255697 -4.425631897318
 253   2.852707870087  1.168505839549 -4.428822725584
 254   2.826162777154  1.259890624828 -4.434028999543
 255   2.927917414146  0.813001680004 -4.433062352784
 256   2.940837255077  0.722248418682 -4.439626860115
 257   2.966181512464  0.371240197890 -4.486515287693
 258   2.058821916810  1.180764972925 -5.119480903858
 259   2.757014263758  1.456974129741 -4.455646228833
 260   2.059023509657  1.181022826010 -5.119254213474
 261   2.899962955418 -0.260015667935 -4.439422582226
 262   2.872213867886 -0.384184877367 -4.441026525989
 263   2.834609656830 -0.521601910275 -4.448859343787
 264   2.754881631200 -0.743736763377 -4.478163049242
 265   2.807988577753 -0.603432513729 -4.457238666410
 266   2.961717269811  0.229823095560 -4.475018042163
 267   2.950638517210  0.089396540647 -4.458992703420
 268   2.933159618687 -0.068587655241 -4.445370005715
 269   2.923320393437 -0.137614437238 -4.441352965770
 270   2.965732190959  0.314586695011 -4.487039218279
 271   2.709927602842 -0.852255090424 -4.479159477070
 272   2.289059305166 -1.536775517196 -4.433508073740
 273   2.470091763133 -1.292002129573 -4.427506309320
 274   2.561017716953 -1.143554163471 -4.437658924013
 275   2.091156463078 -1.759093510006 -4.463435730652
 276   2.178712337490 -1.665919873845 -4.447519181382
 277   2.606371994692 -1.063980449857 -4.445576280254
 278   2.659525132191 -0.959534883993 -4.460630822674
 279   2.405072256481 -1.384516690935 -4.427286358089
 280   2.341230212669 -1.469532867798 -4.430076274605
 281   2.729446585200 -0.805027628327 -4.489268041633
 282   1.945667440637 -1.895677071691 -4.472531596412
 283   1.835220312625 -1.987131184939 -4.454793905679
 284   1.590916898559 -2.159375038219 -4.438479255852
 285   1.473397897527 -2.231389035132 -4.438901202457
 286   1.347549552607 -2.300556209630 -4.445417921602
 287   1.093961330231 -2.419526349417 -4.474113073990
 288   1.274012527201 -2.338013436827 -4.451483126681
 289   1.182333473711 -2.382911839990 -4.460417479415
 290   1.740368248636 -2.058398350559 -4.445109040054
 291   1.680017778383 -2.100833862628 -4.441165796871
 292   2.000082934766 -1.844519034031 -4.485923738687
 293   1.999489878644 -1.843893454393 -4.486680261683
 294   0.042878349117 -2.639507119610 -4.451302230325
 295   0.646093803674 -2.560273455327 -4.437972669982
 296   0.346869474050 -2.614646021639 -4.431270418414
 297   0.167786849226 -2.631614783196 -4.441018744017
 298  -0.188504443925 -2.635615271618 -4.486708013512
 299  -0.062964202911 -2.639540630246 -4.465895466712
 300   0.757460010368 -2.531717754539 -4.447817705408
 301   0.875230215189 -2.497531441754 -4.461753035948
 302   0.977779939940 -2.463432617189 -4.477713873903
 303   0.903608697538 -2.488807980429 -4.465540165634
 304   0.471806965108 -2.594859712458 -4.431492104984
 305   0.560615807255 -2.577942402532 -4.434170235621
 306  -0.239828325762 -2.632375894079 -4.496660968145
 307   1.024366085357 -2.445841771181 -4.486820465536
 308   0.787244419301 -1.792379127652 -5.096961507436
 309  -0.697388160774 -2.567494708683 -4.458549218071
 310  -1.131035284267 -2.433955959937 -4.482500970778
 311  -0.325163074567 -2.627018169232 -4.486006300949
 312  -0.433918345583 -2.615060102420 -4.473249304955
 313  -0.858033844354 -2.526230879987 -4.460271328803
 314  -0.947975072193 -2.500060469565 -4.463908938254
 315  -1.274575112309 -2.374212389588 -4.503972368373
 316  -1.198093792736 -2.407354746196 -4.491390685749
 317  -0.507686599629 -2.603405677300 -4.467684028632
 318  -0.609192261096 -2.585733407950 -4.461451555320
 319  -0.255033359573 -2.631418799787 -4.497117294254
 320  -1.959599423803 -1.944056702403 -4.475899504269
 321  -2.097772948110 -1.822418588925 -4.489309641431
 322  -2.151615394078 -1.770322190987 -4.497910989340
 323  -1.711816895974 -2.130288487017 -4.474775423304
 324  -1.408453414750 -2.311205502122 -4.507240088668
 325  -1.568075732791 -2.221498765198 -4.486214504437
 326  -1.483622282861 -2.271427963422 -4.495565933697
 327  -2.247569053303 -1.668238250065 -4.519881408777
 328  -1.853272014083 -2.029201747968 -4.471658541000
 329  -1.783315451537 -2.080031908368 -4.472597930849
 330  -2.250379867608 -1.664950467052 -4.520738720877
 331  -1.349851290464 -2.338751273993 -4.518831515543
 332  -2.509745637015 -1.337390813591 -4.467273666507
 333  -2.363098046974 -1.530684369319 -4.493922682798
 334  -2.462216233298 -1.402832258320 -4.474646952534
 335  -2.834363098203 -0.733394959152 -4.487956653207
 336  -2.793211280532 -0.832547278841 -4.475118500800
 337  -2.750688650231 -0.922804995566 -4.467370468131
 338  -2.648486691525 -1.114229194202 -4.460287211613
 339  -2.577789736451 -1.233778749877 -4.461207554565
 340  -2.655737870360 -1.101517580933 -4.460396275770
 341  -2.708349920373 -1.005841381377 -4.462746077843
 342  -2.305424340056 -1.600450345348 -4.507231768686
 343  -2.250899232849 -1.664342405582 -4.520748483224
 344  -3.011487043478 -0.022257147818 -4.439668088501
 345  -2.883943241912 -0.595671074228 -4.487378284363
 346  -2.925020139529 -0.453877446529 -4.467072140380
 347  -2.994945413366 -0.138554418229 -4.441024896436
 348  -2.971891545220 -0.270855648485 -4.446347096753
 349  -3.031991648025  0.260446100360 -4.453948714880
 350  -3.033089465334  0.328465557528 -4.460806331442
 351  -3.028576456300  0.188681386808 -4.448726821170
 352  -3.022742111414  0.096523776533 -4.443313367164
 353  -3.029719230416  0.450445106738 -4.477866788214
 354  -3.032696379981  0.354252376142 -4.464128043271
 355  -3.028757627653  0.465849487671 -4.480499427805
 356  -2.860876187162 -0.659964019112 -4.500547896026
 357  -2.937102179735  1.082326497429 -4.404926235586
 358  -2.962743771758  0.967739068605 -4.412740656849
 359  -2.799385858068  1.509996149066 -4.411770489092
 360  -3.022551570748  0.563852401955 -4.466485538273
 361  -3.013500713957  0.663234306315 -4.448405036160
 362  -2.895840587400  1.233024968340 -4.401110831618
 363  -2.866756160149  1.327585537654 -4.401453776887
 364  -2.837401074179  1.413634585462 -4.404241546320
 365  -2.865776602169  1.330603525658 -4.401508690868
 366  -2.992842900008  0.810188145959 -4.427904490170
 367  -3.002936683282  0.746592976734 -4.435787188455
 368  -3.026700764469  0.498515760313 -4.479915862857
 369  -2.415062322360  2.180801119842 -4.416008484391
 370  -2.342561578681  2.271383605717 -4.429746251123
 371  -2.223627207939  2.406495840967 -4.458542384715
 372  -2.678159399932  1.768464247685 -4.404976200537
 373  -2.606333139499  1.899013795785 -4.399640976507
 374  -2.758195239645  1.605434983103 -4.419072301376
 375  -2.535983092945  2.009901418025 -4.402297501763
 376  -2.490121280877  2.077420239084 -4.406243602665
 377  -2.166619054670  2.465494585941 -4.475020840126
 378  -2.763915172161  1.592276138535 -4.420779589499
 379  -2.047193886064  1.285006669051 -5.114937980948
 380  -1.998238772887  2.624485297247 -4.465229759283
 381  -1.495296863022  2.979452315767 -4.452179935857
 382  -1.387807686786  3.036466154469 -4.463488727614
 383  -1.921707967864  2.687710196699 -4.456355252187
 384  -1.591543949181  2.922479627786 -4.446482801196
 385  -1.167039337661  3.138645856909 -4.497873352412
 386  -1.272135013398  3.091046837552 -4.480724579367
 387  -2.101427119551  2.530774246648 -4.483525182927
 388  -1.761596018518  2.807924862171 -4.446808038925
 389  -1.840757967607  2.750441187636 -4.450068141493
 390  -1.716742553425  2.839438464063 -4.445751278346
 391  -1.637127531374  2.893540088246 -4.445247988817
 392  -0.894998191485  2.541081973972 -5.081325830050
 393  -2.122053547082  2.510199757884 -4.488560259827
 394  -2.120769116075  2.508988086172 -4.490111120791
 395   0.089002160200  3.357823686731 -4.477178785434
 396  -0.285322029538  3.349536378660 -4.438076399848
 397  -1.080973606704  3.172713197391 -4.496666592312
 398  -0.909218547697  3.228365556713 -4.468458790597
 399  -0.005112139050  3.360673483202 -4.462956425697
 400  -0.145435935011  3.358380183827 -4.447574059878
 401  -0.650765080592  3.297009902643 -4.439452368878
 402  -0.744524588298  3.276097462316 -4.446423932084
 403  -0.506840817933  3.322108462590 -4.434983691584
 404  -0.414128020467  3.335302504482 -4.434752016781
 405   0.100602289414  3.356929513613 -4.479415005115
 406   0.099559324903  3.336017793265 -4.497898236229
 407  -1.124599082020  3.155510288172 -4.506561420150
 408  -0.894690308921  2.544651827047 -5.078810486019
 409   0.902395412042  2.410265504535 -5.127970303784
 410   0.904141862984  2.408711264302 -5.128256416146
 411   1.707194495428  0.330721872150 -5.369066317335
 412   2.041701346991  1.174025379785 -5.131505269984
 413   1.165109960168  1.604988175833 -5.368606788272
 414   1.182185257040  1.621938157141 -5.360289147614
 415   1.707216775495  0.326612568923 -5.369065861897
 416   1.220902843302 -0.837877077686 -5.368383804768
 417   2.088251181352 -0.518921010029 -5.105125030307
 418   2.083677862476 -0.525277776997 -5.105809792204
 419   2.088135692466 -0.520740616142 -5.104892718702
 420   1.206097019014 -0.852280269322 -5.368365500618
 421  -0.049046561273 -1.388795841737 -5.366893820610
 422   0.789764380276 -1.776197269420 -5.108117881528
 423   0.789377631382 -1.776498914474 -5.108069955362
 424  -0.067303455237 -1.388461343514 -5.366873365579
 425  -1.322111795955 -0.886176636509 -5.365523515691
 426  -1.041053806130 -1.730353401017 -5.114815643038
 427  -1.061369621429 -1.726541629014 -5.113311614985
 428  -1.060344782112 -1.727625427777 -5.113081640846
 429  -1.322562106024 -0.885668702396 -5.365523069586
 430  -2.203940285039 -0.440779645566 -5.110784833033
 431  -2.205750523027 -0.436629410903 -5.110690918923
 432  -2.205805400465 -0.438317906848 -5.110447423080
 433  -2.046210575841  1.285181518305 -5.115613463646
 434  -2.028804683763  1.307480562704 -5.118655303679
 435  -1.768018388276  0.307118335115 -5.365162483502
 436  -1.783191646655  0.306492265224 -5.359678151672
 437  -0.893381308462  2.537209437102 -5.084005338039
 438  -0.011778197192  2.098391419950 -5.367343368705
 439  -0.011701822573  2.106017763038 -5.364695448008
 440  -1.244810346397  1.579776110271 -5.365898602570
 441  -1.262305870955  1.599189198825 -5.356543131252

   0    1   222    4
   0  226   150    2
   0    3    72    1
   1   14   222    5
   1    0   150    1
   1  217    92    0
   2    4   222    1
   2   20   154    1
   2  228   113    2
   3    0   222    3
   3    4   166    3
   3  229    72    2
   4    3   222    2
   4  230   166    0
   4    2   113    1
   5    9   125    1
   5  215    91    2
   5   10    16    7
   6   11   128    1
   6  395    63    3
   6  171    16   10
   7  216   129    0
   7   14    92    3
   7   13    16    2
   8  218   192    2
   8   12    74    3
   8    9    16    5
   9    8   192    1
   9  219   125    2
   9    5    16    6
  10  220   195    0
  10    5    91    1
  10   11    16    8
  11   10   195    3
  11  221   128    2
  11    6    16    9
  12   13   199    1
  12  222    74    0
  12    8    16    4
  13  223   199    2
  13    7   129    3
  13   12    16    3
  14   21   222    6
  14    1    92    4
  14    7    16    1
  15   16   141    3
  15  224    84    2
  15   17    17    4
  16  225   141    0
  16   19   106    1
  16   15    17    3
  17  227   154    3
  17   15    84    1
  17   20    17    5
  18  238   185    0
  18  176    69    1
  18   19    17    1
  19   18   185    3
  19  239   106    2
  19   16    17    2
  20    2   222    0
  20   17   154    2
  20   21    17    6
  21   20   222    7
  21  173    17    7
  21   14    16    0
  22   23   153    3
  22  233    69    4
  22  177    18   11
  23  234   153    0
  23   31   116    1
  23   22    18   10
  24   28   158    3
  24  235    86    2
  24   26    18    6
  25   30   160    3
  25  236   109    0
  25   27    18    3
  26  237   167    0
  26   24    86    1
  26   32    18    7
  27  240   211    2
  27   25   109    3
  27   28    18    4
  28   27   211    1
  28  241   158    0
  28   24    18    5
  29  242   213    2
  29   43    71    1
  29   30    18    1
  30   29   213    1
  30  243   160    0
  30   25    18    2
  31   32   218    3
  31  244   116    2
  31   23    18    9
  32  245   218    0
  32   26   167    3
  32   31    18    8
  33  248   124    0
  33   36    95    3
  33   42    19    3
  34   40   137    1
  34  249    71    3
  34   43    19   10
  35  214   163    0
  35  182    62    1
  35   36    19    1
  36   35   163    4
  36  250    95    0
  36   33    19    2
  37  251   181    2
  37   41    79    1
  37   38    19    6
  38   37   181    1
  38  252   111    0
  38   39    19    7
  39  253   190    0
  39   38   111    3
  39   40    19    8
  40   39   190    3
  40  254   137    2
  40   34    19    9
  41   42   194    3
  41  255    79    2
  41   37    19    5
  42  256   194    0
  42   33   124    3
  42   41    19    4
  43   34    71    2
  43  178    19   11
  43   29    18    0
  44  261   151    2
  44   45    88    3
  44   51    20   10
  45   46   155    3
  45  262    88    0
  45   44    20    9
  46  263   155    0
  46   48   121    1
  46   45    20    8
  47  264   170    0
  47   61    60    1
  47   48    20    6
  48   47   170    3
  48  265   121    2
  48   46    20    7
  49  267   178    0
  49   50   112    1
  49  183    20    1
  50   51   196    3
  50  268   112    2
  50   49    20    0
  51  269   196    0
  51   44   151    1
  51   50    20   11
  52   58   123    1
  52  271    60    3
  52   61    21    9
  53  272   148    0
  53   56   100    3
  53   60    21    2
  54  273   149    2
  54   59    77    1
  54   55    21    5
  55   54   149    1
  55  274    94    0
  55   57    21    6
  56  187   152    3
  56  276   100    0
  56   53    21    1
  57  277   180    0
  57   55    94    3
  57   58    21    7
  58   57   180    3
  58  278   123    2
  58   52    21    8
  59   60   206    3
  59  279    77    2
  59   54    21    4
  60  280   206    0
  60   53   148    3
  60   59    21    3
  61   52    60    2
  61  188    21   10
  61   47    20    5
  62   63   143    1
  62  282    66    3
  62  189    22   10
  63  283   143    2
  63   70   105    3
  63   62    22    9
  64  284   162    0
  64   65    83    1
  64   71    22    6
  65   66   171    3
  65  285    83    2
  65   64    22    5
  66  286   171    0
  66   68   110    1
  66   65    22    4
  67  287   172    0
  67   84    59    1
  67   69    22    1
  68   69   202    3
  68  288   110    2
  68   66    22    3
  69  289   202    0
  69   67   172    3
  69   68    22    2
  70   71   204    3
  70  290   105    0
  70   63    22    8
  71  291   204    0
  71   64   162    3
  71   70    22    7
  72   77   122    1
  72  294    93    0
  72   75    23    3
  73   83   142    3
  73  295   102    2
  73   78    23    8
  74   75   145    3
  74  296    76    0
  74   82    23    5
  75  297   145    0
  75   72    93    3
  75   74    23    4
  76  298   182    0
  76  193    65    1
  76   77    23    1
  77   76   182    3
  77  299   122    2
  77   72    23    2
  78  300   200    0
  78   73   102    1
  78   79    23    9
  79   78   200    3
  79  301   139    2
  79   81    23   10
  80   81   203    3
  80  302    59    3
  80   84    23   12
  81  303   203    0
  81   79   139    1
  81   80    23   11
  82  304   217    0
  82   74    76    3
  82   83    23    6
  83   82   217    3
  83  305   142    0
  83   73    23    7
  84   80    59    2
  84  190    23   13
  84   67    22    0
  85  309   164    0
  85   89    85    1
  85   94    24    6
  86   92   169    1
  86  310   107    0
  86   90    24    3
  87   88   174    3
  87  311    65    4
  87  194    24   10
  88  312   174    0
  88   93   115    3
  88   87    24    9
  89   90   184    3
  89  313    85    2
  89   85    24    5
  90  314   184    0
  90   86   107    3
  90   89    24    4
  91  315   197    2
  91  106    67    4
  91   92    24    1
  92   91   197    1
  92  316   169    2
  92   86    24    2
  93   94   209    1
  93  317   115    0
  93   88    24    8
  94  318   209    2
  94   85   164    3
  94   93    24    7
  95   96   127    3
  95  320    75    2
  95  104    25    5
  96  321   127    0
  96   97   108    3
  96   95    25    4
  97  103   133    1
  97  322   108    0
  97   96    25    3
  98  105   138    3
  98  323    90    2
  98  100    25    8
  99  101   146    3
  99  324    67    0
  99  106    25   11
 100  325   186    2
 100   98    90    1
 100  101    25    9
 101  100   186    1
 101  326   146    0
 101   99    25   10
 102  342   212    2
 102  198    61    1
 102  103    25    1
 103  102   212    1
 103  327   133    2
 103   97    25    2
 104  328   216    2
 104   95    75    1
 104  105    25    6
 105  104   216    1
 105  329   138    0
 105   98    25    7
 106   99    67    5
 106  195    25   12
 106   91    24    0
 107  114   135    1
 107  332   119    0
 107  109    26    8
 108  109   173    1
 108  333    61    4
 108  199    26   10
 109  334   173    2
 109  107   119    3
 109  108    26    9
 110  335   175    0
 110  128    64    1
 110  111    26    1
 111  110   175    3
 111  336   120    2
 111  112    26    2
 112  337   177    0
 112  111   120    1
 112  116    26    3
 113  338   187    0
 113  115    87    1
 113  114    26    6
 114  113   187    3
 114  339   135    2
 114  107    26    7
 115  116   205    3
 115  340    87    2
 115  113    26    5
 116  341   205    0
 116  112   177    3
 116  115    26    4
 117  125   147    3
 117  344    82    0
 117  120    27    7
 118  119   159    3
 118  345    64    3
 118  128    27   11
 119  346   159    0
 119  121    99    1
 119  118    27   10
 120  347   161    0
 120  117    82    3
 120  121    27    8
 121  120   161    3
 121  348    99    2
 121  119    27    9
 122  123   210    3
 122  349   104    0
 122  124    27    4
 123  350   210    0
 123  127   156    3
 123  122    27    3
 124  351   214    0
 124  122   104    3
 124  125    27    5
 125  124   214    3
 125  352   147    0
 125  117    27    6
 126  353   220    2
 126  203    68    1
 126  127    27    1
 127  126   220    1
 127  354   156    0
 127  123    27    2
 128  118    64    2
 128  200    27   12
 128  110    26    0
 129  357   179    2
 129  135    81    1
 129  130    28    7
 130  129   179    1
 130  358    98    0
 130  139    28    8
 131  374   183    2
 131  151    73    1
 131  132    28    1
 132  131   183    1
 132  359   114    2
 132  137    28    2
 133  134   189    3
 133  360    68    4
 133  204    28   12
 134  361   189    0
 134  140   126    1
 134  133    28   11
 135  136   198    1
 135  362    81    2
 135  129    28    6
 136  363   198    2
 136  138   132    3
 136  135    28    5
 137  364   208    2
 137  132   114    1
 137  138    28    3
 138  137   208    1
 138  365   132    0
 138  136    28    4
 139  366   219    0
 139  130    98    3
 139  140    28    9
 140  139   219    3
 140  367   126    2
 140  134    28   10
 141  369   131    0
 141  143    78    1
 141  148    29    0
 142  380   134    0
 142  207    70    1
 142  150    29    8
 143  144   136    3
 143  370    78    2
 143  141    29   12
 144  371   136    0
 144  149   101    3
 144  143    29   11
 145  146   140    3
 145  372    73    3
 145  151    29    4
 146  373   140    0
 146  147    96    1
 146  145    29    3
 147  148   201    3
 147  375    96    2
 147  146    29    2
 148  376   201    0
 148  141   131    3
 148  147    29    1
 149  150   207    4
 149  377   101    0
 149  144    29   10
 150  387   207    0
 150  142   134    3
 150  149    29    9
 151  145    73    2
 151  208    29    5
 151  131    28    0
 152  153   168    3
 152  381    89    0
 152  155    30    9
 153  382   168    0
 153  157   118    3
 153  152    30    8
 154  159   176    1
 154  383    70    4
 154  209    30    1
 155  384   188    0
 155  152    89    3
 155  161    30   10
 156  385   193    2
 156  172    58    4
 156  157    30    6
 157  156   193    1
 157  386   118    0
 157  153    30    7
 158  388   215    0
 158  160   117    3
 158  159    30   13
 159  158   215    3
 159  389   176    2
 159  154    30    0
 160  161   221    1
 160  390   117    0
 160  158    30   12
 161  391   221    2
 161  155   188    3
 161  160    30   11
 162  396   130    2
 162  166   103    1
 162  170    31    1
 163  164   144    3
 163  397    58    0
 163  172    31    7
 164  398   144    0
 164  168    97    1
 164  163    31    6
 165  399   157    0
 165  171    63    1
 165  166    31   12
 166  165   157    3
 166  400   103    2
 166  162    31    0
 167  401   165    0
 167  169    80    1
 167  168    31    4
 168  167   165    3
 168  402    97    2
 168  164    31    5
 169  170   191    3
 169  403    80    2
 169  167    31    3
 170  404   191    0
 170  162   130    1
 170  169    31    2
 171    6    63    2
 171  165    31   11
 171  174    16   11
 172  163    58    5
 172  175    31    8
 172  156    30    5
 173  180    17    8
 173   21    16   13
 173  174     0    0
 174  171    31   10
 174  173    16   12
 174  175     0    1
 175  174    31    9
 175  172    30    4
 175  211     0    2
 176  177    69    2
 176   18    17    0
 176  180     1    5
 177   22    69    3
 177  178    18   12
 177  176     1    4
 178  185    19   12
 178   43    18   13
 178  177     1    3
 179  210    57    2
 179  184     1    0
 179  180     0    5
 180  176    17    9
 180  179     1    6
 180  173     0    6
 181  183   178    3
 181  266    62    3
 181  182     2    4
 182  181    62    2
 182   35    19    0
 182  185     2    5
 183   49   178    4
 183  192    20    2
 183  181     2    3
 184  179    57    1
 184  191     2    0
 184  185     1    1
 185  182    19   13
 185  184     2    6
 185  178     1    2
 186  275   152    0
 186  189    66    1
 186  187     3    1
 187  186   152    4
 187   56    21    0
 187  188     3    2
 188  187    21   11
 188   61    20    4
 188  192     3    3
 189   62    66    2
 189  190    22   11
 189  186     3    0
 190  197    23   14
 190   84    22   12
 190  189     3    8
 191  184    57    0
 191  196     3    5
 191  192     2    1
 192  188    20    3
 192  191     3    4
 192  183     2    2
 193  194    65    2
 193   76    23    0
 193  197     4    5
 194   87    65    3
 194  195    24   11
 194  193     4    4
 195  202    25   13
 195  106    24   12
 195  194     4    3
 196  191    57    7
 196  201     4    0
 196  197     3    6
 197  193    23   15
 197  196     4    6
 197  190     3    7
 198  199    61    2
 198  102    25    0
 198  202     5    5
 199  108    61    3
 199  200    26   11
 199  198     5    4
 200  206    27   13
 200  128    26   12
 200  199     5    3
 201  196    57    6
 201  205     5    0
 201  202     4    1
 202  198    25   14
 202  201     5    6
 202  195     4    2
 203  204    68    2
 203  126    27    0
 203  206     6    4
 204  133    68    3
 204  213    28   13
 204  203     6    3
 205  201    57    5
 205  212     6    0
 205  206     5    1
 206  203    27   14
 206  205     6    5
 206  200     5    2
 207  209    70    2
 207  142    29    7
 207  208     7    2
 208  207    29    6
 208  151    28   15
 208  213     7    3
 209  154    70    3
 209  211    30    2
 209  207     7    1
 210  212    57    3
 210  211     7    6
 210  179     0    4
 211  175    30    3
 211  209     7    0
 211  210     0    3
 212  205    57    4
 212  210     7    5
 212  213     6    1
 213  208    28   14
 213  212     7    4
 213  204     6    2
 214  257   163    1
 214   35    62    0
 214  270    10    1
 215    5   125    0
 215  220    91    3
 215  219    32    1
 216  223   129    1
 216    7    92    2
 216  217    32    6
 217    1   150    0
 217  216    92    1
 217  231    32    7
 218  219   192    3
 218    8    74    2
 218  222    32    3
 219    9   192    0
 219  215   125    3
 219  218    32    2
 220  221   195    1
 220   10    91    0
 220  215    32    0
 221   11   195    2
 221  405   128    3
 221  220    32   12
 222   12   199    0
 222  218    74    1
 222  223    32    4
 223  222   199    3
 223   13   129    2
 223  216    32    5
 224   15   141    2
 224  227    84    3
 224  225    33    6
 225  224   141    1
 225   16   106    0
 225  246    33    7
 226  231   150    3
 226    0    72    0
 226  229    33    1
 227  228   154    4
 227   17    84    0
 227  224    33    5
 228    2   154    0
 228  230   113    3
 228  227    33    4
 229    3   166    2
 229  226    72    3
 229  230    33    2
 230  229   166    1
 230    4   113    0
 230  228    33    3
 231  217   150    4
 231  226    33    0
 231  232    32    8
 232  231    33   12
 232  406    32    9
 232  409     8    4
 233   22   153    2
 233  238    69    5
 233  234    34   13
 234  233   153    1
 234   23   116    0
 234  244    34   14
 235   24   158    2
 235  237    86    3
 235  241    34    1
 236   25   160    2
 236  240   109    1
 236  243    34    4
 237  245   167    1
 237   26    86    0
 237  235    34    0
 238  239   185    1
 238   18    69    0
 238  233    34   12
 239   19   185    2
 239  246   106    3
 239  238    34   11
 240  241   211    3
 240   27   109    2
 240  236    34    3
 241   28   211    0
 241  235   158    1
 241  240    34    2
 242  243   213    3
 242   29    71    0
 242  259    34    6
 243   30   213    0
 243  236   160    1
 243  242    34    5
 244   31   218    2
 244  234   116    3
 244  245    34   15
 245  244   218    1
 245   32   167    2
 245  237    34   16
 246  225   106    4
 246  239    34   10
 246  247    33    8
 247  246    34    9
 247  410    33    9
 247  260     9    4
 248  256   124    1
 248   33    95    2
 248  250    35   10
 249   34   137    0
 249  259    71    4
 249  254    35    3
 250   36   163    3
 250  248    95    1
 250  257    35   11
 251  252   181    3
 251   37    79    0
 251  255    35    7
 252   38   181    0
 252  253   111    1
 252  251    35    6
 253  254   190    1
 253   39   111    2
 253  252    35    5
 254   40   190    2
 254  249   137    3
 254  253    35    4
 255   41   194    2
 255  251    79    3
 255  256    35    8
 256  255   194    1
 256   42   124    2
 256  248    35    9
 257  250   163    2
 257  258    35   12
 257  214    10    0
 258  260    35    0
 258  257    10    7
 258  412     9    0
 259  242    71    5
 259  249    35    2
 259  260    34    7
 260  259    35    1
 260  247    34    8
 260  258     9    5
 261  269   151    3
 261   44    88    2
 261  262    36    6
 262   45   155    2
 262  261    88    1
 262  263    36    7
 263  262   155    1
 263   46   121    0
 263  265    36    8
 264  265   170    1
 264   47    60    0
 264  281    36   10
 265   48   170    2
 265  263   121    3
 265  264    36    9
 266  181   178    2
 266  270    62    4
 266  267    36    2
 267  266   178    1
 267   49   112    0
 267  268    36    3
 268   50   196    2
 268  267   112    3
 268  269    36    4
 269  268   196    1
 269   51   151    0
 269  261    36    5
 270  214    62    5
 270  266    36    1
 270  417    10    2
 271   52   123    0
 271  281    60    4
 271  278    37   14
 272  280   148    1
 272   53   100    2
 272  276    37    6
 273  274   149    3
 273   54    77    0
 273  279    37    3
 274   55   149    0
 274  277    94    1
 274  273    37    2
 275  276   152    1
 275  186    66    0
 275  292    37    8
 276   56   152    2
 276  272   100    1
 276  275    37    7
 277  278   180    1
 277   57    94    2
 277  274    37    1
 278   58   180    2
 278  271   123    3
 278  277    37    0
 279   59   206    2
 279  273    77    3
 279  280    37    4
 280  279   206    1
 280   60   148    2
 280  272    37    5
 281  264    60    5
 281  271    37   13
 281  419    36   11
 282   62   143    0
 282  292    66    4
 282  283    38   11
 283  282   143    3
 283   63   105    2
 283  290    38   12
 284  291   162    1
 284   64    83    0
 284  285    38   15
 285   65   171    2
 285  284    83    3
 285  286    38    0
 286  285   171    1
 286   66   110    0
 286  288    38    1
 287  289   172    1
 287   67    59    0
 287  307    38    4
 288   68   202    2
 288  286   110    3
 288  289    38    2
 289  288   202    1
 289   69   172    2
 289  287    38    3
 290   70   204    2
 290  283   105    1
 290  291    38   13
 291  290   204    1
 291   71   162    2
 291  284    38   14
 292  275    66    5
 292  282    38   10
 292  293    37    9
 293  292    38    9
 293  418    37   10
 293  422    11    3
 294   72   122    0
 294  297    93    1
 294  299    39    9
 295   73   142    2
 295  300   102    3
 295  305    39    4
 296   74   145    2
 296  304    76    1
 296  297    39    7
 297  296   145    1
 297   75    93    2
 297  294    39    8
 298  299   182    1
 298   76    65    0
 298  306    39   11
 299   77   182    2
 299  294   122    3
 299  298    39   10
 300  301   200    1
 300   78   102    0
 300  295    39    3
 301   79   200    2
 301  303   139    3
 301  300    39    2
 302   80   203    2
 302  307    59    4
 302  303    39    0
 303  302   203    1
 303   81   139    0
 303  301    39    1
 304  305   217    1
 304   82    76    2
 304  296    39    6
 305   83   217    2
 305  295   142    1
 305  304    39    5
 306  298    65    7
 306  308    39   12
 306  319    12    4
 307  287    59    5
 307  302    39   14
 307  308    38    5
 308  307    39   13
 308  423    38    6
 308  306    12    3
 309  318   164    1
 309   85    85    0
 309  313    40    1
 310   86   169    0
 310  314   107    1
 310  316    40    4
 311   87   174    2
 311  319    65    5
 311  312    40   11
 312  311   174    1
 312   88   115    2
 312  317    40   12
 313   89   184    2
 313  309    85    3
 313  314    40    2
 314  313   184    1
 314   90   107    2
 314  310    40    3
 315  316   197    3
 315   91    67    3
 315  331    40    6
 316   92   197    0
 316  310   169    3
 316  315    40    5
 317   93   209    0
 317  312   115    1
 317  318    40   13
 318  317   209    3
 318   94   164    2
 318  309    40    0
 319  306    65    6
 319  311    40   10
 319  426    12    5
 320   95   127    2
 320  328    75    3
 320  321    41    2
 321  320   127    1
 321   96   108    2
 321  322    41    3
 322   97   133    0
 322  321   108    1
 322  327    41    4
 323   98   138    2
 323  325    90    3
 323  329    41   13
 324   99   146    2
 324  331    67    1
 324  326    41   10
 325  326   186    3
 325  100    90    0
 325  323    41   12
 326  101   186    0
 326  324   146    1
 326  325    41   11
 327  103   212    0
 327  322   133    3
 327  330    41    5
 328  329   216    3
 328  104    75    0
 328  320    41    1
 329  105   216    0
 329  323   138    1
 329  328    41    0
 330  327   212    5
 330  427    41    6
 330  343    13    0
 331  315    67    2
 331  324    41    9
 331  428    40    7
 332  107   135    0
 332  334   119    1
 332  339    42   14
 333  108   173    0
 333  342    61    5
 333  334    42   12
 334  333   173    3
 334  109   119    2
 334  332    42   13
 335  336   175    1
 335  110    64    0
 335  356    42    6
 336  111   175    2
 336  337   120    3
 336  335    42    5
 337  341   177    1
 337  112   120    0
 337  336    42    4
 338  339   187    1
 338  113    87    0
 338  340    42    1
 339  114   187    2
 339  332   135    3
 339  338    42    0
 340  115   205    2
 340  338    87    3
 340  341    42    2
 341  340   205    1
 341  116   177    2
 341  337    42    3
 342  343   212    3
 342  102    61    0
 342  333    42   11
 343  330   212    4
 343  342    42   10
 343  430    13    1
 344  117   147    2
 344  347    82    1
 344  352    43    4
 345  118   159    2
 345  356    64    4
 345  346    43    0
 346  345   159    1
 346  119    99    0
 346  348    43    1
 347  348   161    1
 347  120    82    2
 347  344    43    3
 348  121   161    2
 348  346    99    3
 348  347    43    2
 349  122   210    2
 349  351   104    1
 349  350    43    7
 350  349   210    1
 350  123   156    2
 350  354    43    8
 351  352   214    1
 351  124   104    2
 351  349    43    6
 352  125   214    2
 352  344   147    1
 352  351    43    5
 353  354   220    3
 353  126    68    0
 353  355    43   10
 354  127   220    0
 354  350   156    1
 354  353    43    9
 355  353    68    7
 355  431    43   11
 355  368    14    0
 356  335    64    5
 356  345    43   14
 356  432    42    7
 357  358   179    3
 357  129    81    0
 357  362    44   13
 358  130   179    0
 358  366    98    1
 358  357    44   12
 359  132   183    0
 359  364   114    3
 359  378    44    4
 360  133   189    2
 360  368    68    5
 360  361    44    8
 361  360   189    1
 361  134   126    0
 361  367    44    9
 362  135   198    0
 362  357    81    3
 362  363    44    0
 363  362   198    3
 363  136   132    2
 363  365    44    1
 364  365   208    3
 364  137   114    0
 364  359    44    3
 365  138   208    0
 365  363   132    1
 365  364    44    2
 366  367   219    1
 366  139    98    2
 366  358    44   11
 367  140   219    2
 367  361   126    3
 367  366    44   10
 368  355    68    6
 368  360    44    7
 368  379    14    1
 369  376   131    1
 369  141    78    0
 369  370    45    6
 370  143   136    2
 370  369    78    3
 370  371    45    7
 371  370   136    1
 371  144   101    2
 371  377    45    8
 372  145   140    2
 372  374    73    4
 372  373    45    2
 373  372   140    1
 373  146    96    0
 373  375    45    3
 374  378   183    3
 374  131    73    0
 374  372    45    1
 375  147   201    2
 375  373    96    3
 375  376    45    4
 376  375   201    1
 376  148   131    2
 376  369    45    5
 377  149   207    3
 377  371   101    1
 377  393    45    9
 378  359   183    4
 378  374    45    0
 378  379    44    5
 379  378    45   14
 379  368    44    6
 379  433    14    2
 380  387   134    1
 380  142    70    0
 380  383    46   15
 381  152   168    2
 381  384    89    1
 381  382    46    5
 382  381   168    1
 382  153   118    2
 382  386    46    6
 383  154   176    0
 383  380    70    5
 383  389    46   16
 384  391   188    1
 384  155    89    2
 384  381    46    4
 385  386   193    3
 385  156    58    3
 385  407    46    8
 386  157   193    0
 386  382   118    1
 386  385    46    7
 387  393   207    1
 387  150   134    2
 387  380    46   14
 388  389   215    1
 388  158   117    2
 388  390    46    1
 389  159   215    2
 389  383   176    3
 389  388    46    0
 390  160   221    0
 390  388   117    1
 390  391    46    2
 391  390   221    3
 391  161   188    2
 391  384    46    3
 392  394    46   11
 392  437    15    0
 392  408     8    1
 393  377   207    2
 393  387    46   13
 393  394    45   10
 394  393    46   12
 394  434    45   11
 394  392    15    4
 395    6   128    0
 395  399    63    4
 395  405    47    9
 396  404   130    3
 396  162   103    0
 396  400    47    6
 397  163   144    2
 397  407    58    1
 397  398    47    0
 398  397   144    1
 398  164    97    0
 398  402    47    1
 399  400   157    1
 399  165    63    0
 399  395    47    8
 400  166   157    2
 400  396   103    3
 400  399    47    7
 401  402   165    1
 401  167    80    0
 401  403    47    3
 402  168   165    2
 402  398    97    3
 402  401    47    2
 403  169   191    2
 403  401    80    3
 403  404    47    4
 404  403   191    1
 404  170   130    0
 404  396    47    5
 405  395   128    4
 405  406    47   10
 405  221    32   11
 406  408    47   11
 406  405    32   10
 406  232     8    3
 407  385    58    2
 407  397    47   13
 407  408    46    9
 408  407    47   12
 408  392    46   10
 408  406     8    2
 409  410    48    0
 409  232    33   11
 409  439     8    5
 410  414    48    1
 410  409    33   10
 410  247     9    3
 411  415    56    2
 411  413    49    2
 411  412    10    5
 412  411    49    1
 412  258    10    6
 412  414     9    1
 413  411    56    1
 413  414    49    3
 413  438    48    3
 414  412    49    0
 414  413    48    2
 414  410     9    2
 415  416    56    3
 415  417    50    3
 415  411    10    4
 416  420    56    4
 416  415    50    2
 416  418    11    1
 417  419    50    4
 417  270    36    0
 417  415    10    3
 418  416    50    1
 418  419    37   11
 418  293    11    2
 419  418    50    0
 419  281    37   12
 419  417    36   12
 420  421    56    5
 420  422    51    3
 420  416    11    0
 421  424    56    6
 421  420    51    2
 421  423    12    1
 422  423    51    0
 422  293    38    8
 422  420    11    4
 423  421    51    1
 423  422    38    7
 423  308    12    2
 424  425    56    7
 424  426    52    3
 424  421    12    0
 425  429    56    8
 425  424    52    2
 425  427    13    4
 426  428    52    4
 426  319    40    9
 426  424    12    6
 427  425    52    1
 427  428    41    7
 427  330    13    5
 428  427    52    0
 428  331    41    8
 428  426    40    8
 429  435    56    9
 429  430    53    4
 429  425    13    3
 430  432    53    5
 430  343    42    9
 430  429    13    2
 431  436    53    1
 431  432    43   12
 431  355    14    5
 432  431    53    0
 432  356    43   13
 432  430    42    8
 433  434    54    1
 433  379    45   13
 433  436    14    3
 434  441    54    2
 434  433    45   12
 434  394    15    3
 435  440    56   10
 435  436    54    5
 435  429    53    3
 436  433    54    0
 436  435    53    2
 436  431    14    4
 437  439    55    0
 437  441    15    1
 437  392     8    0
 438  413    56    0
 438  440    55    2
 438  439    48    4
 439  438    55    1
 439  409    48    5
 439  437     8    6
 440  438    56   11
 440  441    55    3
 440  435    54    4
 441  437    55    4
 441  440    54    3
 441  434    15    2


   0   7    0.049493750085  0.656650065842  0.752569637796  0.939941357612
       173 174 175 211 210 179 180
   1   7    0.503790125145  0.427923696840  0.750384447793  1.026900815295
       179 184 185 178 177 176 180
   2   7    0.659844671135 -0.058089537141  0.749153265794  1.198435194248
       184 191 192 183 181 182 185
   3   9    0.434419159383 -0.500048118132  0.749154105317  1.353444207822
       189 186 187 188 192 191 196 197 190
   4   7   -0.048915526535 -0.661414008270  0.748424198518  1.403844381869
       196 201 202 195 194 193 197
   5   7   -0.490978501600 -0.441431883480  0.751051265370  1.326226388793
       201 205 206 200 199 198 202
   6   6   -0.658092084029  0.047832003938  0.751416601053  1.148073673601
       205 212 213 204 203 206
   7   7   -0.431093406824  0.497359628268  0.752855812730  0.991993735343
       211 209 207 208 213 212 210
   8   7    0.020594530581  0.574677560422 -0.818120753225 -5.599008837473
       437 392 408 406 232 409 439
   9   6    0.421303352347  0.390315661270 -0.818631278335 -5.519226833387
       258 412 414 410 247 260
  10   8    0.573944456201  0.003021088165 -0.818888658013 -5.377501467627
       257 214 270 417 415 411 412 258
  11   5    0.398370526857 -0.410549098045 -0.820213607194 -5.233582832754
       420 416 418 293 422
  12   7   -0.011401236335 -0.572129553751 -0.820084011267 -5.196434149067
       424 421 423 308 306 319 426
  13   6   -0.428412087076 -0.379089272924 -0.820216073240 -5.303237359586
       330 343 430 429 425 427
  14   6   -0.571593587977  0.050621455434 -0.818973893621 -5.424212480339
       355 368 379 433 436 431
  15   5   -0.406838677137  0.398796322162 -0.821853870354 -5.553601325752
       392 437 441 434 394
  16  14    0.188805768179  0.652551179891  0.733845582889  0.865923777247
       21 14 7 13 12 8 9 5 10 11 6 171 174 173
  17  10    0.384974843937  0.561068665031  0.732800329323  0.896396557429
       176 18 19 16 15 17 20 21 173 180
  18  14    0.571452236236  0.356119947472  0.739338166682  1.002176937213
       43 29 30 25 27 28 24 26 32 31 23 22 177 178
  19  14    0.668233061397  0.108995666196  0.735924262684  1.073223564929
       182 35 36 33 42 41 37 38 39 40 34 43 178 185
  20  12    0.657248834810 -0.142741153259  0.740033061632  1.187141753685
       50 49 183 192 188 61 47 48 46 45 44 51
  21  12    0.559084083687 -0.381327094592  0.736216431695  1.247271577701
       187 56 53 60 59 54 55 57 58 52 61 188
  22  13    0.367891089278 -0.567003107066  0.736996352099  1.320168568632
       84 67 69 68 66 65 64 71 70 63 62 189 190
  23  16    0.079144767569 -0.674116887959  0.734372199321  1.342838211348
       193 76 77 72 75 74 82 83 73 78 79 81 80 84 190 197
  24  13   -0.192097868367 -0.650964344847  0.734400320470  1.332215510349
       106 91 92 86 90 89 85 94 93 88 87 194 195
  25  15   -0.413686952120 -0.535527706839  0.736256192404  1.295824659879
       198 102 103 97 96 95 104 105 98 100 101 99 106 195 202
  26  13   -0.583819188725 -0.334714924069  0.739676330892  1.224714835528
       128 110 111 112 116 115 113 114 107 109 108 199 200
  27  15   -0.668204236634 -0.089493853250  0.738575621297  1.132583609913
       203 126 127 123 122 124 125 117 120 121 119 118 128 200 206
  28  16   -0.653131721359  0.171821430980  0.737493288384  1.038416730073
       151 131 132 137 138 136 135 129 130 139 140 134 133 204 213 208
  29  13   -0.538896604226  0.407516727033  0.737238473726  0.950620543921
       141 148 147 146 145 151 208 207 142 150 149 144 143
  30  14   -0.344189960904  0.575770785318  0.741634191220  0.907014245715
       159 154 209 211 175 172 156 157 153 152 155 161 160 158
  31  13   -0.110811328409  0.665353112285  0.738258820109  0.861989168597
       166 162 170 169 167 168 164 163 172 175 174 171 165
  32  13    0.163931359383  0.648698355172 -0.743180296703 -5.523139496527
       220 215 219 218 222 223 216 217 231 232 406 405 221
  33  13    0.373278480272  0.556133432689 -0.742548840960 -5.485042422294
       231 226 229 230 228 227 224 225 246 247 410 409 232
  34  17    0.568695911687  0.350750623469 -0.744015430060 -5.394006869785
       237 235 241 240 236 243 242 259 260 247 246 239 238 233 234 244 245
  35  13    0.650556838937  0.146517026152 -0.745190284666 -5.327370282637
       258 260 259 249 254 253 252 251 255 256 248 250 257
  36  13    0.653869101970 -0.136512354640 -0.744190549872 -5.235467857061
       417 270 266 267 268 269 261 262 263 265 264 281 419
  37  15    0.544790587383 -0.384652004947 -0.745148341599 -5.141802935875
       278 277 274 273 279 280 272 276 275 292 293 418 419 281 271
  38  16    0.350714152019 -0.567964574712 -0.744591045774 -5.089257506995
       285 286 288 289 287 307 308 423 422 293 292 282 283 290 291 284
  39  15    0.102981952440 -0.658614593932 -0.745400250960 -5.060835405456
       302 303 301 300 295 305 304 296 297 294 299 298 306 308 307
  40  14   -0.158636361923 -0.648658255054 -0.744363468224 -5.094838917478
       318 309 313 314 310 316 315 331 428 426 319 311 312 317
  41  14   -0.398844323032 -0.535159557510 -0.744666001635 -5.155005817796
       329 328 320 321 322 327 330 427 428 331 324 326 325 323
  42  15   -0.578286440751 -0.336253739614 -0.743315690026 -5.221649141971
       339 338 340 341 337 336 335 356 432 430 343 342 333 334 332
  43  15   -0.663237751502 -0.085662028883 -0.743490216338 -5.300088275422
       345 346 348 347 344 352 351 349 350 354 353 355 431 432 356
  44  14   -0.638435045268  0.193664796459 -0.744912504652 -5.366042138858
       362 363 365 364 359 378 379 368 360 361 367 366 358 357
  45  15   -0.572335871967  0.345286368302 -0.743780191673 -5.419767335731
       378 374 372 373 375 376 369 370 371 377 393 394 434 433 379
  46  17   -0.372932324391  0.555713041893 -0.743037345289 -5.521501004640
       389 388 390 391 384 381 382 386 385 407 408 392 394 393 387 380 383
  47  14   -0.092352923432  0.662011946059 -0.743781635165 -5.544743141645
       397 398 402 401 403 404 396 400 399 395 405 406 408 407
  48   6    0.134747153214  0.323803091889 -0.936479985042 -5.704288188870
       409 410 414 413 438 439
  49   4    0.320754510108  0.136789888181 -0.937232666277 -5.624894081965
       414 412 411 413
  50   5    0.334421707194 -0.140206973322 -0.931935687904 -5.528761076283
       419 418 416 415 417
  51   4    0.138126627915 -0.325703972812 -0.935327726925 -5.465366284839
       422 423 421 420
  52   5   -0.129803063318 -0.321753702877 -0.937883638538 -5.488981492924
       428 427 425 424 426
  53   6   -0.332771906889 -0.123993846978 -0.934819974058 -5.565727120274
       432 431 436 435 429 430
  54   6   -0.341681164009  0.139932534368 -0.929340017425 -5.633134623782
       436 433 434 441 440 435
  55   5   -0.138247507938  0.326084684201 -0.935177205282 -5.705298781247
       437 439 438 440 441
  56  12   -0.001122541788 -0.000116917298 -0.999999363115 -5.367107833587
       438 413 411 415 416 420 421 424 425 429 435 440
  57   8    0.000000000000  0.000000000000  1.000000000000  1.581015565598
       191 184 179 210 212 205 201 196
  58   6   -0.368116671555  0.929756580426  0.006543491257 -3.318351480683
       163 397 407 385 156 172
  59   6    0.353474548113 -0.935443248371  0.001293411352 -2.644230206034
       287 67 84 80 302 307
  60   6    0.923872307057 -0.382680439484 -0.003954932251 -2.847483191225
       264 47 61 52 271 281
  61   6   -0.770510994427 -0.637422129753  0.002415774872 -2.785628811281
       342 102 198 199 108 333
  62   6    0.998888810244 -0.047106400499  0.001460068830 -2.941066266782
       214 35 182 181 266 270
  63   5    0.031409856645  0.999477844477  0.007580191679 -3.324928052263
       399 165 171 6 395
  64   6   -0.940865467025 -0.338732411212  0.005703205717 -2.889583262951
       335 110 128 118 345 356
  65   8   -0.062790485696 -0.998026190666 -0.001038099525 -2.646907004643
       298 76 193 194 87 311 319 306
  66   6    0.684543636867 -0.728964933246 -0.003183602276 -2.728015137738
       275 186 189 62 282 292
  67   6   -0.425778101033 -0.904824522456 -0.002364792263 -2.701582721570
       99 324 331 315 91 106
  68   8   -0.998022631017  0.062790261742  0.002865485728 -3.039180660360
       353 126 203 204 133 360 368 355
  69   6    0.750110951037  0.661311760769 -0.000562319902 -3.211768761783
       238 18 176 177 22 233
  70   6   -0.637405852280  0.770491318343  0.007543728350 -3.262147744414
       380 142 207 209 154 383
  71   6    0.935441670418  0.353473951854  0.002246465474 -3.084018976227
       242 29 43 34 249 259
  72   4    0.453963622075  0.890953773801  0.010881304277 -3.251464011259
       226 0 3 229
  73   5   -0.897975760439  0.439913785792  0.010742194081 -3.135574916700
       374 131 151 145 372
  74   4    0.248667613208  0.968496409795  0.013383659984 -3.275595364375
       12 222 218 8
  75   4   -0.625226328848 -0.780410027302  0.007226825198 -2.710007954635
       328 104 95 320
  76   4    0.156429177790 -0.987654958208  0.008221670327 -2.600196169346
       74 296 304 82
  77   4    0.818145947927 -0.575002602796 -0.003035567350 -2.777240147930
       273 54 59 279
  78   4   -0.780424322446  0.625237781417  0.003948876227 -3.230854359552
       369 141 143 370
  79   4    0.985109301783  0.171929096026 -0.000222441565 -3.025083420764
       251 37 41 255
  80   4   -0.171927388065  0.985099515609  0.004462911505 -3.339954315551
       401 167 169 403
  81   4   -0.964519325668  0.263862628957  0.008887263452 -3.079329588876
       357 129 135 362
  82   4   -0.989997710167 -0.140897539054  0.007239982955 -2.952358133309
       117 344 347 120
  83   4    0.522495336688 -0.852634896691 -0.003515122098 -2.688006969700
       284 64 65 285
  84   4    0.600412319201  0.799674128517  0.005131776697 -3.237916829922
       227 17 15 224
  85   4   -0.248678483080 -0.968538745150 -0.009576596317 -2.702841259287
       309 85 89 313
  86   4    0.852489027418  0.522405947883  0.018827738806 -3.075349624358
       237 26 24 235
  87   4   -0.868621509497 -0.495452961715  0.004799579887 -2.831173157380
       338 113 115 340
  88   4    0.975910217172 -0.218141778468  0.003662308735 -2.870565221748
       45 262 261 44
  89   4   -0.509025513096  0.860715137084  0.007904417232 -3.290412073528
       152 381 384 155
  90   4   -0.535826629806 -0.844327665230 -0.000785186409 -2.719412115571
       325 100 98 323
  91   4    0.140895305868  0.989982018984  0.009171416100 -3.307121049900
       220 10 5 215
  92   5    0.353465580312  0.935419515774  0.007239685291 -3.286692435079
       1 217 216 7 14
  93   4    0.062790182505 -0.998021371581  0.003276407772 -2.622392573954
       72 294 297 75
  94   4    0.868625553683 -0.495455268478 -0.003704649412 -2.807585337983
       55 274 277 57
  95   4    0.998025508868  0.062790442801  0.001563311382 -2.980077079607
       36 250 248 33
  96   4   -0.844308435583  0.535814426300  0.006794569361 -3.188174377362
       373 146 147 375
  97   4   -0.278987534138  0.960281391113  0.005060205282 -3.331188689661
       398 164 168 402
  98   4   -0.982283136035  0.187380529666  0.002894436615 -3.078816304513
       130 358 366 139
  99   4   -0.968567775671 -0.248685936851  0.005636376923 -2.920775086018
       346 119 121 348
 100   4    0.760403463665 -0.649445911476 -0.002565251139 -2.750034262319
       56 276 272 53
 101   4   -0.718107595856  0.695894673184  0.007216966673 -3.239294073340
       149 377 371 144
 102   4    0.248688123436 -0.968576291858  0.003766180097 -2.623781820761
       300 78 73 295
 103   4   -0.062789880988  0.998016579103  0.004509842629 -3.340793148353
       396 162 166 400
 104   4   -0.998872478088 -0.047105630294  0.005901873660 -2.990017890685
       122 349 351 124
 105   4    0.600415062951 -0.799677782850 -0.004146781612 -2.709431637190
       70 290 283 63
 106   5    0.684544348748  0.728965691322  0.002838216355 -3.223221965903
       225 16 19 239 246
 107   4   -0.338720782541 -0.940833167150 -0.010058979344 -2.718141035735
       86 310 314 90
 108   4   -0.695897055299 -0.718110054009  0.006725976319 -2.738336138258
       97 322 321 96
 109   4    0.898011806631  0.439931444639  0.005926142785 -3.100651178499
       25 236 240 27
 110   4    0.453989822399 -0.891005194832 -0.001727408597 -2.669260368979
       286 66 68 288
 111   4    0.968583153604  0.248689885233 -0.000124648969 -3.054232416438
       38 252 253 39
 112   4    0.993957278210 -0.109733905119  0.002720139642 -2.910869715224
       267 49 50 268
 113   4    0.522461478975  0.852579645925  0.011914291458 -3.229313585383
       230 4 2 228
 114   4   -0.929643394579  0.368071858108  0.016919402625 -3.083573138957
       364 137 132 359
 115   4   -0.156432347441 -0.987674970598 -0.005203184493 -2.673983416582
       93 317 312 88
 116   4    0.799674267547  0.600412423588  0.005097786251 -3.163988916779
       234 23 31 244
 117   4   -0.574988221596  0.818125485549  0.007696422606 -3.275907339193
       160 390 388 158
 118   4   -0.425766222152  0.904799278550  0.007835152202 -3.303301908247
       157 386 382 153
 119   4   -0.809015654209 -0.587784278605  0.001820184078 -2.808389542605
       107 332 334 109
 120   4   -0.904811272543 -0.425771866097  0.005905854718 -2.855374862033
       337 112 111 336
 121   4    0.951049964273 -0.309014865494 -0.003711921227 -2.873551972435
       263 46 48 265
 122   4   -0.000000000000 -0.999997363484  0.002296306826 -2.629278604810
       294 72 77 299
 123   4    0.904820221939 -0.425776077363 -0.003885603582 -2.832271362462
       271 52 58 278
 124   4    0.993960039896  0.109734210012  0.001357292728 -2.996304201787
       33 248 256 42
 125   4    0.187370684583  0.982231526305  0.010651539418 -3.294978591363
       215 5 9 219
 126   4   -0.992111283893  0.125332801844  0.002624719769 -3.061177259585
       361 134 140 367
 127   4   -0.661279001937 -0.750073793436  0.009969252642 -2.709406563635
       96 321 320 95
 128   5    0.078456347040  0.996882408348  0.008370515793 -3.316861852274
       395 6 11 221 405
 129   4    0.308995452059  0.950990215863  0.011807622097 -3.273630847348
       7 216 223 13
 130   4   -0.109733409171  0.993952785967  0.004054402671 -3.342596625470
       404 170 162 396
 131   4   -0.809009587944  0.587779871206  0.004278974140 -3.216743589512
       141 369 376 148
 132   4   -0.950900566419  0.308966323189  0.018108669719 -3.056474806031
       138 365 363 136
 133   4   -0.728965344129 -0.684544022712  0.003001337531 -2.766816781228
       322 97 103 327
 134   4   -0.672994072087  0.739610828120  0.007402828100 -3.252845264516
       142 380 387 150
 135   4   -0.835805252170 -0.549021432514  0.002246572203 -2.821878752495
       332 107 114 339
 136   4   -0.750102538820  0.661304344402  0.004769206469 -3.238110859298
       144 371 370 143
 137   4    0.951055127630  0.309016543170  0.001708875714 -3.069586441912
       249 34 40 254
 138   4   -0.575003509584 -0.818147238156  0.002461841672 -2.716174176467
       105 329 323 98
 139   4    0.294039879416 -0.955791565649  0.001741363852 -2.636702538451
       303 81 79 301
 140   4   -0.876269561872  0.481733268214  0.009203979112 -3.158174316820
       146 373 372 145
 141   4    0.649442908328  0.760399947431  0.003978538627 -3.229674667212
       16 225 224 15
 142   4    0.202780107713 -0.979188102806  0.008419456001 -2.600638962858
       83 305 295 73
 143   4    0.637419715662 -0.770508076292 -0.003662028787 -2.717219820019
       282 62 63 283
 144   4   -0.309012815835  0.951043656071  0.005200374722 -3.328039105684
       164 398 397 163
 145   4    0.094107509565 -0.995553461774  0.004132964255 -2.617348638260
       75 297 296 74
 146   4   -0.467929145790 -0.883764367567 -0.001690307575 -2.709236094214
       101 326 324 99
 147   4   -0.995534969235 -0.094105761505  0.007364148376 -2.967440812481
       125 352 344 117
 148   4    0.790151914404 -0.612904650620 -0.002800252246 -2.763016394550
       53 272 280 60
 149   4    0.852634584867 -0.522495145602 -0.003617666452 -2.797167746891
       274 55 54 273
 150   5    0.382675939284  0.923861442612  0.006257822907 -3.286175185954
       217 1 0 226 231
 151   4    0.982278794293 -0.187379701434  0.004149430421 -2.878872698452
       269 51 44 261
 152   5    0.728965874537 -0.684544520798 -0.002748236726 -2.740826101749
       186 275 276 56 187
 153   4    0.780430403879  0.625242653564  0.000094160668 -3.194173762521
       23 234 233 22
 154   5    0.562047756540  0.827028159106  0.011258037781 -3.222132372873
       228 2 20 17 227
 155   4    0.964556506816 -0.263872800568 -0.001374874222 -2.877894367651
       46 263 262 45
 156   4   -0.999870102617  0.015707214733  0.003614041788 -3.021733213504
       127 354 350 123
 157   4   -0.015707054964  0.999859932266  0.005779642971 -3.334488763196
       165 399 400 166
 158   4    0.876178790577  0.481683366272  0.017083957370 -3.068133511156
       28 241 235 24
 159   4   -0.960278744602 -0.278986765256  0.005578304265 -2.910541780577
       119 346 345 118
 160   4    0.911396894749  0.411511477073  0.003742256036 -3.099363495630
       30 243 236 25
 161   4   -0.985086977107 -0.171925199746  0.006735965139 -2.944188130997
       120 347 348 121
 162   4    0.549018439581 -0.835800695865 -0.003993719078 -2.695975912010
       64 284 291 71
 163   5    0.999875426547  0.015707298367  0.001553114812 -2.964675112198
       35 214 257 250 36
 164   4   -0.202779616890 -0.979185732712 -0.008702173734 -2.694269361519
       85 309 318 94
 165   4   -0.218138856900  0.975897146829  0.006340182991 -3.331352767450
       167 401 402 168
 166   4    0.495421832958  0.868566934978  0.012193723448 -3.234721704944
       4 230 229 3
 167   4    0.826952014339  0.561996008610  0.017631003560 -3.096097096773
       26 237 245 32
 168   4   -0.467915166954  0.883737966141  0.007912252176 -3.297500440675
       153 382 381 152
 169   4   -0.368119342000 -0.929763325201 -0.005320635023 -2.703208702980
       310 86 92 316
 170   4    0.935436393535 -0.353471957886 -0.004040871001 -2.858002306814
       47 264 265 48
 171   4    0.481752177174 -0.876303957143 -0.002492886559 -2.676253363535
       66 286 285 65
 172   4    0.382683352636 -0.923879340028  0.000645511158 -2.651103106477
       67 287 289 69
 173   4   -0.790153071031 -0.612905547791  0.002216715486 -2.795412372831
       333 108 109 334
 174   4   -0.109733523497 -0.993953821516 -0.003788735337 -2.663812328977
       88 312 311 87
 175   4   -0.923863610802 -0.382676837377  0.005870840690 -2.872870111213
       110 335 336 111
 176   4   -0.612889474074  0.790132348919  0.007573886718 -3.267689426824
       383 154 159 389
 177   4   -0.890992055396 -0.453983127522  0.005698872412 -2.844320657890
       112 337 341 116
 178   5    0.996915933419 -0.078458985521  0.001676092643 -2.927050904811
       49 267 266 181 183
 179   4   -0.975910680976  0.218141882140  0.003530157760 -3.086900043026
       358 130 129 357
 180   4    0.891000024655 -0.453987188062 -0.003819573414 -2.822291209085
       57 277 278 58
 181   4    0.979222527937  0.202787236815 -0.000759845234 -3.039392665108
       252 38 37 251
 182   4   -0.031410744731 -0.999506103818  0.000955796312 -2.635946237294
       76 298 299 77
 183   5   -0.917667793163  0.397110314848  0.013755698182 -3.107854305463
       359 132 131 374 378
 184   4   -0.278975499746 -0.960239968464 -0.010577027263 -2.712334692504
       90 314 313 89
 185   4    0.728968624244  0.684547102945  0.000093374029 -3.218997508451
       18 238 239 19
 186   4   -0.509040833463 -0.860741042410 -0.001512540457 -2.717135321760
       326 101 100 325
 187   4   -0.860734555783 -0.509036997282  0.004166518826 -2.828244028589
       113 338 339 114
 188   4   -0.535810748381  0.844302640109  0.007739110036 -3.285811800227
       155 384 391 161
 189   4   -0.995920055045  0.090197691366  0.002760512780 -3.048748121236
       134 361 360 133
 190   4    0.960293333758  0.278991003797  0.000856118708 -3.061647369934
       39 253 254 40
 191   4   -0.140900087485  0.990015616377  0.004030468502 -3.342478110776
       170 404 403 169
 192   4    0.218126949063  0.975843874227  0.012221588510 -3.284619977806
       219 9 8 218
 193   4   -0.411501885379  0.911375651502  0.007785896142 -3.305704325651
       386 157 156 385
 194   4    0.990023500300  0.140901209534  0.000563919299 -3.010760077593
       42 256 255 41
 195   4    0.109730011024  0.993922005937  0.008852728073 -3.311864377050
       10 220 221 11
 196   4    0.990016656657 -0.140900235539  0.003760740201 -2.896823014224
       51 269 268 50
 197   4   -0.397145661343 -0.917749474094 -0.003350593583 -2.700215128755
       316 92 91 315
 198   4   -0.955650248668  0.293996404636  0.017283410599 -3.053849479375
       362 135 136 363
 199   4    0.263848647636  0.964468218563  0.013599504478 -3.272418320750
       222 12 13 223
 200   4    0.278990545303 -0.960291755610  0.002004928439 -2.633594312347
       78 300 301 79
 201   4   -0.827070170212  0.562076307259  0.005015811318 -3.205072841700
       148 376 375 147
 202   4    0.439938689514 -0.898026595261 -0.001477725801 -2.666663719456
       69 289 288 68
 203   4    0.323917060263 -0.946084313383  0.001486620692 -2.640677897832
       81 303 302 80
 204   4    0.575000055338 -0.818142323262 -0.004251499640 -2.703673027483
       71 291 290 70
 205   4   -0.876295385937 -0.481747465114  0.005077050538 -2.835218487136
       116 341 340 115
 206   4    0.799681312291 -0.600417712931 -0.002892882810 -2.767387303904
       60 280 279 59
 207   5   -0.707087971622  0.707087971622  0.007293886162 -3.242671545880
       150 387 393 377 149
 208   4   -0.945929983049  0.323864221179  0.018122731853 -3.061991525494
       365 138 137 364
 209   4   -0.171925072934 -0.985086250508 -0.006844585877 -2.682442639878
       317 93 94 318
 210   4   -0.999867519364 -0.015707174152  0.004269473131 -3.008483081221
       123 350 349 122
 211   4    0.890966288649  0.453969998708  0.009503302799 -3.090196033863
       241 28 27 240
 212   6   -0.760403650094 -0.649446070701  0.002467827914 -2.781336198960
       327 103 102 342 343 330
 213   4    0.923876369564  0.382682122229  0.002616694103 -3.093876769544
       243 30 29 242
 214   4   -0.998004405270 -0.062789115075  0.006688354800 -2.980930844388
       124 351 352 125
 215   4   -0.587768030491  0.808993290598  0.007654939610 -3.272962149328
       158 388 389 159
 216   4   -0.587782199094 -0.809012792008  0.003223165392 -2.716557576575
       329 105 104 328
 217   4    0.187374125828 -0.982249565940  0.008759405243 -2.598387008705
       82 304 305 83
 218   4    0.808966298034  0.587748419244  0.011194834597 -3.133002030670
       32 245 244 31
 219   4   -0.987684823737  0.156433908025  0.002668591328 -3.070910142551
       139 366 367 140
 220   4   -0.999501005088  0.031410584496  0.003334067981 -3.027426647741
       354 127 126 353
 221   4   -0.562066691590  0.827056021185  0.007705324526 -3.279042529444
       390 160 161 391
 222   8    0.384847463079  0.726850374417  0.568841773581 -0.273304235909
       20 2 4 3 0 1 14 21
