-0.129250 0.158500 0.952500
0.162750 1.031000 0.904500   
   

-0.040500 0.879000 1.159000
1.235750 0.757250 1.198250   
   

1.200250 1.069500 0.947250
0.929500 0.018250 0.852000   
   

0.782750 -0.059750 0.809000
-0.033000 -0.228500 0.885750   
   

-0.079250 -0.059250 0.026250
0.097750 0.959250 -0.028000   
   

0.140250 1.238750 -0.242250
1.229500 1.063500 0.246250   
   

0.920750 1.245250 0.116750
0.861250 0.098000 -0.040750   
   

1.014750 -0.235250 0.233000
-0.193750 -0.167000 -0.102750   
   

