8
2 5
-0.096700 -0.018000 1.088400
0.016800 1.015100 0.950000
   
    
3 5
-0.090500 0.981700 0.914900
1.066600 0.909300 0.976800
   
    
4 5
0.960600 1.024200 0.953500
0.936500 -0.085300 1.031000
   
    
1 5
0.981800 0.057200 0.947400
0.044200 -0.082400 0.933400
   
    
0 2
0.049100 -0.063500 0.025600
0.029100 0.995900 0.063300
   
    
0 3
-0.079500 1.006500 0.094200
0.929700 1.089200 -0.032000
   
    
0 4
0.972500 1.046000 -0.098400
1.004600 0.092900 -0.024200
   
    
0 1
0.974100 -0.072900 -0.017900
-0.035000 -0.032500 -0.000700
   
    
