442
1.213940 3.083163 -4.280410
1.080804 3.138176 -4.260631
1.598790 2.867562 -4.265289
1.357244 3.010191 -4.284120
1.490561 2.934049 -4.277023
0.427314 3.319064 -4.241304
0.083991 3.355770 -4.185613
0.969874 3.180067 -4.257296
0.653987 3.273081 -4.258734
0.564258 3.293072 -4.253424
0.312666 3.335240 -4.226191
0.221796 3.345143 -4.211618
0.715600 3.257287 -4.260541
0.821477 3.228343 -4.262045
1.036689 3.154779 -4.252000
1.871524 2.671149 -4.251614
1.984290 2.574762 -4.237057
1.718033 2.786443 -4.259253
2.163958 2.398566 -4.196541
2.105291 2.461043 -4.213555
1.631946 2.844941 -4.258817
1.207771 2.970174 -4.131862
2.249144 2.301937 -4.202706
2.344721 2.182640 -4.219117
2.566426 1.851354 -4.230907
2.681157 1.631874 -4.213867
2.478512 1.994859 -4.232078
2.664020 1.666903 -4.217495
2.618293 1.756814 -4.225459
2.748137 1.478791 -4.191902
2.725281 1.534031 -4.200844
2.368044 2.151602 -4.222195
2.426678 2.071023 -4.228701
2.955911 0.583104 -4.228719
2.794271 1.356732 -4.196526
2.966300 0.335487 -4.201479
2.964610 0.444517 -4.216092
2.905075 0.944137 -4.236031
2.883134 1.050103 -4.231802
2.854337 1.162266 -4.222265
2.827665 1.254037 -4.211639
2.927118 0.817835 -4.237340
2.939997 0.727335 -4.235630
2.766969 1.428894 -4.182423
2.898498 -0.263042 -4.229166
2.866497 -0.406191 -4.228357
2.831939 -0.532546 -4.222037
2.756217 -0.743434 -4.195463
2.808314 -0.605339 -4.215095
2.950876 0.097817 -4.206081
2.933370 -0.061129 -4.221191
2.922772 -0.135724 -4.226167
2.711118 -0.852323 -4.194458
2.290129 -1.536331 -4.229043
2.471570 -1.290891 -4.239702
2.561956 -1.143447 -4.231973
2.178568 -1.667019 -4.212014
2.607357 -1.063901 -4.225249
2.660617 -0.959487 -4.211613
2.406030 -1.384151 -4.238236
2.342376 -1.468952 -4.233820
2.730908 -0.804646 -4.184791
1.944804 -1.897583 -4.221974
1.833988 -1.989185 -4.237132
1.593759 -2.158421 -4.247416
1.477344 -2.229773 -4.244198
1.352296 -2.298546 -4.234687
1.099128 -2.417195 -4.199593
1.277370 -2.336738 -4.226669
1.189905 -2.379605 -4.215987
1.740322 -2.059473 -4.244452
1.681787 -2.100600 -4.246873
0.039806 -2.639057 -4.255365
0.664360 -2.554835 -4.245362
0.336016 -2.614982 -4.265189
0.162856 -2.631336 -4.261538
-0.205091 -2.634844 -4.225104
-0.072458 -2.639029 -4.243240
0.768970 -2.527923 -4.231933
0.879074 -2.495898 -4.214402
0.979285 -2.462472 -4.194518
0.905454 -2.487774 -4.209788
0.468667 -2.593931 -4.260160
0.564145 -2.575660 -4.253678
1.023775 -2.445646 -4.183868
-0.701106 -2.568365 -4.273978
-1.101764 -2.446756 -4.270985
-0.340051 -2.626347 -4.230931
-0.440774 -2.615164 -4.247365
-0.864069 -2.526469 -4.279468
-0.947118 -2.502337 -4.279801
-1.267707 -2.378099 -4.253534
-1.185272 -2.413735 -4.263559
-0.529502 -2.601055 -4.258067
-0.620726 -2.585066 -4.267756
-1.949484 -1.950290 -4.273968
-2.108008 -1.810364 -4.261262
-2.164340 -1.755699 -4.253152
-1.700006 -2.137974 -4.270306
-1.405182 -2.313463 -4.232296
-1.563682 -2.224501 -4.256645
-1.482996 -2.272237 -4.246031
-2.305500 -1.599265 -4.218682
-2.249140 -1.665316 -4.235058
-1.839455 -2.038462 -4.276278
-1.775161 -2.085166 -4.274123
-1.404931 -2.313582 -4.232241
-2.508205 -1.338812 -4.241278
-2.363703 -1.528890 -4.213237
-2.463652 -1.400110 -4.233852
-2.833274 -0.731964 -4.223244
-2.791994 -0.831815 -4.235847
-2.748872 -0.923559 -4.243326
-2.643402 -1.121102 -4.249471
-2.572606 -1.240796 -4.247756
-2.653008 -1.104260 -4.249432
-2.705333 -1.009062 -4.247653
-3.010125 -0.022574 -4.259526
-2.882642 -0.594676 -4.213511
-2.923643 -0.453948 -4.233554
-2.993228 -0.141246 -4.258619
-2.970158 -0.273242 -4.253741
-3.031264 0.271435 -4.243025
-3.032205 0.333148 -4.236399
-3.027870 0.198748 -4.248762
-3.021741 0.100664 -4.255103
-3.028734 0.454271 -4.218582
-3.031796 0.358352 -4.232976
-2.869639 -0.630668 -4.206109
-2.940195 1.066151 -4.260295
-2.962893 0.964546 -4.256725
-2.750669 1.615950 -4.220541
-2.790029 1.525471 -4.234319
-3.021775 0.564753 -4.215727
-3.012828 0.664002 -4.230927
-2.904649 1.196043 -4.259077
-2.866605 1.319416 -4.254129
-2.833434 1.416443 -4.247357
-2.863276 1.329629 -4.253560
-2.992570 0.808818 -4.246726
-3.002464 0.746251 -4.240911
-2.413886 2.181282 -4.259632
-1.997536 2.622462 -4.199161
-2.343922 2.268593 -4.256753
-2.230221 2.397476 -4.244882
-2.673831 1.772878 -4.223893
-2.602216 1.903525 -4.243761
-2.530636 2.016445 -4.253857
-2.487548 2.079878 -4.257424
-2.166202 2.463431 -4.234544
-2.100540 2.528971 -4.222776
-2.716814 1.684717 -4.206580
-1.494465 2.977890 -4.228467
-1.386608 3.034946 -4.222707
-1.920687 2.686042 -4.199698
-1.591631 2.920431 -4.228953
-1.158931 3.139749 -4.198407
-1.270486 3.089489 -4.211160
-1.761069 2.806151 -4.218867
-1.840158 2.748614 -4.210903
-1.715869 2.837953 -4.222580
-1.636401 2.892007 -4.227664
-0.287263 3.348467 -4.228509
-1.074165 3.173241 -4.188700
-0.907741 3.227446 -4.212572
-0.015283 3.358977 -4.197158
-0.151631 3.356943 -4.215790
-0.642597 3.297513 -4.235922
-0.748481 3.273810 -4.230453
-0.504016 3.321704 -4.236923
-0.414178 3.334482 -4.234955
0.068671 3.356225 -4.182075
-1.084149 3.169274 -4.186623
0.277369 0.951840 -2.097740
0.068499 3.350407 -4.176858
-0.238336 1.042769 -2.143163
2.184021 2.375815 -4.189661
2.192461 2.366243 -4.189868
0.613815 0.556866 -2.098165
-0.007156 0.381081 -1.581016
0.277063 0.950522 -2.096569
2.961394 0.231807 -4.190104
2.963145 0.268979 -4.188764
2.961034 0.227227 -4.190141
0.010485 0.360313 -1.581016
0.607407 0.553274 -2.091815
2.090402 -1.760978 -4.194235
2.091903 -1.759380 -4.194039
0.590749 0.042888 -2.120566
2.063876 -1.785882 -4.195476
0.218010 -0.323403 -2.148916
0.009227 0.346023 -1.581016
0.543977 0.073267 -2.073166
-0.247560 -2.632179 -4.218081
-0.279052 -2.630198 -4.218388
-0.311186 -0.248091 -2.115321
-0.004793 0.333843 -1.581016
0.211167 -0.310504 -2.136337
-2.327468 -1.572684 -4.211691
-2.351662 -1.543433 -4.210315
-0.680301 0.132029 -2.132954
-0.018349 0.334846 -1.581016
-0.310478 -0.245843 -2.113288
-3.025603 0.503640 -4.209767
-3.023780 0.532615 -4.210016
-0.034989 0.353354 -1.581016
-0.673587 0.135641 -2.126442
-1.976386 2.639901 -4.193341
-0.642372 0.681530 -2.135709
-1.958688 2.654538 -4.192876
-0.019243 0.381992 -1.581016
-0.238028 1.041071 -2.141702
-0.033826 0.369352 -1.581016
-0.628487 0.671368 -2.121046
2.966736 0.335902 -4.486257
0.433736 3.319974 -4.438190
0.953819 3.187541 -4.439066
1.075710 3.141584 -4.452293
0.660603 3.273729 -4.428513
0.573347 3.293260 -4.430711
0.315166 3.336954 -4.449523
0.225803 3.346918 -4.460537
0.718416 3.258888 -4.428715
0.815952 3.232229 -4.430469
1.869312 2.674047 -4.444343
1.980785 2.578920 -4.459551
1.224442 3.080060 -4.464434
1.700347 2.800845 -4.434315
1.597878 2.870474 -4.433678
1.362158 3.009688 -4.447910
1.490316 2.936454 -4.438334
1.198201 3.090963 -4.469459
0.901818 2.416192 -5.123822
2.251274 2.299315 -4.445110
2.365248 2.157049 -4.425061
2.565870 1.858799 -4.412317
2.675736 1.645833 -4.428738
2.483746 1.992799 -4.411918
2.160126 2.402684 -4.466049
2.097260 2.469632 -4.482540
2.644555 1.709399 -4.422605
2.599076 1.798505 -4.415360
2.747598 1.481864 -4.451110
2.722556 1.542258 -4.441780
2.414571 2.091299 -4.418357
2.450728 2.041455 -4.414218
2.096665 2.470191 -4.482731
2.086496 2.460603 -4.495024
2.956323 0.582152 -4.453653
2.793799 1.359543 -4.442689
2.965008 0.444588 -4.473118
2.905596 0.940903 -4.427401
2.882460 1.052629 -4.425632
2.852708 1.168506 -4.428823
2.826163 1.259891 -4.434029
2.927917 0.813002 -4.433062
2.940837 0.722248 -4.439627
2.966182 0.371240 -4.486515
2.058822 1.180765 -5.119481
2.757014 1.456974 -4.455646
2.059024 1.181023 -5.119254
2.899963 -0.260016 -4.439423
2.872214 -0.384185 -4.441027
2.834610 -0.521602 -4.448859
2.754882 -0.743737 -4.478163
2.807989 -0.603433 -4.457239
2.961717 0.229823 -4.475018
2.950639 0.089397 -4.458993
2.933160 -0.068588 -4.445370
2.923320 -0.137614 -4.441353
2.965732 0.314587 -4.487039
2.709928 -0.852255 -4.479159
2.289059 -1.536776 -4.433508
2.470092 -1.292002 -4.427506
2.561018 -1.143554 -4.437659
2.091156 -1.759094 -4.463436
2.178712 -1.665920 -4.447519
2.606372 -1.063980 -4.445576
2.659525 -0.959535 -4.460631
2.405072 -1.384517 -4.427286
2.341230 -1.469533 -4.430076
2.729447 -0.805028 -4.489268
1.945667 -1.895677 -4.472532
1.835220 -1.987131 -4.454794
1.590917 -2.159375 -4.438479
1.473398 -2.231389 -4.438901
1.347550 -2.300556 -4.445418
1.093961 -2.419526 -4.474113
1.274013 -2.338013 -4.451483
1.182333 -2.382912 -4.460417
1.740368 -2.058398 -4.445109
1.680018 -2.100834 -4.441166
2.000083 -1.844519 -4.485924
1.999490 -1.843893 -4.486680
0.042878 -2.639507 -4.451302
0.646094 -2.560273 -4.437973
0.346869 -2.614646 -4.431270
0.167787 -2.631615 -4.441019
-0.188504 -2.635615 -4.486708
-0.062964 -2.639541 -4.465895
0.757460 -2.531718 -4.447818
0.875230 -2.497531 -4.461753
0.977780 -2.463433 -4.477714
0.903609 -2.488808 -4.465540
0.471807 -2.594860 -4.431492
0.560616 -2.577942 -4.434170
-0.239828 -2.632376 -4.496661
1.024366 -2.445842 -4.486820
0.787244 -1.792379 -5.096962
-0.697388 -2.567495 -4.458549
-1.131035 -2.433956 -4.482501
-0.325163 -2.627018 -4.486006
-0.433918 -2.615060 -4.473249
-0.858034 -2.526231 -4.460271
-0.947975 -2.500060 -4.463909
-1.274575 -2.374212 -4.503972
-1.198094 -2.407355 -4.491391
-0.507687 -2.603406 -4.467684
-0.609192 -2.585733 -4.461452
-0.255033 -2.631419 -4.497117
-1.959599 -1.944057 -4.475900
-2.097773 -1.822419 -4.489310
-2.151615 -1.770322 -4.497911
-1.711817 -2.130288 -4.474775
-1.408453 -2.311206 -4.507240
-1.568076 -2.221499 -4.486215
-1.483622 -2.271428 -4.495566
-2.247569 -1.668238 -4.519881
-1.853272 -2.029202 -4.471659
-1.783315 -2.080032 -4.472598
-2.250380 -1.664950 -4.520739
-1.349851 -2.338751 -4.518832
-2.509746 -1.337391 -4.467274
-2.363098 -1.530684 -4.493923
-2.462216 -1.402832 -4.474647
-2.834363 -0.733395 -4.487957
-2.793211 -0.832547 -4.475119
-2.750689 -0.922805 -4.467370
-2.648487 -1.114229 -4.460287
-2.577790 -1.233779 -4.461208
-2.655738 -1.101518 -4.460396
-2.708350 -1.005841 -4.462746
-2.305424 -1.600450 -4.507232
-2.250899 -1.664342 -4.520748
-3.011487 -0.022257 -4.439668
-2.883943 -0.595671 -4.487378
-2.925020 -0.453877 -4.467072
-2.994945 -0.138554 -4.441025
-2.971892 -0.270856 -4.446347
-3.031992 0.260446 -4.453949
-3.033089 0.328466 -4.460806
-3.028576 0.188681 -4.448727
-3.022742 0.096524 -4.443313
-3.029719 0.450445 -4.477867
-3.032696 0.354252 -4.464128
-3.028758 0.465849 -4.480499
-2.860876 -0.659964 -4.500548
-2.937102 1.082326 -4.404926
-2.962744 0.967739 -4.412741
-2.799386 1.509996 -4.411770
-3.022552 0.563852 -4.466486
-3.013501 0.663234 -4.448405
-2.895841 1.233025 -4.401111
-2.866756 1.327586 -4.401454
-2.837401 1.413635 -4.404242
-2.865777 1.330604 -4.401509
-2.992843 0.810188 -4.427904
-3.002937 0.746593 -4.435787
-3.026701 0.498516 -4.479916
-2.415062 2.180801 -4.416008
-2.342562 2.271384 -4.429746
-2.223627 2.406496 -4.458542
-2.678159 1.768464 -4.404976
-2.606333 1.899014 -4.399641
-2.758195 1.605435 -4.419072
-2.535983 2.009901 -4.402298
-2.490121 2.077420 -4.406244
-2.166619 2.465495 -4.475021
-2.763915 1.592276 -4.420780
-2.047194 1.285007 -5.114938
-1.998239 2.624485 -4.465230
-1.495297 2.979452 -4.452180
-1.387808 3.036466 -4.463489
-1.921708 2.687710 -4.456355
-1.591544 2.922480 -4.446483
-1.167039 3.138646 -4.497873
-1.272135 3.091047 -4.480725
-2.101427 2.530774 -4.483525
-1.761596 2.807925 -4.446808
-1.840758 2.750441 -4.450068
-1.716743 2.839438 -4.445751
-1.637128 2.893540 -4.445248
-0.894998 2.541082 -5.081326
-2.122054 2.510200 -4.488560
-2.120769 2.508988 -4.490111
0.089002 3.357824 -4.477179
-0.285322 3.349536 -4.438076
-1.080974 3.172713 -4.496667
-0.909219 3.228366 -4.468459
-0.005112 3.360673 -4.462956
-0.145436 3.358380 -4.447574
-0.650765 3.297010 -4.439452
-0.744525 3.276097 -4.446424
-0.506841 3.322108 -4.434984
-0.414128 3.335303 -4.434752
0.100602 3.356930 -4.479415
0.099559 3.336018 -4.497898
-1.124599 3.155510 -4.506561
-0.894690 2.544652 -5.078810
0.902395 2.410266 -5.127970
0.904142 2.408711 -5.128256
1.707194 0.330722 -5.369066
2.041701 1.174025 -5.131505
1.165110 1.604988 -5.368607
1.182185 1.621938 -5.360289
1.707217 0.326613 -5.369066
1.220903 -0.837877 -5.368384
2.088251 -0.518921 -5.105125
2.083678 -0.525278 -5.105810
2.088136 -0.520741 -5.104893
1.206097 -0.852280 -5.368366
-0.049047 -1.388796 -5.366894
0.789764 -1.776197 -5.108118
0.789378 -1.776499 -5.108070
-0.067303 -1.388461 -5.366873
-1.322112 -0.886177 -5.365524
-1.041054 -1.730353 -5.114816
-1.061370 -1.726542 -5.113312
-1.060345 -1.727625 -5.113082
-1.322562 -0.885669 -5.365523
-2.203940 -0.440780 -5.110785
-2.205751 -0.436629 -5.110691
-2.205805 -0.438318 -5.110447
-2.046211 1.285182 -5.115613
-2.028805 1.307481 -5.118655
-1.768018 0.307118 -5.365162
-1.783192 0.306492 -5.359678
-0.893381 2.537209 -5.084005
-0.011778 2.098391 -5.367343
-0.011702 2.106018 -5.364695
-1.244810 1.579776 -5.365899
-1.262306 1.599189 -5.356543
743
0 1
0 226
0 3
1 14
1 217
2 4
2 20
2 228
3 4
3 229
4 230
5 9
5 215
5 10
6 11
6 395
6 171
7 216
7 14
7 13
8 218
8 12
8 9
9 8
9 219
10 220
10 11
11 10
11 221
12 13
12 222
13 223
14 21
15 16
15 224
15 17
16 225
16 19
17 227
17 20
18 238
18 176
18 19
19 18
19 239
20 21
21 20
21 173
22 23
22 233
22 177
23 234
23 31
24 28
24 235
24 26
25 30
25 236
25 27
26 237
26 32
27 240
27 28
28 27
28 241
29 242
29 43
29 30
30 29
30 243
31 32
31 244
32 245
33 248
33 36
33 42
34 40
34 249
34 43
35 214
35 182
35 36
36 35
36 250
37 251
37 41
37 38
38 37
38 252
38 39
39 253
39 40
40 39
40 254
41 42
41 255
42 256
43 178
44 261
44 45
44 51
45 46
45 262
46 263
46 48
47 264
47 61
47 48
48 47
48 265
49 267
49 50
49 183
50 51
50 268
51 269
52 58
52 271
52 61
53 272
53 56
53 60
54 273
54 59
54 55
55 54
55 274
55 57
56 187
56 276
57 277
57 58
58 57
58 278
59 60
59 279
60 280
61 188
62 63
62 282
62 189
63 283
63 70
64 284
64 65
64 71
65 66
65 285
66 286
66 68
67 287
67 84
67 69
68 69
68 288
69 289
70 71
70 290
71 291
72 77
72 294
72 75
73 83
73 295
73 78
74 75
74 296
74 82
75 297
76 298
76 193
76 77
77 76
77 299
78 300
78 79
79 78
79 301
79 81
80 81
80 302
80 84
81 303
82 304
82 83
83 82
83 305
84 190
85 309
85 89
85 94
86 92
86 310
86 90
87 88
87 311
87 194
88 312
88 93
89 90
89 313
90 314
91 315
91 106
91 92
92 91
92 316
93 94
93 317
94 318
95 96
95 320
95 104
96 321
96 97
97 103
97 322
98 105
98 323
98 100
99 101
99 324
99 106
100 325
100 101
101 100
101 326
102 342
102 198
102 103
103 102
103 327
104 328
104 105
105 104
105 329
106 195
107 114
107 332
107 109
108 109
108 333
108 199
109 334
110 335
110 128
110 111
111 110
111 336
111 112
112 337
112 116
113 338
113 115
113 114
114 113
114 339
115 116
115 340
116 341
117 125
117 344
117 120
118 119
118 345
118 128
119 346
119 121
120 347
120 121
121 120
121 348
122 123
122 349
122 124
123 350
123 127
124 351
124 125
125 124
125 352
126 353
126 203
126 127
127 126
127 354
128 200
129 357
129 135
129 130
130 129
130 358
130 139
131 374
131 151
131 132
132 131
132 359
132 137
133 134
133 360
133 204
134 361
134 140
135 136
135 362
136 363
136 138
137 364
137 138
138 137
138 365
139 366
139 140
140 139
140 367
141 369
141 143
141 148
142 380
142 207
142 150
143 144
143 370
144 371
144 149
145 146
145 372
145 151
146 373
146 147
147 148
147 375
148 376
149 150
149 377
150 387
151 208
152 153
152 381
152 155
153 382
153 157
154 159
154 383
154 209
155 384
155 161
156 385
156 172
156 157
157 156
157 386
158 388
158 160
158 159
159 158
159 389
160 161
160 390
161 391
162 396
162 166
162 170
163 164
163 397
163 172
164 398
164 168
165 399
165 171
165 166
166 165
166 400
167 401
167 169
167 168
168 167
168 402
169 170
169 403
170 404
171 174
172 175
173 180
173 174
174 175
175 174
175 211
176 177
176 180
177 178
178 185
179 210
179 184
179 180
181 183
181 266
181 182
182 181
182 185
183 192
184 191
184 185
186 275
186 189
186 187
187 186
187 188
188 187
188 192
189 190
190 197
191 196
191 192
193 194
193 197
194 195
195 202
196 201
196 197
198 199
198 202
199 200
200 206
201 205
201 202
203 204
203 206
204 213
205 212
205 206
207 209
207 208
208 207
208 213
209 211
210 212
210 211
212 213
214 257
214 270
215 220
215 219
216 223
216 217
217 231
218 219
218 222
220 221
221 405
222 223
223 222
224 227
224 225
225 224
225 246
226 231
226 229
227 228
228 230
229 230
230 229
231 232
232 231
232 406
232 409
233 238
233 234
234 233
234 244
235 237
235 241
236 240
236 243
237 245
238 239
239 246
240 241
242 243
242 259
244 245
245 244
246 247
247 246
247 410
247 260
248 256
248 250
249 259
249 254
250 257
251 252
251 255
252 253
253 254
255 256
256 255
257 258
258 260
258 412
259 260
260 259
261 269
261 262
262 263
263 262
263 265
264 265
264 281
266 270
266 267
267 266
267 268
268 269
269 268
270 417
271 281
271 278
272 280
272 276
273 274
273 279
274 277
275 276
275 292
277 278
279 280
280 279
281 419
282 292
282 283
283 282
283 290
284 291
284 285
285 286
286 285
286 288
287 289
287 307
288 289
289 288
290 291
291 290
292 293
293 292
293 418
293 422
294 297
294 299
295 300
295 305
296 304
296 297
297 296
298 299
298 306
300 301
301 303
302 307
302 303
303 302
304 305
306 308
306 319
307 308
308 307
308 423
309 318
309 313
310 314
310 316
311 319
311 312
312 311
312 317
313 314
314 313
315 316
315 331
317 318
318 317
319 426
320 328
320 321
321 320
321 322
322 327
323 325
323 329
324 331
324 326
325 326
327 330
328 329
330 427
330 343
331 428
332 334
332 339
333 342
333 334
334 333
335 336
335 356
336 337
337 341
338 339
338 340
340 341
341 340
342 343
343 430
344 347
344 352
345 356
345 346
346 345
346 348
347 348
349 351
349 350
350 349
350 354
351 352
353 354
353 355
355 431
355 368
356 432
357 358
357 362
358 366
359 364
359 378
360 368
360 361
361 360
361 367
362 363
363 362
363 365
364 365
366 367
368 379
369 376
369 370
370 371
371 370
371 377
372 374
372 373
373 372
373 375
374 378
375 376
376 375
377 393
378 379
379 378
379 433
380 387
380 383
381 384
381 382
382 381
382 386
383 389
384 391
385 386
385 407
387 393
388 389
388 390
390 391
391 390
392 394
392 437
392 408
393 394
394 393
394 434
395 399
395 405
396 404
396 400
397 407
397 398
398 397
398 402
399 400
401 402
401 403
403 404
404 403
405 406
406 408
407 408
408 407
409 410
409 439
410 414
411 415
411 413
411 412
412 411
412 414
413 414
413 438
415 416
415 417
416 420
416 418
417 419
418 419
420 421
420 422
421 424
421 423
422 423
424 425
424 426
425 429
425 427
426 428
427 428
429 435
429 430
430 432
431 436
431 432
433 434
433 436
434 441
435 440
435 436
437 439
437 441
438 440
438 439
439 438
440 441
223
7 131 132 133 157 156 123 136 
7 123 137 106 135 134 116 136 
7 137 138 143 118 121 134 106 
9 141 138 139 140 143 138 147 144 142 
7 147 150 151 146 145 144 144 
7 150 154 149 146 149 148 151 
6 154 142 158 153 152 149 
7 157 153 155 152 158 142 156 
7 328 292 306 305 173 307 330 
6 191 298 310 304 167 193 
8 190 145 201 312 311 308 298 191 
5 314 307 292 214 303 
7 317 315 316 229 227 236 319 
6 244 256 323 322 318 320 
6 264 274 282 325 327 317 
5 292 328 331 322 294 
14 17 5 6 10 8 7 2 4 8 9 5 130 132 131 
10 116 14 15 12 11 13 16 17 131 136 
14 3 11 25 21 23 24 20 22 26 13 19 18 134 135 
14 134 14 29 27 32 29 30 21 31 19 28 3 135 106 
12 33 37 118 143 140 39 35 36 34 33 18 38 
12 139 42 39 6 37 40 41 43 44 35 39 140 
13 63 49 51 50 48 32 47 48 52 46 45 141 142 
16 144 57 58 53 56 55 58 62 54 59 55 61 60 63 142 144 
13 80 69 56 53 68 67 64 71 70 66 65 145 146 
15 148 76 77 60 72 52 78 79 70 74 75 73 80 146 151 
13 94 74 84 85 89 88 86 87 81 83 82 149 146 
15 152 96 75 94 76 95 85 90 92 93 91 89 94 146 149 
16 114 66 98 99 103 102 101 78 97 104 101 100 99 153 158 152 
13 105 111 110 104 109 114 152 155 106 113 112 108 107 
14 119 100 153 157 133 127 116 117 115 111 113 121 120 118 
13 126 122 120 129 127 128 124 123 127 133 132 130 125 
13 163 156 162 161 165 166 159 160 172 173 305 304 164 
13 172 161 170 171 169 165 167 168 183 167 304 307 173 
17 176 164 180 179 175 182 181 192 193 167 183 178 177 159 174 178 179 
13 191 193 192 185 151 187 181 162 188 189 184 186 190 
13 312 201 194 199 200 189 194 195 196 198 197 198 313 
15 191 206 203 202 207 208 199 205 204 216 214 292 313 198 193 
16 210 211 213 214 212 228 229 316 303 214 216 209 190 210 215 207 
15 224 225 219 223 218 220 226 219 220 217 222 221 227 229 228 
14 222 230 212 233 231 235 234 245 321 319 236 215 232 217 
14 240 239 203 237 238 243 244 320 321 245 240 242 241 239 
15 252 251 253 254 249 250 249 265 324 323 256 255 247 248 246 
15 257 258 259 253 237 261 260 251 257 263 262 264 317 324 265 
14 269 270 267 271 263 281 282 274 268 262 273 272 267 266 
15 281 278 277 274 279 280 275 276 272 260 293 294 322 325 282 
17 289 288 290 291 265 284 285 245 286 288 306 292 294 293 287 283 276 
14 297 298 302 301 303 299 296 300 299 295 304 305 306 288 
6 307 304 310 309 329 330 
4 310 298 308 309 
5 313 292 307 311 312 
4 303 316 315 314 
5 321 320 318 317 319 
6 324 317 327 326 322 323 
6 327 325 322 331 326 326 
5 328 330 329 326 331 
12 329 309 308 311 307 314 315 317 318 322 326 326 
8 138 137 123 156 142 154 150 147 
6 123 297 288 286 116 127 
6 212 49 63 60 224 228 
6 197 35 39 35 193 198 
6 255 76 148 149 82 247 
6 145 14 134 121 194 201 
5 299 125 130 5 295 
6 249 74 94 89 257 265 
8 221 57 144 145 65 215 236 227 
6 204 138 141 45 209 216 
6 73 240 245 234 69 80 
8 262 96 152 153 99 268 274 264 
6 177 14 116 134 18 159 
6 283 106 155 153 100 276 
6 181 11 3 28 185 192 
4 161 0 3 170 
5 278 66 114 109 277 
4 8 165 161 7 
4 239 78 52 203 
4 55 219 226 58 
4 202 40 37 207 
4 275 105 107 276 
4 162 30 29 188 
4 301 127 129 303 
4 266 78 101 269 
4 90 237 253 92 
4 207 47 32 210 
4 165 13 11 167 
4 230 64 67 212 
4 176 22 20 164 
4 251 86 88 253 
4 33 195 194 18 
4 111 284 265 113 
4 241 74 70 239 
4 163 8 4 156 
5 1 160 159 6 5 
4 53 217 220 56 
4 41 203 206 43 
4 29 186 184 27 
4 274 104 110 279 
4 298 124 128 302 
4 97 267 272 104 
4 258 91 93 259 
4 42 205 199 39 
4 112 260 272 108 
4 223 59 54 218 
4 296 122 126 300 
4 76 251 260 95 
4 52 210 190 46 
5 168 12 15 178 183 
4 53 231 233 68 
4 60 238 237 72 
4 21 175 179 23 
4 211 48 50 213 
4 21 181 187 31 
4 199 37 33 200 
4 171 0 2 169 
4 271 99 98 263 
4 70 217 232 66 
4 174 19 13 178 
4 120 290 288 118 
4 117 245 285 115 
4 81 246 248 83 
4 249 85 84 250 
4 196 34 36 198 
4 217 53 58 222 
4 193 35 44 191 
4 27 184 189 32 
4 156 4 2 162 
4 262 100 101 273 
4 72 237 203 52 
5 295 5 9 164 304 
4 6 159 166 10 
4 299 120 122 296 
4 105 275 280 111 
4 103 267 270 102 
4 238 60 77 243 
4 106 283 287 113 
4 246 81 87 252 
4 108 272 276 107 
4 185 28 19 151 
4 79 240 239 70 
4 225 61 55 219 
4 104 274 277 109 
4 12 168 167 11 
4 62 220 218 54 
4 209 45 46 190 
4 124 298 297 123 
4 56 220 219 55 
4 75 242 240 73 
4 85 261 237 90 
4 39 199 208 6 
4 203 41 40 202 
5 160 1 0 161 172 
4 189 38 18 194 
5 138 204 205 42 139 
4 19 174 159 18 
5 169 2 16 13 165 
4 34 196 195 33 
4 75 263 257 94 
4 125 299 300 126 
4 24 180 164 20 
4 91 258 257 89 
4 25 182 175 21 
4 92 253 259 93 
4 47 207 215 48 
5 14 145 190 186 29 
4 64 230 222 71 
4 127 301 302 128 
4 0 171 170 3 
4 22 176 179 26 
4 115 285 284 111 
4 231 53 56 235 
4 35 197 198 36 
4 48 211 210 32 
4 49 212 214 51 
4 247 82 83 248 
4 66 232 215 65 
4 74 249 250 84 
4 276 100 119 289 
4 85 249 254 89 
5 37 199 194 121 118 
4 267 97 78 266 
4 43 206 191 44 
4 181 21 30 162 
4 57 221 222 58 
5 263 98 66 278 281 
4 68 233 212 67 
4 14 177 178 15 
4 242 75 74 241 
4 86 251 252 87 
4 113 265 291 121 
4 100 262 268 99 
4 31 187 151 19 
4 120 299 303 129 
4 162 2 7 161 
4 245 117 116 286 
4 32 189 188 29 
4 8 163 164 9 
4 38 189 200 33 
4 235 56 69 234 
4 269 101 102 270 
4 165 8 10 166 
4 59 223 219 55 
4 111 280 279 110 
4 51 214 213 50 
4 61 225 224 60 
4 48 215 210 52 
4 89 254 253 88 
4 6 208 207 37 
5 113 287 293 260 112 
4 267 103 99 271 
4 217 70 71 222 
4 94 257 251 76 
4 180 24 23 179 
6 243 77 76 255 256 244 
4 182 25 11 181 
4 95 260 261 85 
4 118 288 289 119 
4 240 79 78 239 
4 58 226 220 62 
4 26 179 178 13 
4 104 272 273 101 
4 263 75 96 262 
4 290 120 121 291 
8 16 2 0 3 0 1 5 17 
