1.523875 1.165321 -0.592820
 2.672094 2.075430 -2.954153 
  

1.523875 1.165321 -0.592820
 1.524592 1.163336 -0.591889 
  

2.256459 0.586347 -1.006804
 1.524592 1.163336 -0.591889 
  

3.596018 -0.417680 -1.815280
 2.256459 0.586347 -1.006804 
  

2.672094 2.075430 -2.954153
 2.808281 1.904066 -2.971064 
  

2.808281 1.904066 -2.971064
 2.977693 1.678787 -2.980693 
  

3.159573 1.420225 -2.975294
 3.159541 1.420272 -2.975296 
  

2.977693 1.678787 -2.980693
 3.159541 1.420272 -2.975296 
  

3.596018 -0.417680 -1.815280
 3.159573 1.420225 -2.975294 
  

1.239653 -1.983182 -0.623279
 2.115343 -3.158386 -2.953752 
  

3.444900 -1.088063 -1.772816
 2.115343 -3.158386 -2.953752 
  

2.164923 -1.593641 -1.088493
 3.444900 -1.088063 -1.772816 
  

1.239653 -1.983182 -0.623279
 2.164923 -1.593641 -1.088493 
  

-1.931454 -1.490006 -0.620995
 -3.073712 -2.388298 -2.958838 
  

-3.055259 -2.411811 -2.960630
 -0.882324 -3.834952 -1.771691 
  

-1.504024 -2.365508 -1.006719
 -0.882324 -3.834952 -1.771691 
  

-1.918065 -1.498479 -0.613362
 -1.504024 -2.365508 -1.006719 
  

-1.931454 -1.490006 -0.620995
 -1.918065 -1.498479 -0.613362 
  

-3.055910 -2.411013 -2.960599
 -3.055259 -2.411811 -2.960630 
  

-3.073712 -2.388298 -2.958838
 -3.055910 -2.411013 -2.960599 
  

-1.572795 1.639603 -0.593396
 -2.507673 2.793602 -2.968866 
  

-0.081315 3.543979 -1.718745
 -2.497617 2.801428 -2.969873 
  

-0.925524 2.439812 -1.047326
 -1.571646 1.639960 -0.592807 
  

-0.081315 3.543979 -1.718745
 -0.925524 2.439812 -1.047326 
  

-1.572795 1.639603 -0.593396
 -1.571646 1.639960 -0.592807 
  

-2.507673 2.793602 -2.968866
 -2.497617 2.801428 -2.969873 
  

0.160727 0.125352 0.236713
 -0.188880 -0.148878 0.421851 
  

-0.486556 0.219187 0.234476
 -0.206002 -0.150055 0.423891 
  

-0.486526 0.220575 0.233677
 -0.486556 0.219187 0.234476 
  

0.267237 3.797456 -1.877840
 -0.486526 0.220575 0.233677 
  

0.160727 0.125352 0.236713
 0.283253 3.788230 -1.873825 
  

-0.188880 -0.148878 0.421851
 -0.206002 -0.150055 0.423891 
  

0.272502 3.801455 -1.880553
 0.283253 3.788230 -1.873825 
  

0.267237 3.797456 -1.877840
 0.272502 3.801455 -1.880553 
  

0.160727 0.125352 0.236713
 -0.188880 -0.148878 0.421851 
  

0.098351 -0.545887 0.228031
 -0.190405 -0.165116 0.421651 
  

3.852627 -0.761190 -1.971922
 3.852823 -0.761452 -1.972054 
  

0.173849 0.133907 0.229647
 3.852627 -0.761190 -1.971922 
  

0.160727 0.125352 0.236713
 0.164155 0.127751 0.234878 
  

0.173849 0.133907 0.229647
 0.164155 0.127751 0.234878 
  

0.112409 -0.561459 0.218803
 3.852823 -0.761452 -1.972054 
  

0.098351 -0.545887 0.228031
 0.112409 -0.561459 0.218803 
  

-0.188880 -0.148878 0.421851
 -0.190405 -0.165116 0.421651 
  

0.098351 -0.545887 0.228031
 -0.190405 -0.165116 0.421651 
  

-0.582913 -0.447701 0.222558
 -0.207112 -0.158723 0.423819 
  

-0.648905 -4.093590 -1.889810
 -0.641976 -4.101441 -1.893713 
  

0.098351 -0.545887 0.228031
 0.098696 -0.552677 0.224139 
  

-0.641976 -4.101441 -1.893713
 0.098696 -0.552677 0.224139 
  

-0.582913 -0.447701 0.222558
 -0.648905 -4.093590 -1.889810 
  

-0.190405 -0.165116 0.421651
 -0.207112 -0.158723 0.423819 
  

-0.486556 0.219187 0.234476
 -0.206002 -0.150055 0.423891 
  

-0.582913 -0.447701 0.222558
 -0.207112 -0.158723 0.423819 
  

-0.486556 0.219187 0.234476
 -0.488968 0.221929 0.232876 
  

-0.582913 -0.447701 0.222558
 -0.588575 -0.451691 0.219502 
  

-0.593977 -0.455133 0.216561
 -0.588575 -0.451691 0.219502 
  

-0.596852 -0.454909 0.214858
 -0.593977 -0.455133 0.216561 
  

-4.133548 0.366130 -1.916267
 -0.596852 -0.454909 0.214858 
  

-0.488968 0.221929 0.232876
 -4.127220 0.371912 -1.912940 
  

-0.206002 -0.150055 0.423891
 -0.207112 -0.158723 0.423819 
  

-4.133548 0.366130 -1.916267
 -4.127220 0.371912 -1.912940 
  

2.820102 -1.378486 -4.242738
 2.819013 -1.378276 -4.243338 
  

3.042032 0.136852 -4.214576
 3.030884 0.137957 -4.220664 
  

3.030884 0.137957 -4.220664
 3.021561 0.136597 -4.225618 
  

2.803670 -1.371542 -4.252033
 3.021561 0.136597 -4.225618 
  

2.819013 -1.378276 -4.243338
 2.803670 -1.371542 -4.252033 
  

3.060206 0.128826 -4.204275
 4.274170 -0.853963 -3.489125 
  

2.840156 -1.375820 -4.232067
 4.274170 -0.853963 -3.489125 
  

2.820102 -1.378486 -4.242738
 2.828436 -1.378383 -4.238243 
  

3.042032 0.136852 -4.214576
 3.049148 0.134594 -4.210597 
  

2.840156 -1.375820 -4.232067
 2.828436 -1.378383 -4.238243 
  

3.060206 0.128826 -4.204275
 3.049148 0.134594 -4.210597 
  

2.820102 -1.378486 -4.242738
 2.819013 -1.378276 -4.243338 
  

2.819013 -1.378276 -4.243338
 0.259800 -3.369872 -4.218200 
  

2.820102 -1.378486 -4.242738
 2.148276 -3.136006 -3.521718 
  

0.261798 -3.371717 -4.216252
 2.103836 -3.170056 -3.521590 
  

2.148276 -3.136006 -3.521718
 2.103836 -3.170056 -3.521590 
  

0.259800 -3.369872 -4.218200
 0.261798 -3.371717 -4.216252 
  

0.259578 -3.369820 -4.218304
 0.256765 -3.352429 -4.227550 
  

-1.293128 -3.122082 -4.243802
 0.256765 -3.352429 -4.227550 
  

-0.657258 -4.655726 -3.455630
 0.241587 -3.404955 -4.197961 
  

-1.293197 -3.129831 -4.239589
 -0.666257 -4.655020 -3.455381 
  

-1.293128 -3.122082 -4.243802
 -1.293197 -3.129831 -4.239589 
  

-0.662465 -4.656017 -3.455106
 -0.663042 -4.655912 -3.455123 
  

-0.657258 -4.655726 -3.455630
 -0.662465 -4.656017 -3.455106 
  

-0.666257 -4.655020 -3.455381
 -0.663042 -4.655912 -3.455123 
  

0.259578 -3.369820 -4.218304
 0.241587 -3.404955 -4.197961 
  

-1.500568 -2.933260 -4.217319
 -3.386657 -0.561155 -4.216373 
  

-1.500568 -2.933260 -4.217319
 -3.033066 -2.420919 -3.546715 
  

-3.386657 -0.561155 -4.216373
 -3.033066 -2.420919 -3.546715 
  

-3.397812 -0.537997 -4.219715
 -3.390531 -0.536554 -4.223606 
  

-3.149933 1.040917 -4.248630
 -3.390531 -0.536554 -4.223606 
  

-3.159826 1.045716 -4.242886
 -3.149933 1.040917 -4.248630 
  

-3.397812 -0.537997 -4.219715
 -3.408121 -0.534511 -4.213832 
  

-4.635510 0.476296 -3.473040
 -3.408121 -0.534511 -4.213832 
  

-3.162137 1.045782 -4.241615
 -4.631524 0.493395 -3.474066 
  

-3.159826 1.045716 -4.242886
 -3.162137 1.045782 -4.241615 
  

-4.635510 0.476296 -3.473040
 -4.631650 0.492984 -3.474025 
  

-4.631524 0.493395 -3.474066
 -4.631650 0.492984 -3.474025 
  

-0.633785 3.042939 -4.213451
 -0.634364 3.037042 -4.216609 
  

-0.637813 3.025102 -4.221986
 -0.634364 3.037042 -4.216609 
  

-3.140367 1.068940 -4.239042
 -0.647141 3.012854 -4.224921 
  

-3.140367 1.068940 -4.239042
 -2.501540 2.777443 -3.534370 
  

-0.645694 3.064561 -4.195618
 -2.501540 2.777443 -3.534370 
  

-0.633785 3.042939 -4.213451
 -0.642095 3.062525 -4.198402 
  

-0.637813 3.025102 -4.221986
 -0.647141 3.012854 -4.224921 
  

-0.645694 3.064561 -4.195618
 -0.642095 3.062525 -4.198402 
  

-0.633785 3.042939 -4.213451
 -0.634364 3.037042 -4.216609 
  

-0.634364 3.037042 -4.216609
 0.943236 2.779837 -4.235434 
  

0.945291 2.785124 -4.232490
 0.943236 2.779837 -4.235434 
  

3.042032 0.136852 -4.214576
 3.030884 0.137957 -4.220664 
  

3.030884 0.137957 -4.220664
 0.972464 2.763343 -4.227616 
  

2.664450 2.081906 -3.540647
 0.972464 2.763343 -4.227616 
  

3.042032 0.136852 -4.214576
 2.664450 2.081906 -3.540647 
  

-0.637813 3.025102 -4.221986
 -0.634364 3.037042 -4.216609 
  

-0.634364 3.037042 -4.216609
 0.943236 2.779837 -4.235434 
  

0.942178 2.772699 -4.238590
 0.943236 2.779837 -4.235434 
  

0.942178 2.772699 -4.238590
 0.050668 2.010017 -4.621501 
  

-0.637813 3.025102 -4.221986
 0.049379 2.010192 -4.621501 
  

0.050668 2.010017 -4.621501
 0.049379 2.010192 -4.621501 
  

3.030884 0.137957 -4.220664
 3.021561 0.136597 -4.225618 
  

0.945291 2.785124 -4.232490
 0.943236 2.779837 -4.235434 
  

3.030884 0.137957 -4.220664
 0.972464 2.763343 -4.227616 
  

0.942178 2.772699 -4.238590
 0.943236 2.779837 -4.235434 
  

3.021561 0.136597 -4.225618
 3.013909 0.137014 -4.229114 
  

0.945291 2.785124 -4.232490
 0.972464 2.763343 -4.227616 
  

0.942178 2.772699 -4.238590
 1.481482 1.051432 -4.620616 
  

3.013909 0.137014 -4.229114
 1.487493 1.043735 -4.620607 
  

1.481482 1.051432 -4.620616
 1.487493 1.043735 -4.620607 
  

2.803670 -1.371542 -4.252033
 3.021561 0.136597 -4.225618 
  

3.021561 0.136597 -4.225618
 3.013909 0.137014 -4.229114 
  

2.803670 -1.371542 -4.252033
 2.795645 -1.369741 -4.255765 
  

3.013909 0.137014 -4.229114
 2.092041 -0.471860 -4.618574 
  

2.795645 -1.369741 -4.255765
 2.090499 -0.486896 -4.618551 
  

2.092041 -0.471860 -4.618574
 2.090499 -0.486896 -4.618551 
  

2.819013 -1.378276 -4.243338
 2.803670 -1.371542 -4.252033 
  

2.819013 -1.378276 -4.243338
 0.259800 -3.369872 -4.218200 
  

0.259578 -3.369820 -4.218304
 0.256765 -3.352429 -4.227550 
  

2.803670 -1.371542 -4.252033
 2.795645 -1.369741 -4.255765 
  

0.256765 -3.352429 -4.227550
 0.257297 -3.341326 -4.232618 
  

2.795645 -1.369741 -4.255765
 1.170939 -1.839469 -4.616177 
  

0.257297 -3.341326 -4.232618
 1.148276 -1.856708 -4.616143 
  

1.170939 -1.839469 -4.616177
 1.148276 -1.856708 -4.616143 
  

0.259800 -3.369872 -4.218200
 0.259578 -3.369820 -4.218304 
  

-1.293128 -3.122082 -4.243802
 0.256765 -3.352429 -4.227550 
  

0.256765 -3.352429 -4.227550
 0.257297 -3.341326 -4.232618 
  

-1.293182 -3.121720 -4.243963
 -1.290924 -3.111210 -4.248860 
  

-1.293128 -3.122082 -4.243802
 -1.293182 -3.121720 -4.243963 
  

0.257297 -3.341326 -4.232618
 -0.472661 -2.407552 -4.614699 
  

-1.290924 -3.111210 -4.248860
 -0.486203 -2.405858 -4.614696 
  

-0.472661 -2.407552 -4.614699
 -0.486203 -2.405858 -4.614696 
  

-1.500568 -2.933260 -4.217319
 -3.386657 -0.561155 -4.216373 
  

-3.397812 -0.537997 -4.219715
 -3.390531 -0.536554 -4.223606 
  

-1.293182 -3.121720 -4.243963
 -1.290924 -3.111210 -4.248860 
  

-3.390531 -0.536554 -4.223606
 -3.384510 -0.536817 -4.226289 
  

-1.500568 -2.933260 -4.217319
 -1.293182 -3.121720 -4.243963 
  

-3.386657 -0.561155 -4.216373
 -3.397812 -0.537997 -4.219715 
  

-1.290924 -3.111210 -4.248860
 -1.835842 -1.425016 -4.615645 
  

-3.384510 -0.536817 -4.226289
 -1.841588 -1.417758 -4.615654 
  

-1.835842 -1.425016 -4.615645
 -1.841588 -1.417758 -4.615654 
  

-3.149933 1.040917 -4.248630
 -3.390531 -0.536554 -4.223606 
  

-3.390531 -0.536554 -4.223606
 -3.384510 -0.536817 -4.226289 
  

-3.149933 1.040917 -4.248630
 -3.129312 1.036527 -4.258002 
  

-3.384510 -0.536817 -4.226289
 -2.424346 0.126684 -4.617739 
  

-3.129312 1.036527 -4.258002
 -2.421411 0.151101 -4.617776 
  

-2.424346 0.126684 -4.617739
 -2.421411 0.151101 -4.617776 
  

-3.159826 1.045716 -4.242886
 -3.149933 1.040917 -4.248630 
  

-3.140367 1.068940 -4.239042
 -0.647141 3.012854 -4.224921 
  

-3.149933 1.040917 -4.248630
 -3.129312 1.036527 -4.258002 
  

-3.159826 1.045716 -4.242886
 -3.140367 1.068940 -4.239042 
  

-1.535523 1.478613 -4.620099
 -3.129312 1.036527 -4.258002 
  

-0.647141 3.012854 -4.224921
 -1.518252 1.491811 -4.620126 
  

-1.535523 1.478613 -4.620099
 -1.518252 1.491811 -4.620126 
  

1.523875 1.165321 -0.592820
 2.672094 2.075430 -2.954153 
  

2.671261 2.076483 -2.954207
 0.484999 3.547293 -1.763376 
  

1.128546 2.003562 -0.967915
 0.484999 3.547293 -1.763376 
  

1.523875 1.165321 -0.592820
 1.128546 2.003562 -0.967915 
  

2.672094 2.075430 -2.954153
 2.671261 2.076483 -2.954207 
  

1.239653 -1.983182 -0.623279
 2.115343 -3.158386 -2.953752 
  

2.115343 -3.158386 -2.953752
 2.114798 -3.162782 -2.958979 
  

-0.179544 -3.804685 -1.698587
 2.114798 -3.162782 -2.958979 
  

1.239653 -1.983182 -0.623279
 1.234874 -1.984626 -0.620793 
  

0.600975 -2.757894 -1.048578
 1.234874 -1.984626 -0.620793 
  

-0.179544 -3.804685 -1.698587
 0.600975 -2.757894 -1.048578 
  

-1.931454 -1.490006 -0.620995
 -3.073712 -2.388298 -2.958838 
  

-3.931140 0.033427 -1.793853
 -3.092599 -2.364172 -2.960733 
  

-1.931454 -1.490006 -0.620995
 -2.787994 -0.817031 -1.104104 
  

-3.931140 0.033427 -1.793853
 -2.787994 -0.817031 -1.104104 
  

-3.073712 -2.388298 -2.958838
 -3.092599 -2.364172 -2.960733 
  

-1.572795 1.639603 -0.593396
 -2.507673 2.793602 -2.968866 
  

-2.533797 2.773277 -2.971537
 -3.805079 0.674100 -1.756325 
  

-3.805079 0.674100 -1.756325
 -2.466606 1.230378 -1.031606 
  

-1.572795 1.639603 -0.593396
 -2.466606 1.230378 -1.031606 
  

-2.507673 2.793602 -2.968866
 -2.533797 2.773277 -2.971537 
  

2.671261 2.076483 -2.954207
 0.484999 3.547293 -1.763376 
  

0.484999 3.547293 -1.763376
 0.480658 3.556586 -1.768101 
  

2.671261 2.076483 -2.954207
 2.605273 2.160011 -2.961805 
  

1.824685 3.090608 -2.987729
 1.740804 3.185776 -2.985138 
  

2.350121 2.473344 -2.980455
 2.059264 2.819238 -2.989161 
  

1.464153 3.474949 -2.949107
 1.642796 3.291582 -2.976114 
  

2.605273 2.160011 -2.961805
 2.350121 2.473344 -2.980455 
  

2.034079 2.848832 -2.989518
 2.059264 2.819238 -2.989161 
  

1.824685 3.090608 -2.987729
 2.034079 2.848832 -2.989518 
  

1.740804 3.185776 -2.985138
 1.642796 3.291582 -2.976114 
  

0.480658 3.556586 -1.768101
 1.464153 3.474949 -2.949107 
  

3.852627 -0.761190 -1.971922
 3.852823 -0.761452 -1.972054 
  

3.848088 -0.755118 -1.968876
 3.852627 -0.761190 -1.971922 
  

3.629836 -0.448790 -1.835748
 3.848088 -0.755118 -1.968876 
  

4.266187 -0.830732 -2.700728
 4.266526 -0.827096 -2.704770 
  

3.801270 0.403604 -2.959809
 3.895782 0.235855 -2.984722 
  

4.229231 -0.512781 -2.926371
 4.225194 -0.496959 -2.933380 
  

4.122469 -0.213565 -3.000571
 4.133738 -0.239175 -2.998309 
  

4.266141 -0.719520 -2.804372
 4.254797 -0.640323 -2.856471 
  

4.196699 -0.401594 -2.967646
 4.168942 -0.327164 -2.983800 
  

3.895782 0.235855 -2.984722
 4.040808 -0.036830 -3.008701 
  

4.269549 -0.754657 -2.778138
 4.266141 -0.719520 -2.804372 
  

4.266526 -0.827096 -2.704770
 4.269549 -0.754657 -2.778138 
  

4.229231 -0.512781 -2.926371
 4.245860 -0.585034 -2.890891 
  

4.225194 -0.496959 -2.933380
 4.196699 -0.401594 -2.967646 
  

4.254797 -0.640323 -2.856471
 4.245860 -0.585034 -2.890891 
  

3.801270 0.403604 -2.959809
 3.763769 0.467503 -2.947441 
  

4.076468 -0.111446 -3.007540
 4.040808 -0.036830 -3.008701 
  

4.122469 -0.213565 -3.000571
 4.076468 -0.111446 -3.007540 
  

4.133738 -0.239175 -2.998309
 4.168942 -0.327164 -2.983800 
  

3.629836 -0.448790 -1.835748
 3.763769 0.467503 -2.947441 
  

3.444900 -1.088063 -1.772816
 2.115343 -3.158386 -2.953752 
  

2.115343 -3.158386 -2.953752
 2.114798 -3.162782 -2.958979 
  

2.115296 -3.163539 -2.960587
 2.114798 -3.162782 -2.958979 
  

3.444900 -1.088063 -1.772816
 3.449139 -1.085935 -1.775031 
  

2.115296 -3.163539 -2.960587
 2.172570 -3.119619 -2.970228 
  

2.891215 -2.514717 -3.019271
 3.073130 -2.351591 -3.018312 
  

2.344818 -2.981411 -2.991044
 2.521174 -2.835432 -3.006374 
  

3.458540 -1.985809 -2.989303
 3.306018 -2.133501 -3.004710 
  

2.774267 -2.617847 -3.017563
 2.687260 -2.693452 -3.014793 
  

3.073130 -2.351591 -3.018312
 3.133755 -2.295632 -3.015859 
  

3.477793 -1.966250 -2.986133
 3.458540 -1.985809 -2.989303 
  

2.172570 -3.119619 -2.970228
 2.344818 -2.981411 -2.991044 
  

2.891215 -2.514717 -3.019271
 2.774267 -2.617847 -3.017563 
  

3.306018 -2.133501 -3.004710
 3.133755 -2.295632 -3.015859 
  

2.521174 -2.835432 -3.006374
 2.687260 -2.693452 -3.014793 
  

3.449139 -1.085935 -1.775031
 3.477793 -1.966250 -2.986133 
  

-0.179544 -3.804685 -1.698587
 2.114798 -3.162782 -2.958979 
  

2.115296 -3.163539 -2.960587
 2.114798 -3.162782 -2.958979 
  

-0.179544 -3.804685 -1.698587
 -0.182610 -3.808128 -1.700747 
  

2.115296 -3.163539 -2.960587
 2.039343 -3.221679 -2.973719 
  

1.278151 -3.753386 -3.029541
 1.064470 -3.891202 -3.028193 
  

1.895755 -3.325835 -2.989983
 1.543717 -3.573036 -3.017727 
  

0.624750 -4.158830 -3.001665
 0.794954 -4.056459 -3.013748 
  

1.278151 -3.753386 -3.029541
 1.543717 -3.573036 -3.017727 
  

1.064470 -3.891202 -3.028193
 0.794954 -4.056459 -3.013748 
  

2.039343 -3.221679 -2.973719
 1.895755 -3.325835 -2.989983 
  

-0.182610 -3.808128 -1.700747
 0.624750 -4.158830 -3.001665 
  

-0.648905 -4.093590 -1.889810
 -0.641976 -4.101441 -1.893713 
  

-0.879114 -3.841659 -1.775134
 -1.895358 -3.742955 -2.971204 
  

-0.641976 -4.101441 -1.893713
 -0.637497 -4.106751 -1.896631 
  

-0.648905 -4.093590 -1.889810
 -0.879114 -3.841659 -1.775134 
  

-1.571533 -4.053131 -3.058262
 -1.400080 -4.208727 -3.089861 
  

-0.883983 -4.572933 -3.010013
 -0.961236 -4.532046 -3.044860 
  

-1.175234 -4.390493 -3.093865
 -1.142400 -4.414313 -3.089876 
  

-0.685996 -4.646532 -2.868318
 -0.770031 -4.620621 -2.937410 
  

-1.895358 -3.742955 -2.971204
 -1.788698 -3.849256 -3.006829 
  

-1.334404 -4.263043 -3.093085
 -1.175234 -4.390493 -3.093865 
  

-0.883983 -4.572933 -3.010013
 -0.821318 -4.601255 -2.973609 
  

-0.961236 -4.532046 -3.044860
 -1.068464 -4.466315 -3.078144 
  

-1.737195 -3.897952 -3.019605
 -1.788698 -3.849256 -3.006829 
  

-0.770031 -4.620621 -2.937410
 -0.821318 -4.601255 -2.973609 
  

-1.400080 -4.208727 -3.089861
 -1.334404 -4.263043 -3.093085 
  

-1.142400 -4.414313 -3.089876
 -1.068464 -4.466315 -3.078144 
  

-1.571533 -4.053131 -3.058262
 -1.737195 -3.897952 -3.019605 
  

-0.637497 -4.106751 -1.896631
 -0.685996 -4.646532 -2.868318 
  

-3.055259 -2.411811 -2.960630
 -0.882324 -3.834952 -1.771691 
  

-0.879114 -3.841659 -1.775134
 -1.895358 -3.742955 -2.971204 
  

-0.882324 -3.834952 -1.771691
 -0.879114 -3.841659 -1.775134 
  

-3.055259 -2.411811 -2.960630
 -2.796781 -2.728617 -2.985756 
  

-2.107725 -3.526251 -2.999771
 -2.263400 -3.357505 -3.009542 
  

-2.516522 -3.067115 -3.007351
 -2.351968 -3.259070 -3.012359 
  

-1.895358 -3.742955 -2.971204
 -1.970160 -3.668060 -2.982885 
  

-2.633575 -2.927894 -3.000765
 -2.516522 -3.067115 -3.007351 
  

-2.107725 -3.526251 -2.999771
 -1.970160 -3.668060 -2.982885 
  

-2.263400 -3.357505 -3.009542
 -2.351968 -3.259070 -3.012359 
  

-2.796781 -2.728617 -2.985756
 -2.633575 -2.927894 -3.000765 
  

-2.533797 2.773277 -2.971537
 -3.805079 0.674100 -1.756325 
  

-3.805079 0.674100 -1.756325
 -3.810263 0.671692 -1.759105 
  

-3.567867 1.862808 -2.985276
 -3.640155 1.791509 -2.976614 
  

-3.074269 2.323651 -3.011719
 -2.950910 2.430429 -3.007771 
  

-3.754175 1.674098 -2.956729
 -3.793309 1.632227 -2.947925 
  

-2.641755 2.689280 -2.986876
 -2.853897 2.513331 -3.003319 
  

-3.338805 2.083939 -3.006688
 -3.231169 2.183536 -3.011326 
  

-2.533797 2.773277 -2.971537
 -2.641755 2.689280 -2.986876 
  

-3.640155 1.791509 -2.976614
 -3.754175 1.674098 -2.956729 
  

-3.567867 1.862808 -2.985276
 -3.338805 2.083939 -3.006688 
  

-3.074269 2.323651 -3.011719
 -3.231169 2.183536 -3.011326 
  

-2.950910 2.430429 -3.007771
 -2.853897 2.513331 -3.003319 
  

-3.810263 0.671692 -1.759105
 -3.793309 1.632227 -2.947925 
  

-0.081315 3.543979 -1.718745
 -2.497617 2.801428 -2.969873 
  

-0.081315 3.543979 -1.718745
 -0.081249 3.544056 -1.718792 
  

-1.145661 3.727399 -3.005764
 -1.237132 3.672209 -3.014089 
  

-2.469105 2.823616 -2.974465
 -2.407378 2.869570 -2.981403 
  

-1.580350 3.454169 -3.029533
 -1.755638 3.334589 -3.025568 
  

-2.227721 3.001609 -2.999132
 -2.075198 3.110669 -3.009804 
  

-1.413549 3.562004 -3.024723
 -1.580350 3.454169 -3.029533 
  

-1.755638 3.334589 -3.025568
 -2.075198 3.110669 -3.009804 
  

-2.497617 2.801428 -2.969873
 -2.469105 2.823616 -2.974465 
  

-1.145661 3.727399 -3.005764
 -1.029349 3.794945 -2.991384 
  

-1.237132 3.672209 -3.014089
 -1.413549 3.562004 -3.024723 
  

-2.407378 2.869570 -2.981403
 -2.227721 3.001609 -2.999132 
  

-0.081249 3.544056 -1.718792
 -1.029349 3.794945 -2.991384 
  

0.173849 0.133907 0.229647
 3.852627 -0.761190 -1.971922 
  

3.848088 -0.755118 -1.968876
 3.852627 -0.761190 -1.971922 
  

0.185502 0.141318 0.223354
 0.173849 0.133907 0.229647 
  

0.194057 0.140776 0.218336
 0.185502 0.141318 0.223354 
  

3.848088 -0.755118 -1.968876
 0.194057 0.140776 0.218336 
  

-0.925524 2.439812 -1.047326
 -1.571646 1.639960 -0.592807 
  

-0.486526 0.220575 0.233677
 -0.486556 0.219187 0.234476 
  

-0.486556 0.219187 0.234476
 -0.488968 0.221929 0.232876 
  

-0.488968 0.221929 0.232876
 -0.501594 0.237427 0.223845 
  

-1.571646 1.639960 -0.592807
 -0.501594 0.237427 0.223845 
  

-0.081315 3.543979 -1.718745
 -0.925524 2.439812 -1.047326 
  

0.267237 3.797456 -1.877840
 -0.486526 0.220575 0.233677 
  

-0.081315 3.543979 -1.718745
 -0.081249 3.544056 -1.718792 
  

0.267237 3.797456 -1.877840
 -0.081249 3.544056 -1.718792 
  

0.160727 0.125352 0.236713
 0.283253 3.788230 -1.873825 
  

0.160727 0.125352 0.236713
 0.164155 0.127751 0.234878 
  

1.128546 2.003562 -0.967915
 0.484999 3.547293 -1.763376 
  

0.484999 3.547293 -1.763376
 0.480658 3.556586 -1.768101 
  

0.164155 0.127751 0.234878
 1.128546 2.003562 -0.967915 
  

0.283253 3.788230 -1.873825
 0.480658 3.556586 -1.768101 
  

1.523875 1.165321 -0.592820
 1.524592 1.163336 -0.591889 
  

0.173849 0.133907 0.229647
 0.164155 0.127751 0.234878 
  

1.523875 1.165321 -0.592820
 1.128546 2.003562 -0.967915 
  

0.185502 0.141318 0.223354
 0.173849 0.133907 0.229647 
  

0.164155 0.127751 0.234878
 1.128546 2.003562 -0.967915 
  

1.524592 1.163336 -0.591889
 0.185502 0.141318 0.223354 
  

2.256459 0.586347 -1.006804
 1.524592 1.163336 -0.591889 
  

0.194057 0.140776 0.218336
 0.185502 0.141318 0.223354 
  

1.524592 1.163336 -0.591889
 0.185502 0.141318 0.223354 
  

2.256459 0.586347 -1.006804
 0.194057 0.140776 0.218336 
  

3.596018 -0.417680 -1.815280
 2.256459 0.586347 -1.006804 
  

3.629836 -0.448790 -1.835748
 3.848088 -0.755118 -1.968876 
  

3.848088 -0.755118 -1.968876
 0.194057 0.140776 0.218336 
  

2.256459 0.586347 -1.006804
 0.194057 0.140776 0.218336 
  

3.596018 -0.417680 -1.815280
 3.629836 -0.448790 -1.835748 
  

2.164923 -1.593641 -1.088493
 3.444900 -1.088063 -1.772816 
  

0.112409 -0.561459 0.218803
 3.852823 -0.761452 -1.972054 
  

3.444900 -1.088063 -1.772816
 3.449139 -1.085935 -1.775031 
  

2.164923 -1.593641 -1.088493
 0.117988 -0.568242 0.214797 
  

0.112409 -0.561459 0.218803
 0.117988 -0.568242 0.214797 
  

1.239653 -1.983182 -0.623279
 2.164923 -1.593641 -1.088493 
  

1.239653 -1.983182 -0.623279
 1.234874 -1.984626 -0.620793 
  

2.164923 -1.593641 -1.088493
 0.117988 -0.568242 0.214797 
  

1.234874 -1.984626 -0.620793
 0.117988 -0.568242 0.214797 
  

0.098351 -0.545887 0.228031
 0.112409 -0.561459 0.218803 
  

0.098351 -0.545887 0.228031
 0.098696 -0.552677 0.224139 
  

0.600975 -2.757894 -1.048578
 1.234874 -1.984626 -0.620793 
  

0.112409 -0.561459 0.218803
 0.117988 -0.568242 0.214797 
  

1.234874 -1.984626 -0.620793
 0.117988 -0.568242 0.214797 
  

0.098696 -0.552677 0.224139
 0.600975 -2.757894 -1.048578 
  

-0.641976 -4.101441 -1.893713
 0.098696 -0.552677 0.224139 
  

-0.179544 -3.804685 -1.698587
 0.600975 -2.757894 -1.048578 
  

-0.179544 -3.804685 -1.698587
 -0.182610 -3.808128 -1.700747 
  

-0.641976 -4.101441 -1.893713
 -0.637497 -4.106751 -1.896631 
  

0.098696 -0.552677 0.224139
 0.600975 -2.757894 -1.048578 
  

-0.182610 -3.808128 -1.700747
 -0.637497 -4.106751 -1.896631 
  

-1.504024 -2.365508 -1.006719
 -0.882324 -3.834952 -1.771691 
  

-0.582913 -0.447701 0.222558
 -0.648905 -4.093590 -1.889810 
  

-0.582913 -0.447701 0.222558
 -0.588575 -0.451691 0.219502 
  

-0.648905 -4.093590 -1.889810
 -0.879114 -3.841659 -1.775134 
  

-0.882324 -3.834952 -1.771691
 -0.879114 -3.841659 -1.775134 
  

-1.504024 -2.365508 -1.006719
 -0.588575 -0.451691 0.219502 
  

-1.918065 -1.498479 -0.613362
 -1.504024 -2.365508 -1.006719 
  

-0.593977 -0.455133 0.216561
 -0.588575 -0.451691 0.219502 
  

-1.504024 -2.365508 -1.006719
 -0.588575 -0.451691 0.219502 
  

-1.918065 -1.498479 -0.613362
 -0.593977 -0.455133 0.216561 
  

-1.931454 -1.490006 -0.620995
 -1.918065 -1.498479 -0.613362 
  

-0.596852 -0.454909 0.214858
 -0.593977 -0.455133 0.216561 
  

-1.931454 -1.490006 -0.620995
 -2.787994 -0.817031 -1.104104 
  

-1.918065 -1.498479 -0.613362
 -0.593977 -0.455133 0.216561 
  

-4.133548 0.366130 -1.916267
 -0.596852 -0.454909 0.214858 
  

-3.931140 0.033427 -1.793853
 -2.787994 -0.817031 -1.104104 
  

-3.935644 0.037513 -1.796572
 -3.931140 0.033427 -1.793853 
  

-4.143165 0.357911 -1.922046
 -3.935644 0.037513 -1.796572 
  

-4.133548 0.366130 -1.916267
 -4.143165 0.357911 -1.922046 
  

-0.488968 0.221929 0.232876
 -4.127220 0.371912 -1.912940 
  

-3.805079 0.674100 -1.756325
 -2.466606 1.230378 -1.031606 
  

-3.805079 0.674100 -1.756325
 -3.810263 0.671692 -1.759105 
  

-0.488968 0.221929 0.232876
 -0.501594 0.237427 0.223845 
  

-2.466606 1.230378 -1.031606
 -0.501594 0.237427 0.223845 
  

-4.127220 0.371912 -1.912940
 -3.810263 0.671692 -1.759105 
  

-1.572795 1.639603 -0.593396
 -1.571646 1.639960 -0.592807 
  

-1.572795 1.639603 -0.593396
 -2.466606 1.230378 -1.031606 
  

-1.571646 1.639960 -0.592807
 -0.501594 0.237427 0.223845 
  

-2.466606 1.230378 -1.031606
 -0.501594 0.237427 0.223845 
  

3.060206 0.128826 -4.204275
 4.274170 -0.853963 -3.489125 
  

4.274170 -0.853963 -3.489125
 4.274487 -0.854003 -3.488906 
  

4.280797 -0.771376 -3.471931
 4.274487 -0.854003 -3.488906 
  

4.232518 -0.480368 -3.462304
 4.229338 -0.468330 -3.462748 
  

4.210180 -0.405713 -3.466916
 4.156573 -0.262894 -3.483472 
  

4.281386 -0.744473 -3.467447
 4.274157 -0.680137 -3.462868 
  

4.280797 -0.771376 -3.471931
 4.281386 -0.744473 -3.467447 
  

4.232518 -0.480368 -3.462304
 4.257235 -0.583402 -3.460289 
  

4.229338 -0.468330 -3.462748
 4.210180 -0.405713 -3.466916 
  

4.274157 -0.680137 -3.462868
 4.257235 -0.583402 -3.460289 
  

4.156573 -0.262894 -3.483472
 4.093518 -0.122157 -3.507065 
  

3.060206 0.128826 -4.204275
 4.093518 -0.122157 -3.507065 
  

2.820102 -1.378486 -4.242738
 2.828436 -1.378383 -4.238243 
  

2.820102 -1.378486 -4.242738
 2.148276 -3.136006 -3.521718 
  

2.148276 -3.136006 -3.521718
 2.174217 -3.116138 -3.519833 
  

2.337129 -2.985531 -3.511610
 2.523430 -2.831418 -3.505152 
  

3.454325 -1.987597 -3.518564
 3.277219 -2.159212 -3.509153 
  

2.753863 -2.633400 -3.501745
 2.676660 -2.700472 -3.502435 
  

2.993194 -2.422365 -3.501533
 3.228950 -2.204655 -3.507411 
  

3.534380 -1.906173 -3.525203
 3.454325 -1.987597 -3.518564 
  

2.174217 -3.116138 -3.519833
 2.337129 -2.985531 -3.511610 
  

2.753863 -2.633400 -3.501745
 2.993194 -2.422365 -3.501533 
  

3.277219 -2.159212 -3.509153
 3.228950 -2.204655 -3.507411 
  

2.523430 -2.831418 -3.505152
 2.676660 -2.700472 -3.502435 
  

2.828436 -1.378383 -4.238243
 3.534380 -1.906173 -3.525203 
  

0.261798 -3.371717 -4.216252
 2.103836 -3.170056 -3.521590 
  

2.103836 -3.170056 -3.521590
 2.025464 -3.230120 -3.517019 
  

1.274437 -3.754346 -3.507264
 1.062402 -3.891081 -3.511978 
  

1.899626 -3.321455 -3.513066
 1.545784 -3.570029 -3.507417 
  

0.622687 -4.158949 -3.532157
 0.761910 -4.075248 -3.525031 
  

1.274437 -3.754346 -3.507264
 1.545784 -3.570029 -3.507417 
  

1.062402 -3.891081 -3.511978
 0.761910 -4.075248 -3.525031 
  

2.025464 -3.230120 -3.517019
 1.899626 -3.321455 -3.513066 
  

0.261798 -3.371717 -4.216252
 0.622687 -4.158949 -3.532157 
  

-0.657258 -4.655726 -3.455630
 0.241587 -3.404955 -4.197961 
  

-0.533554 -4.643265 -3.444838
 -0.368059 -4.614414 -3.439017 
  

-0.161009 -4.552279 -3.450154
 -0.230197 -4.578730 -3.442408 
  

0.056960 -4.457979 -3.482314
 -0.077777 -4.518685 -3.460726 
  

-0.657258 -4.655726 -3.455630
 -0.633664 -4.654383 -3.452840 
  

-0.368059 -4.614414 -3.439017
 -0.262992 -4.589454 -3.440020 
  

-0.533554 -4.643265 -3.444838
 -0.633664 -4.654383 -3.452840 
  

-0.230197 -4.578730 -3.442408
 -0.262992 -4.589454 -3.440020 
  

-0.161009 -4.552279 -3.450154
 -0.077777 -4.518685 -3.460726 
  

0.241587 -3.404955 -4.197961
 0.056960 -4.457979 -3.482314 
  

-1.293197 -3.129831 -4.239589
 -0.666257 -4.655020 -3.455381 
  

-1.293197 -3.129831 -4.239589
 -1.295288 -3.138024 -4.233889 
  

-0.886958 -4.571518 -3.447533
 -0.955387 -4.535292 -3.451572 
  

-1.160515 -4.400165 -3.480293
 -1.139927 -4.415104 -3.476548 
  

-1.297525 -4.290283 -3.511767
 -1.160515 -4.400165 -3.480293 
  

-0.886958 -4.571518 -3.447533
 -0.804639 -4.608715 -3.446671 
  

-0.955387 -4.535292 -3.451572
 -1.061557 -4.470227 -3.463386 
  

-0.750581 -4.629224 -3.448558
 -0.804639 -4.608715 -3.446671 
  

-0.666257 -4.655020 -3.455381
 -0.699985 -4.645637 -3.452067 
  

-1.352625 -4.244587 -3.525367
 -1.297525 -4.290283 -3.511767 
  

-1.139927 -4.415104 -3.476548
 -1.061557 -4.470227 -3.463386 
  

-0.750581 -4.629224 -3.448558
 -0.699985 -4.645637 -3.452067 
  

-1.295288 -3.138024 -4.233889
 -1.352625 -4.244587 -3.525367 
  

-1.293128 -3.122082 -4.243802
 -1.293197 -3.129831 -4.239589 
  

-1.500568 -2.933260 -4.217319
 -3.033066 -2.420919 -3.546715 
  

-1.293128 -3.122082 -4.243802
 -1.293182 -3.121720 -4.243963 
  

-1.500568 -2.933260 -4.217319
 -1.293182 -3.121720 -4.243963 
  

-1.293197 -3.129831 -4.239589
 -1.295288 -3.138024 -4.233889 
  

-3.386657 -0.561155 -4.216373
 -3.033066 -2.420919 -3.546715 
  

-3.397812 -0.537997 -4.219715
 -3.408121 -0.534511 -4.213832 
  

-3.386657 -0.561155 -4.216373
 -3.397812 -0.537997 -4.219715 
  

-3.162137 1.045782 -4.241615
 -4.631524 0.493395 -3.474066 
  

-3.162137 1.045782 -4.241615
 -3.163521 1.046473 -4.240455 
  

-4.513939 0.776429 -3.449432
 -4.500215 0.798823 -3.450391 
  

-4.228693 1.153640 -3.501154
 -4.262703 1.114340 -3.492942 
  

-4.602914 0.586114 -3.459477
 -4.594481 0.612263 -3.455603 
  

-4.500215 0.798823 -3.450391
 -4.397527 0.944974 -3.465279 
  

-4.557143 0.694855 -3.450405
 -4.594481 0.612263 -3.455603 
  

-4.336643 1.021977 -3.477584
 -4.397527 0.944974 -3.465279 
  

-4.513939 0.776429 -3.449432
 -4.557143 0.694855 -3.450405 
  

-4.631524 0.493395 -3.474066
 -4.602914 0.586114 -3.459477 
  

-4.262703 1.114340 -3.492942
 -4.336643 1.021977 -3.477584 
  

-4.228693 1.153640 -3.501154
 -4.225200 1.157599 -3.502025 
  

-3.163521 1.046473 -4.240455
 -4.225200 1.157599 -3.502025 
  

-3.159826 1.045716 -4.242886
 -3.162137 1.045782 -4.241615 
  

-3.140367 1.068940 -4.239042
 -2.501540 2.777443 -3.534370 
  

-3.159826 1.045716 -4.242886
 -3.140367 1.068940 -4.239042 
  

-3.162137 1.045782 -4.241615
 -3.163521 1.046473 -4.240455 
  

-2.501540 2.777443 -3.534370
 -2.513627 2.789275 -3.520701 
  

-3.645203 1.786195 -3.531728
 -3.506352 1.923164 -3.521885 
  

-3.078375 2.321181 -3.506317
 -2.990198 2.397512 -3.506578 
  

-2.658751 2.676346 -3.512505
 -2.835822 2.529444 -3.508078 
  

-3.350891 2.073199 -3.512893
 -3.207387 2.205974 -3.508090 
  

-2.513627 2.789275 -3.520701
 -2.658751 2.676346 -3.512505 
  

-3.645203 1.786195 -3.531728
 -3.773163 1.654423 -3.544191 
  

-3.506352 1.923164 -3.521885
 -3.350891 2.073199 -3.512893 
  

-3.078375 2.321181 -3.506317
 -3.207387 2.205974 -3.508090 
  

-2.990198 2.397512 -3.506578
 -2.835822 2.529444 -3.508078 
  

-0.645694 3.064561 -4.195618
 -2.501540 2.777443 -3.534370 
  

-2.501540 2.777443 -3.534370
 -2.513627 2.789275 -3.520701 
  

-1.101511 3.755603 -3.512849
 -1.229733 3.678185 -3.506507 
  

-2.468898 2.824078 -3.517586
 -2.310367 2.942084 -3.510199 
  

-1.578251 3.456699 -3.496823
 -1.737173 3.348294 -3.497469 
  

-2.228112 3.002512 -3.506913
 -2.099490 3.094452 -3.503518 
  

-1.408378 3.566541 -3.500254
 -1.578251 3.456699 -3.496823 
  

-1.737173 3.348294 -3.497469
 -2.099490 3.094452 -3.503518 
  

-2.513627 2.789275 -3.520701
 -2.468898 2.824078 -3.517586 
  

-1.101511 3.755603 -3.512849
 -1.037024 3.792420 -3.517487 
  

-1.229733 3.678185 -3.506507
 -1.408378 3.566541 -3.500254 
  

-2.310367 2.942084 -3.510199
 -2.228112 3.002512 -3.506913 
  

-0.645694 3.064561 -4.195618
 -1.037024 3.792420 -3.517487 
  

2.664450 2.081906 -3.540647
 0.972464 2.763343 -4.227616 
  

0.945291 2.785124 -4.232490
 0.972464 2.763343 -4.227616 
  

2.664450 2.081906 -3.540647
 2.674081 2.090965 -3.529385 
  

3.042032 0.136852 -4.214576
 3.049148 0.134594 -4.210597 
  

3.042032 0.136852 -4.214576
 2.664450 2.081906 -3.540647 
  

2.664450 2.081906 -3.540647
 2.674081 2.090965 -3.529385 
  

2.862694 1.852309 -3.510598
 2.674081 2.090965 -3.529385 
  

3.703018 0.595906 -3.520546
 3.572611 0.809113 -3.510162 
  

2.939331 1.750037 -3.505535
 3.067603 1.569819 -3.501444 
  

2.862694 1.852309 -3.510598
 2.939331 1.750037 -3.505535 
  

3.454163 0.995333 -3.504336
 3.572611 0.809113 -3.510162 
  

3.320653 1.198910 -3.500834
 3.106937 1.513910 -3.500503 
  

3.781771 0.461015 -3.529792
 3.703018 0.595906 -3.520546 
  

3.067603 1.569819 -3.501444
 3.106937 1.513910 -3.500503 
  

3.454163 0.995333 -3.504336
 3.320653 1.198910 -3.500834 
  

3.049148 0.134594 -4.210597
 3.781771 0.461015 -3.529792 
  

0.942178 2.772699 -4.238590
 0.050668 2.010017 -4.621501 
  

0.942178 2.772699 -4.238590
 1.481482 1.051432 -4.620616 
  

0.050668 2.010017 -4.621501
 1.481482 1.051432 -4.620616 
  

3.013909 0.137014 -4.229114
 1.487493 1.043735 -4.620607 
  

3.013909 0.137014 -4.229114
 2.092041 -0.471860 -4.618574 
  

1.487493 1.043735 -4.620607
 2.092041 -0.471860 -4.618574 
  

2.795645 -1.369741 -4.255765
 2.090499 -0.486896 -4.618551 
  

2.795645 -1.369741 -4.255765
 1.170939 -1.839469 -4.616177 
  

2.090499 -0.486896 -4.618551
 1.170939 -1.839469 -4.616177 
  

0.257297 -3.341326 -4.232618
 1.148276 -1.856708 -4.616143 
  

0.257297 -3.341326 -4.232618
 -0.472661 -2.407552 -4.614699 
  

1.148276 -1.856708 -4.616143
 -0.472661 -2.407552 -4.614699 
  

-1.290924 -3.111210 -4.248860
 -0.486203 -2.405858 -4.614696 
  

-1.290924 -3.111210 -4.248860
 -1.835842 -1.425016 -4.615645 
  

-0.486203 -2.405858 -4.614696
 -1.835842 -1.425016 -4.615645 
  

-3.384510 -0.536817 -4.226289
 -1.841588 -1.417758 -4.615654 
  

-3.384510 -0.536817 -4.226289
 -2.424346 0.126684 -4.617739 
  

-1.841588 -1.417758 -4.615654
 -2.424346 0.126684 -4.617739 
  

-3.129312 1.036527 -4.258002
 -2.421411 0.151101 -4.617776 
  

-1.535523 1.478613 -4.620099
 -3.129312 1.036527 -4.258002 
  

-2.421411 0.151101 -4.617776
 -1.535523 1.478613 -4.620099 
  

-0.637813 3.025102 -4.221986
 -0.647141 3.012854 -4.224921 
  

-0.637813 3.025102 -4.221986
 0.049379 2.010192 -4.621501 
  

-0.647141 3.012854 -4.224921
 -1.518252 1.491811 -4.620126 
  

0.049379 2.010192 -4.621501
 -1.518252 1.491811 -4.620126 
  

0.050668 2.010017 -4.621501
 0.049379 2.010192 -4.621501 
  

1.481482 1.051432 -4.620616
 1.487493 1.043735 -4.620607 
  

2.092041 -0.471860 -4.618574
 2.090499 -0.486896 -4.618551 
  

1.170939 -1.839469 -4.616177
 1.148276 -1.856708 -4.616143 
  

-0.472661 -2.407552 -4.614699
 -0.486203 -2.405858 -4.614696 
  

-1.835842 -1.425016 -4.615645
 -1.841588 -1.417758 -4.615654 
  

-2.424346 0.126684 -4.617739
 -2.421411 0.151101 -4.617776 
  

-1.535523 1.478613 -4.620099
 -1.518252 1.491811 -4.620126 
  

0.050668 2.010017 -4.621501
 1.481482 1.051432 -4.620616 
  

1.487493 1.043735 -4.620607
 2.092041 -0.471860 -4.618574 
  

2.090499 -0.486896 -4.618551
 1.170939 -1.839469 -4.616177 
  

1.148276 -1.856708 -4.616143
 -0.472661 -2.407552 -4.614699 
  

-0.486203 -2.405858 -4.614696
 -1.835842 -1.425016 -4.615645 
  

-1.841588 -1.417758 -4.615654
 -2.424346 0.126684 -4.617739 
  

-2.421411 0.151101 -4.617776
 -1.535523 1.478613 -4.620099 
  

0.049379 2.010192 -4.621501
 -1.518252 1.491811 -4.620126 
  

-0.188880 -0.148878 0.421851
 -0.206002 -0.150055 0.423891 
  

-0.188880 -0.148878 0.421851
 -0.190405 -0.165116 0.421651 
  

-0.190405 -0.165116 0.421651
 -0.207112 -0.158723 0.423819 
  

-0.206002 -0.150055 0.423891
 -0.207112 -0.158723 0.423819 
  

4.266187 -0.830732 -2.700728
 4.266526 -0.827096 -2.704770 
  

4.280797 -0.771376 -3.471931
 4.274487 -0.854003 -3.488906 
  

4.266526 -0.827096 -2.704770
 4.280797 -0.771376 -3.471931 
  

2.672094 2.075430 -2.954153
 2.808281 1.904066 -2.971064 
  

2.672094 2.075430 -2.954153
 2.671261 2.076483 -2.954207 
  

2.671261 2.076483 -2.954207
 2.605273 2.160011 -2.961805 
  

2.862694 1.852309 -3.510598
 2.674081 2.090965 -3.529385 
  

2.808281 1.904066 -2.971064
 2.862694 1.852309 -3.510598 
  

-3.567867 1.862808 -2.985276
 -3.640155 1.791509 -2.976614 
  

-3.645203 1.786195 -3.531728
 -3.506352 1.923164 -3.521885 
  

-3.640155 1.791509 -2.976614
 -3.645203 1.786195 -3.531728 
  

-3.567867 1.862808 -2.985276
 -3.506352 1.923164 -3.521885 
  

2.148276 -3.136006 -3.521718
 2.103836 -3.170056 -3.521590 
  

2.115296 -3.163539 -2.960587
 2.172570 -3.119619 -2.970228 
  

2.115296 -3.163539 -2.960587
 2.039343 -3.221679 -2.973719 
  

2.148276 -3.136006 -3.521718
 2.174217 -3.116138 -3.519833 
  

2.103836 -3.170056 -3.521590
 2.025464 -3.230120 -3.517019 
  

2.172570 -3.119619 -2.970228
 2.174217 -3.116138 -3.519833 
  

2.039343 -3.221679 -2.973719
 2.025464 -3.230120 -3.517019 
  

-1.145661 3.727399 -3.005764
 -1.237132 3.672209 -3.014089 
  

-1.101511 3.755603 -3.512849
 -1.229733 3.678185 -3.506507 
  

-1.145661 3.727399 -3.005764
 -1.097471 3.757215 -3.243162 
  

-1.101511 3.755603 -3.512849
 -1.097471 3.757215 -3.243162 
  

-1.237132 3.672209 -3.014089
 -1.229733 3.678185 -3.506507 
  

3.801270 0.403604 -2.959809
 3.895782 0.235855 -2.984722 
  

3.895782 0.235855 -2.984722
 3.911676 0.230153 -3.515832 
  

3.801270 0.403604 -2.959809
 3.807529 0.416632 -3.526509 
  

3.911676 0.230153 -3.515832
 3.807529 0.416632 -3.526509 
  

0.457778 -4.253255 -3.045137
 0.437897 -4.263581 -3.510784 
  

0.197012 -4.391174 -3.095154
 0.171760 -4.404371 -3.487251 
  

0.437897 -4.263581 -3.510784
 0.171760 -4.404371 -3.487251 
  

0.457778 -4.253255 -3.045137
 0.197012 -4.391174 -3.095154 
  

-4.513939 0.776429 -3.449432
 -4.500215 0.798823 -3.450391 
  

-4.498859 0.801534 -3.083293
 -4.500215 0.798823 -3.450391 
  

-4.514644 0.775784 -3.077241
 -4.513939 0.776429 -3.449432 
  

-4.498859 0.801534 -3.083293
 -4.514644 0.775784 -3.077241 
  

-2.469105 2.823616 -2.974465
 -2.407378 2.869570 -2.981403 
  

-2.468898 2.824078 -3.517586
 -2.310367 2.942084 -3.510199 
  

-2.469105 2.823616 -2.974465
 -2.468898 2.824078 -3.517586 
  

-2.407378 2.869570 -2.981403
 -2.310367 2.942084 -3.510199 
  

-0.533554 -4.643265 -3.444838
 -0.368059 -4.614414 -3.439017 
  

-0.370139 -4.613014 -3.057699
 -0.368059 -4.614414 -3.439017 
  

-0.539777 -4.642186 -2.976898
 -0.533554 -4.643265 -3.444838 
  

-0.370139 -4.613014 -3.057699
 -0.539777 -4.642186 -2.976898 
  

4.229231 -0.512781 -2.926371
 4.225194 -0.496959 -2.933380 
  

4.232518 -0.480368 -3.462304
 4.229338 -0.468330 -3.462748 
  

4.229231 -0.512781 -2.926371
 4.232518 -0.480368 -3.462304 
  

4.225194 -0.496959 -2.933380
 4.229338 -0.468330 -3.462748 
  

-0.883983 -4.572933 -3.010013
 -0.961236 -4.532046 -3.044860 
  

-0.886958 -4.571518 -3.447533
 -0.955387 -4.535292 -3.451572 
  

-0.883983 -4.572933 -3.010013
 -0.886958 -4.571518 -3.447533 
  

-0.961236 -4.532046 -3.044860
 -0.955387 -4.535292 -3.451572 
  

2.891215 -2.514717 -3.019271
 3.073130 -2.351591 -3.018312 
  

3.073130 -2.351591 -3.018312
 2.994157 -2.421680 -3.469185 
  

2.891215 -2.514717 -3.019271
 2.994157 -2.421680 -3.469185 
  

1.278151 -3.753386 -3.029541
 1.064470 -3.891202 -3.028193 
  

1.274437 -3.754346 -3.507264
 1.062402 -3.891081 -3.511978 
  

1.278151 -3.753386 -3.029541
 1.274437 -3.754346 -3.507264 
  

1.064470 -3.891202 -3.028193
 1.062402 -3.891081 -3.511978 
  

3.175525 1.396740 -2.976213
 3.317880 1.201706 -3.458724 
  

3.365427 1.111820 -2.981861
 3.373976 1.106317 -3.170963 
  

3.317880 1.201706 -3.458724
 3.373976 1.106317 -3.170963 
  

3.175525 1.396740 -2.976213
 3.365427 1.111820 -2.981861 
  

-4.228693 1.153640 -3.501154
 -4.262703 1.114340 -3.492942 
  

-4.270409 1.104802 -3.082932
 -4.262703 1.114340 -3.492942 
  

-4.214000 1.169944 -3.070496
 -4.228693 1.153640 -3.501154 
  

-4.270409 1.104802 -3.082932
 -4.214000 1.169944 -3.070496 
  

-0.161009 -4.552279 -3.450154
 -0.230197 -4.578730 -3.442408 
  

-0.237299 -4.580027 -3.101987
 -0.230197 -4.578730 -3.442408 
  

-0.160258 -4.550564 -3.108331
 -0.161009 -4.552279 -3.450154 
  

-0.237299 -4.580027 -3.101987
 -0.160258 -4.550564 -3.108331 
  

-3.074269 2.323651 -3.011719
 -2.950910 2.430429 -3.007771 
  

-3.078375 2.321181 -3.506317
 -2.990198 2.397512 -3.506578 
  

-3.074269 2.323651 -3.011719
 -3.078375 2.321181 -3.506317 
  

-2.950910 2.430429 -3.007771
 -2.990198 2.397512 -3.506578 
  

4.122469 -0.213565 -3.000571
 4.133738 -0.239175 -2.998309 
  

4.122469 -0.213565 -3.000571
 4.150301 -0.256473 -3.345617 
  

4.133738 -0.239175 -2.998309
 4.150301 -0.256473 -3.345617 
  

-1.175234 -4.390493 -3.093865
 -1.142400 -4.414313 -3.089876 
  

-1.160515 -4.400165 -3.480293
 -1.139927 -4.415104 -3.476548 
  

-1.175234 -4.390493 -3.093865
 -1.160515 -4.400165 -3.480293 
  

-1.142400 -4.414313 -3.089876
 -1.139927 -4.415104 -3.476548 
  

-1.580350 3.454169 -3.029533
 -1.755638 3.334589 -3.025568 
  

-1.578251 3.456699 -3.496823
 -1.737173 3.348294 -3.497469 
  

-1.580350 3.454169 -3.029533
 -1.578251 3.456699 -3.496823 
  

-1.755638 3.334589 -3.025568
 -1.737173 3.348294 -3.497469 
  

1.895755 -3.325835 -2.989983
 1.543717 -3.573036 -3.017727 
  

1.899626 -3.321455 -3.513066
 1.545784 -3.570029 -3.507417 
  

1.543717 -3.573036 -3.017727
 1.545784 -3.570029 -3.507417 
  

1.895755 -3.325835 -2.989983
 1.899626 -3.321455 -3.513066 
  

4.266141 -0.719520 -2.804372
 4.254797 -0.640323 -2.856471 
  

4.266141 -0.719520 -2.804372
 4.269256 -0.688233 -3.154580 
  

4.254797 -0.640323 -2.856471
 4.269256 -0.688233 -3.154580 
  

-0.685996 -4.646532 -2.868318
 -0.770031 -4.620621 -2.937410 
  

-0.770031 -4.620621 -2.937410
 -0.766844 -4.621922 -2.975863 
  

-0.682739 -4.647593 -2.872903
 -0.703912 -4.643054 -3.147070 
  

-0.766844 -4.621922 -2.975863
 -0.703912 -4.643054 -3.147070 
  

-0.685996 -4.646532 -2.868318
 -0.682739 -4.647593 -2.872903 
  

2.344818 -2.981411 -2.991044
 2.521174 -2.835432 -3.006374 
  

2.337129 -2.985531 -3.511610
 2.523430 -2.831418 -3.505152 
  

2.344818 -2.981411 -2.991044
 2.337129 -2.985531 -3.511610 
  

2.521174 -2.835432 -3.006374
 2.523430 -2.831418 -3.505152 
  

3.703018 0.595906 -3.520546
 3.572611 0.809113 -3.510162 
  

3.518382 0.874920 -2.988341
 3.572611 0.809113 -3.510162 
  

3.718689 0.545306 -2.956181
 3.703018 0.595906 -3.520546 
  

3.518034 0.875063 -2.978672
 3.518382 0.874920 -2.988341 
  

3.718689 0.545306 -2.956181
 3.518034 0.875063 -2.978672 
  

0.624750 -4.158830 -3.001665
 0.794954 -4.056459 -3.013748 
  

0.622687 -4.158949 -3.532157
 0.761910 -4.075248 -3.525031 
  

0.600412 -4.173448 -3.009601
 0.595625 -4.175230 -3.528325 
  

0.794954 -4.056459 -3.013748
 0.761910 -4.075248 -3.525031 
  

0.622687 -4.158949 -3.532157
 0.595625 -4.175230 -3.528325 
  

0.624750 -4.158830 -3.001665
 0.600412 -4.173448 -3.009601 
  

3.458540 -1.985809 -2.989303
 3.306018 -2.133501 -3.004710 
  

3.454325 -1.987597 -3.518564
 3.277219 -2.159212 -3.509153 
  

3.458540 -1.985809 -2.989303
 3.454325 -1.987597 -3.518564 
  

3.306018 -2.133501 -3.004710
 3.277219 -2.159212 -3.509153 
  

-3.754175 1.674098 -2.956729
 -3.793309 1.632227 -2.947925 
  

-3.903251 1.514716 -2.984140
 -3.909975 1.508593 -3.529159 
  

-3.754175 1.674098 -2.956729
 -3.786133 1.641068 -3.542531 
  

-3.909975 1.508593 -3.529159
 -3.786133 1.641068 -3.542531 
  

-3.793309 1.632227 -2.947925
 -3.903251 1.514716 -2.984140 
  

-4.500215 0.798823 -3.450391
 -4.397527 0.944974 -3.465279 
  

-4.498859 0.801534 -3.083293
 -4.500215 0.798823 -3.450391 
  

-4.398655 0.944155 -3.095301
 -4.397527 0.944974 -3.465279 
  

-4.498859 0.801534 -3.083293
 -4.398655 0.944155 -3.095301 
  

-0.768389 3.938272 -3.026283
 -0.784881 3.930912 -3.504168 
  

-0.965135 3.832127 -3.003443
 -0.954988 3.839227 -3.511859 
  

-0.784881 3.930912 -3.504168
 -0.954988 3.839227 -3.511859 
  

-0.768389 3.938272 -3.026283
 -0.965135 3.832127 -3.003443 
  

0.056960 -4.457979 -3.482314
 -0.077777 -4.518685 -3.460726 
  

0.108858 -4.433241 -3.103532
 0.100650 -4.438275 -3.483682 
  

-0.073104 -4.515357 -3.111996
 -0.077777 -4.518685 -3.460726 
  

0.056960 -4.457979 -3.482314
 0.100650 -4.438275 -3.483682 
  

0.108858 -4.433241 -3.103532
 -0.073104 -4.515357 -3.111996 
  

2.939331 1.750037 -3.505535
 3.067603 1.569819 -3.501444 
  

2.976914 1.680933 -3.009562
 2.939331 1.750037 -3.505535 
  

3.067603 1.569819 -3.501444
 2.976914 1.680933 -3.009562 
  

-4.557143 0.694855 -3.450405
 -4.594481 0.612263 -3.455603 
  

-4.594588 0.612595 -3.005047
 -4.594481 0.612263 -3.455603 
  

-4.556421 0.696960 -3.047696
 -4.557143 0.694855 -3.450405 
  

-4.594588 0.612595 -3.005047
 -4.556421 0.696960 -3.047696 
  

-1.334404 -4.263043 -3.093085
 -1.175234 -4.390493 -3.093865 
  

-1.297525 -4.290283 -3.511767
 -1.160515 -4.400165 -3.480293 
  

-1.175234 -4.390493 -3.093865
 -1.160515 -4.400165 -3.480293 
  

-1.334404 -4.263043 -3.093085
 -1.297525 -4.290283 -3.511767 
  

-0.657258 -4.655726 -3.455630
 -0.662465 -4.656017 -3.455106 
  

-0.657258 -4.655726 -3.455630
 -0.633664 -4.654383 -3.452840 
  

-0.662465 -4.656017 -3.455106
 -0.661390 -4.653626 -2.901238 
  

-0.629468 -4.651919 -2.923523
 -0.633664 -4.654383 -3.452840 
  

-0.661390 -4.653626 -2.901238
 -0.629468 -4.651919 -2.923523 
  

4.196699 -0.401594 -2.967646
 4.168942 -0.327164 -2.983800 
  

4.210180 -0.405713 -3.466916
 4.156573 -0.262894 -3.483472 
  

4.196699 -0.401594 -2.967646
 4.210180 -0.405713 -3.466916 
  

4.156573 -0.262894 -3.483472
 4.155828 -0.263160 -3.448059 
  

4.168942 -0.327164 -2.983800
 4.155828 -0.263160 -3.448059 
  

3.895782 0.235855 -2.984722
 4.040808 -0.036830 -3.008701 
  

3.895782 0.235855 -2.984722
 3.911676 0.230153 -3.515832 
  

4.040808 -0.036830 -3.008701
 4.063003 -0.055977 -3.505927 
  

3.911676 0.230153 -3.515832
 4.063003 -0.055977 -3.505927 
  

-2.641755 2.689280 -2.986876
 -2.853897 2.513331 -3.003319 
  

-2.658751 2.676346 -3.512505
 -2.835822 2.529444 -3.508078 
  

-2.641755 2.689280 -2.986876
 -2.658751 2.676346 -3.512505 
  

-2.853897 2.513331 -3.003319
 -2.835822 2.529444 -3.508078 
  

-2.227721 3.001609 -2.999132
 -2.075198 3.110669 -3.009804 
  

-2.228112 3.002512 -3.506913
 -2.099490 3.094452 -3.503518 
  

-2.075198 3.110669 -3.009804
 -2.099490 3.094452 -3.503518 
  

-2.227721 3.001609 -2.999132
 -2.228112 3.002512 -3.506913 
  

-0.368059 -4.614414 -3.439017
 -0.262992 -4.589454 -3.440020 
  

-0.370139 -4.613014 -3.057699
 -0.368059 -4.614414 -3.439017 
  

-0.255566 -4.585994 -3.098575
 -0.262992 -4.589454 -3.440020 
  

-0.370139 -4.613014 -3.057699
 -0.255566 -4.585994 -3.098575 
  

-3.338805 2.083939 -3.006688
 -3.231169 2.183536 -3.011326 
  

-3.350891 2.073199 -3.512893
 -3.207387 2.205974 -3.508090 
  

-3.338805 2.083939 -3.006688
 -3.350891 2.073199 -3.512893 
  

-3.231169 2.183536 -3.011326
 -3.207387 2.205974 -3.508090 
  

-0.883983 -4.572933 -3.010013
 -0.821318 -4.601255 -2.973609 
  

-0.886958 -4.571518 -3.447533
 -0.804639 -4.608715 -3.446671 
  

-0.883983 -4.572933 -3.010013
 -0.886958 -4.571518 -3.447533 
  

-0.821318 -4.601255 -2.973609
 -0.804639 -4.608715 -3.446671 
  

-0.961236 -4.532046 -3.044860
 -1.068464 -4.466315 -3.078144 
  

-0.955387 -4.535292 -3.451572
 -1.061557 -4.470227 -3.463386 
  

-0.961236 -4.532046 -3.044860
 -0.955387 -4.535292 -3.451572 
  

-1.068464 -4.466315 -3.078144
 -1.061557 -4.470227 -3.463386 
  

-4.336643 1.021977 -3.477584
 -4.397527 0.944974 -3.465279 
  

-4.398655 0.944155 -3.095301
 -4.397527 0.944974 -3.465279 
  

-4.336643 1.021977 -3.477584
 -4.371251 0.978826 -3.093094 
  

-4.398655 0.944155 -3.095301
 -4.371251 0.978826 -3.093094 
  

-1.413549 3.562004 -3.024723
 -1.580350 3.454169 -3.029533 
  

-1.408378 3.566541 -3.500254
 -1.578251 3.456699 -3.496823 
  

-1.580350 3.454169 -3.029533
 -1.578251 3.456699 -3.496823 
  

-1.413549 3.562004 -3.024723
 -1.408378 3.566541 -3.500254 
  

2.774267 -2.617847 -3.017563
 2.687260 -2.693452 -3.014793 
  

2.753863 -2.633400 -3.501745
 2.676660 -2.700472 -3.502435 
  

2.774267 -2.617847 -3.017563
 2.753863 -2.633400 -3.501745 
  

2.687260 -2.693452 -3.014793
 2.676660 -2.700472 -3.502435 
  

3.073130 -2.351591 -3.018312
 3.133755 -2.295632 -3.015859 
  

2.993194 -2.422365 -3.501533
 3.228950 -2.204655 -3.507411 
  

3.073130 -2.351591 -3.018312
 2.994157 -2.421680 -3.469185 
  

2.993194 -2.422365 -3.501533
 2.994157 -2.421680 -3.469185 
  

3.133755 -2.295632 -3.015859
 3.228950 -2.204655 -3.507411 
  

4.269549 -0.754657 -2.778138
 4.266141 -0.719520 -2.804372 
  

4.281386 -0.744473 -3.467447
 4.274157 -0.680137 -3.462868 
  

4.266141 -0.719520 -2.804372
 4.269256 -0.688233 -3.154580 
  

4.269549 -0.754657 -2.778138
 4.281386 -0.744473 -3.467447 
  

4.274157 -0.680137 -3.462868
 4.269256 -0.688233 -3.154580 
  

-3.903251 1.514716 -2.984140
 -3.909975 1.508593 -3.529159 
  

-4.119189 1.277375 -3.046986
 -4.098006 1.301756 -3.511708 
  

-3.909975 1.508593 -3.529159
 -4.098006 1.301756 -3.511708 
  

-3.903251 1.514716 -2.984140
 -4.119189 1.277375 -3.046986 
  

2.808281 1.904066 -2.971064
 2.977693 1.678787 -2.980693 
  

2.862694 1.852309 -3.510598
 2.939331 1.750037 -3.505535 
  

2.808281 1.904066 -2.971064
 2.862694 1.852309 -3.510598 
  

2.976914 1.680933 -3.009562
 2.939331 1.750037 -3.505535 
  

2.977693 1.678787 -2.980693
 2.976914 1.680933 -3.009562 
  

1.278151 -3.753386 -3.029541
 1.543717 -3.573036 -3.017727 
  

1.274437 -3.754346 -3.507264
 1.545784 -3.570029 -3.507417 
  

1.278151 -3.753386 -3.029541
 1.274437 -3.754346 -3.507264 
  

1.543717 -3.573036 -3.017727
 1.545784 -3.570029 -3.507417 
  

-0.533554 -4.643265 -3.444838
 -0.633664 -4.654383 -3.452840 
  

-0.539777 -4.642186 -2.976898
 -0.533554 -4.643265 -3.444838 
  

-0.629468 -4.651919 -2.923523
 -0.633664 -4.654383 -3.452840 
  

-0.539777 -4.642186 -2.976898
 -0.629468 -4.651919 -2.923523 
  

-4.513939 0.776429 -3.449432
 -4.557143 0.694855 -3.450405 
  

-4.514644 0.775784 -3.077241
 -4.513939 0.776429 -3.449432 
  

-4.556421 0.696960 -3.047696
 -4.557143 0.694855 -3.450405 
  

-4.514644 0.775784 -3.077241
 -4.556421 0.696960 -3.047696 
  

3.454163 0.995333 -3.504336
 3.572611 0.809113 -3.510162 
  

3.518382 0.874920 -2.988341
 3.572611 0.809113 -3.510162 
  

3.449832 0.999844 -3.442830
 3.518382 0.874920 -2.988341 
  

3.454163 0.995333 -3.504336
 3.449832 0.999844 -3.442830 
  

4.266526 -0.827096 -2.704770
 4.269549 -0.754657 -2.778138 
  

4.280797 -0.771376 -3.471931
 4.281386 -0.744473 -3.467447 
  

4.266526 -0.827096 -2.704770
 4.280797 -0.771376 -3.471931 
  

4.269549 -0.754657 -2.778138
 4.281386 -0.744473 -3.467447 
  

-1.755638 3.334589 -3.025568
 -2.075198 3.110669 -3.009804 
  

-1.737173 3.348294 -3.497469
 -2.099490 3.094452 -3.503518 
  

-1.755638 3.334589 -3.025568
 -1.737173 3.348294 -3.497469 
  

-2.075198 3.110669 -3.009804
 -2.099490 3.094452 -3.503518 
  

-2.507673 2.793602 -2.968866
 -2.497617 2.801428 -2.969873 
  

-2.507673 2.793602 -2.968866
 -2.533797 2.773277 -2.971537 
  

-2.533797 2.773277 -2.971537
 -2.641755 2.689280 -2.986876 
  

-2.497617 2.801428 -2.969873
 -2.469105 2.823616 -2.974465 
  

-2.513627 2.789275 -3.520701
 -2.658751 2.676346 -3.512505 
  

-2.513627 2.789275 -3.520701
 -2.468898 2.824078 -3.517586 
  

-2.469105 2.823616 -2.974465
 -2.468898 2.824078 -3.517586 
  

-2.641755 2.689280 -2.986876
 -2.658751 2.676346 -3.512505 
  

4.229231 -0.512781 -2.926371
 4.245860 -0.585034 -2.890891 
  

4.232518 -0.480368 -3.462304
 4.257235 -0.583402 -3.460289 
  

4.229231 -0.512781 -2.926371
 4.232518 -0.480368 -3.462304 
  

4.245860 -0.585034 -2.890891
 4.257235 -0.583402 -3.460289 
  

3.159573 1.420225 -2.975294
 3.159541 1.420272 -2.975296 
  

3.320653 1.198910 -3.500834
 3.106937 1.513910 -3.500503 
  

3.175525 1.396740 -2.976213
 3.317880 1.201706 -3.458724 
  

3.159541 1.420272 -2.975296
 3.106937 1.513910 -3.500503 
  

3.320653 1.198910 -3.500834
 3.317880 1.201706 -3.458724 
  

0.457778 -4.253255 -3.045137
 0.437897 -4.263581 -3.510784 
  

0.600412 -4.173448 -3.009601
 0.595625 -4.175230 -3.528325 
  

0.437897 -4.263581 -3.510784
 0.595625 -4.175230 -3.528325 
  

0.457778 -4.253255 -3.045137
 0.600412 -4.173448 -3.009601 
  

-0.770031 -4.620621 -2.937410
 -0.821318 -4.601255 -2.973609 
  

-0.750581 -4.629224 -3.448558
 -0.804639 -4.608715 -3.446671 
  

-0.770031 -4.620621 -2.937410
 -0.766844 -4.621922 -2.975863 
  

-0.821318 -4.601255 -2.973609
 -0.804639 -4.608715 -3.446671 
  

-0.750581 -4.629224 -3.448558
 -0.766844 -4.621922 -2.975863 
  

4.225194 -0.496959 -2.933380
 4.196699 -0.401594 -2.967646 
  

4.229338 -0.468330 -3.462748
 4.210180 -0.405713 -3.466916 
  

4.225194 -0.496959 -2.933380
 4.229338 -0.468330 -3.462748 
  

4.196699 -0.401594 -2.967646
 4.210180 -0.405713 -3.466916 
  

-1.145661 3.727399 -3.005764
 -1.029349 3.794945 -2.991384 
  

-1.145661 3.727399 -3.005764
 -1.097471 3.757215 -3.243162 
  

-0.987145 3.819556 -2.999623
 -1.097471 3.757215 -3.243162 
  

-1.029349 3.794945 -2.991384
 -0.987145 3.819556 -2.999623 
  

3.477793 -1.966250 -2.986133
 3.458540 -1.985809 -2.989303 
  

3.534380 -1.906173 -3.525203
 3.454325 -1.987597 -3.518564 
  

3.583751 -1.858422 -3.007130
 3.562056 -1.878051 -3.521656 
  

3.458540 -1.985809 -2.989303
 3.454325 -1.987597 -3.518564 
  

3.534380 -1.906173 -3.525203
 3.562056 -1.878051 -3.521656 
  

3.477793 -1.966250 -2.986133
 3.583751 -1.858422 -3.007130 
  

2.172570 -3.119619 -2.970228
 2.344818 -2.981411 -2.991044 
  

2.174217 -3.116138 -3.519833
 2.337129 -2.985531 -3.511610 
  

2.172570 -3.119619 -2.970228
 2.174217 -3.116138 -3.519833 
  

2.344818 -2.981411 -2.991044
 2.337129 -2.985531 -3.511610 
  

1.064470 -3.891202 -3.028193
 0.794954 -4.056459 -3.013748 
  

1.062402 -3.891081 -3.511978
 0.761910 -4.075248 -3.525031 
  

1.064470 -3.891202 -3.028193
 1.062402 -3.891081 -3.511978 
  

0.794954 -4.056459 -3.013748
 0.761910 -4.075248 -3.525031 
  

4.254797 -0.640323 -2.856471
 4.245860 -0.585034 -2.890891 
  

4.274157 -0.680137 -3.462868
 4.257235 -0.583402 -3.460289 
  

4.254797 -0.640323 -2.856471
 4.269256 -0.688233 -3.154580 
  

4.274157 -0.680137 -3.462868
 4.269256 -0.688233 -3.154580 
  

4.245860 -0.585034 -2.890891
 4.257235 -0.583402 -3.460289 
  

3.801270 0.403604 -2.959809
 3.763769 0.467503 -2.947441 
  

3.781771 0.461015 -3.529792
 3.703018 0.595906 -3.520546 
  

3.801270 0.403604 -2.959809
 3.807529 0.416632 -3.526509 
  

3.718689 0.545306 -2.956181
 3.703018 0.595906 -3.520546 
  

3.763769 0.467503 -2.947441
 3.718689 0.545306 -2.956181 
  

3.781771 0.461015 -3.529792
 3.807529 0.416632 -3.526509 
  

4.076468 -0.111446 -3.007540
 4.040808 -0.036830 -3.008701 
  

4.040808 -0.036830 -3.008701
 4.063003 -0.055977 -3.505927 
  

4.076468 -0.111446 -3.007540
 4.073322 -0.077546 -3.506012 
  

4.063003 -0.055977 -3.505927
 4.073322 -0.077546 -3.506012 
  

-3.640155 1.791509 -2.976614
 -3.754175 1.674098 -2.956729 
  

-3.645203 1.786195 -3.531728
 -3.773163 1.654423 -3.544191 
  

-3.640155 1.791509 -2.976614
 -3.645203 1.786195 -3.531728 
  

-3.754175 1.674098 -2.956729
 -3.786133 1.641068 -3.542531 
  

-3.773163 1.654423 -3.544191
 -3.786133 1.641068 -3.542531 
  

-3.567867 1.862808 -2.985276
 -3.338805 2.083939 -3.006688 
  

-3.506352 1.923164 -3.521885
 -3.350891 2.073199 -3.512893 
  

-3.567867 1.862808 -2.985276
 -3.506352 1.923164 -3.521885 
  

-3.338805 2.083939 -3.006688
 -3.350891 2.073199 -3.512893 
  

-1.101511 3.755603 -3.512849
 -1.037024 3.792420 -3.517487 
  

-1.101511 3.755603 -3.512849
 -1.097471 3.757215 -3.243162 
  

-0.965135 3.832127 -3.003443
 -0.954988 3.839227 -3.511859 
  

-0.987145 3.819556 -2.999623
 -1.097471 3.757215 -3.243162 
  

-1.037024 3.792420 -3.517487
 -0.954988 3.839227 -3.511859 
  

-0.965135 3.832127 -3.003443
 -0.987145 3.819556 -2.999623 
  

2.977693 1.678787 -2.980693
 3.159541 1.420272 -2.975296 
  

3.067603 1.569819 -3.501444
 3.106937 1.513910 -3.500503 
  

3.067603 1.569819 -3.501444
 2.976914 1.680933 -3.009562 
  

2.977693 1.678787 -2.980693
 2.976914 1.680933 -3.009562 
  

3.159541 1.420272 -2.975296
 3.106937 1.513910 -3.500503 
  

2.039343 -3.221679 -2.973719
 1.895755 -3.325835 -2.989983 
  

2.025464 -3.230120 -3.517019
 1.899626 -3.321455 -3.513066 
  

2.039343 -3.221679 -2.973719
 2.025464 -3.230120 -3.517019 
  

1.895755 -3.325835 -2.989983
 1.899626 -3.321455 -3.513066 
  

-1.237132 3.672209 -3.014089
 -1.413549 3.562004 -3.024723 
  

-1.229733 3.678185 -3.506507
 -1.408378 3.566541 -3.500254 
  

-1.237132 3.672209 -3.014089
 -1.229733 3.678185 -3.506507 
  

-1.413549 3.562004 -3.024723
 -1.408378 3.566541 -3.500254 
  

-3.074269 2.323651 -3.011719
 -3.231169 2.183536 -3.011326 
  

-3.078375 2.321181 -3.506317
 -3.207387 2.205974 -3.508090 
  

-3.074269 2.323651 -3.011719
 -3.078375 2.321181 -3.506317 
  

-3.231169 2.183536 -3.011326
 -3.207387 2.205974 -3.508090 
  

-0.666257 -4.655020 -3.455381
 -0.663042 -4.655912 -3.455123 
  

-0.666257 -4.655020 -3.455381
 -0.699985 -4.645637 -3.452067 
  

-0.682739 -4.647593 -2.872903
 -0.703912 -4.643054 -3.147070 
  

-0.699985 -4.645637 -3.452067
 -0.703912 -4.643054 -3.147070 
  

-1.400080 -4.208727 -3.089861
 -1.334404 -4.263043 -3.093085 
  

-1.352625 -4.244587 -3.525367
 -1.297525 -4.290283 -3.511767 
  

-1.400080 -4.208727 -3.089861
 -1.394155 -4.210235 -3.524020 
  

-1.334404 -4.263043 -3.093085
 -1.297525 -4.290283 -3.511767 
  

-1.352625 -4.244587 -3.525367
 -1.394155 -4.210235 -3.524020 
  

3.365427 1.111820 -2.981861
 3.373976 1.106317 -3.170963 
  

3.518034 0.875063 -2.978672
 3.518382 0.874920 -2.988341 
  

3.449832 0.999844 -3.442830
 3.518382 0.874920 -2.988341 
  

3.373976 1.106317 -3.170963
 3.449832 0.999844 -3.442830 
  

3.365427 1.111820 -2.981861
 3.518034 0.875063 -2.978672 
  

0.197012 -4.391174 -3.095154
 0.171760 -4.404371 -3.487251 
  

0.108858 -4.433241 -3.103532
 0.100650 -4.438275 -3.483682 
  

0.171760 -4.404371 -3.487251
 0.100650 -4.438275 -3.483682 
  

0.197012 -4.391174 -3.095154
 0.108858 -4.433241 -3.103532 
  

-4.631524 0.493395 -3.474066
 -4.631650 0.492984 -3.474025 
  

-4.631524 0.493395 -3.474066
 -4.602914 0.586114 -3.459477 
  

-4.631650 0.492984 -3.474025
 -4.630462 0.497094 -2.919076 
  

2.891215 -2.514717 -3.019271
 2.774267 -2.617847 -3.017563 
  

2.753863 -2.633400 -3.501745
 2.993194 -2.422365 -3.501533 
  

2.891215 -2.514717 -3.019271
 2.994157 -2.421680 -3.469185 
  

2.774267 -2.617847 -3.017563
 2.753863 -2.633400 -3.501745 
  

2.993194 -2.422365 -3.501533
 2.994157 -2.421680 -3.469185 
  

4.122469 -0.213565 -3.000571
 4.076468 -0.111446 -3.007540 
  

4.156573 -0.262894 -3.483472
 4.093518 -0.122157 -3.507065 
  

4.122469 -0.213565 -3.000571
 4.150301 -0.256473 -3.345617 
  

4.156573 -0.262894 -3.483472
 4.155828 -0.263160 -3.448059 
  

4.076468 -0.111446 -3.007540
 4.073322 -0.077546 -3.506012 
  

4.150301 -0.256473 -3.345617
 4.155828 -0.263160 -3.448059 
  

4.093518 -0.122157 -3.507065
 4.073322 -0.077546 -3.506012 
  

4.133738 -0.239175 -2.998309
 4.168942 -0.327164 -2.983800 
  

4.133738 -0.239175 -2.998309
 4.150301 -0.256473 -3.345617 
  

4.168942 -0.327164 -2.983800
 4.155828 -0.263160 -3.448059 
  

4.150301 -0.256473 -3.345617
 4.155828 -0.263160 -3.448059 
  

3.306018 -2.133501 -3.004710
 3.133755 -2.295632 -3.015859 
  

3.277219 -2.159212 -3.509153
 3.228950 -2.204655 -3.507411 
  

3.306018 -2.133501 -3.004710
 3.277219 -2.159212 -3.509153 
  

3.133755 -2.295632 -3.015859
 3.228950 -2.204655 -3.507411 
  

-1.142400 -4.414313 -3.089876
 -1.068464 -4.466315 -3.078144 
  

-1.139927 -4.415104 -3.476548
 -1.061557 -4.470227 -3.463386 
  

-1.142400 -4.414313 -3.089876
 -1.139927 -4.415104 -3.476548 
  

-1.068464 -4.466315 -3.078144
 -1.061557 -4.470227 -3.463386 
  

-2.407378 2.869570 -2.981403
 -2.227721 3.001609 -2.999132 
  

-2.310367 2.942084 -3.510199
 -2.228112 3.002512 -3.506913 
  

-2.407378 2.869570 -2.981403
 -2.310367 2.942084 -3.510199 
  

-2.227721 3.001609 -2.999132
 -2.228112 3.002512 -3.506913 
  

-0.230197 -4.578730 -3.442408
 -0.262992 -4.589454 -3.440020 
  

-0.237299 -4.580027 -3.101987
 -0.230197 -4.578730 -3.442408 
  

-0.255566 -4.585994 -3.098575
 -0.262992 -4.589454 -3.440020 
  

-0.237299 -4.580027 -3.101987
 -0.255566 -4.585994 -3.098575 
  

2.521174 -2.835432 -3.006374
 2.687260 -2.693452 -3.014793 
  

2.523430 -2.831418 -3.505152
 2.676660 -2.700472 -3.502435 
  

2.521174 -2.835432 -3.006374
 2.523430 -2.831418 -3.505152 
  

2.687260 -2.693452 -3.014793
 2.676660 -2.700472 -3.502435 
  

3.454163 0.995333 -3.504336
 3.320653 1.198910 -3.500834 
  

3.317880 1.201706 -3.458724
 3.373976 1.106317 -3.170963 
  

3.454163 0.995333 -3.504336
 3.449832 0.999844 -3.442830 
  

3.320653 1.198910 -3.500834
 3.317880 1.201706 -3.458724 
  

3.373976 1.106317 -3.170963
 3.449832 0.999844 -3.442830 
  

-0.750581 -4.629224 -3.448558
 -0.699985 -4.645637 -3.452067 
  

-0.766844 -4.621922 -2.975863
 -0.703912 -4.643054 -3.147070 
  

-0.750581 -4.629224 -3.448558
 -0.766844 -4.621922 -2.975863 
  

-0.699985 -4.645637 -3.452067
 -0.703912 -4.643054 -3.147070 
  

-2.950910 2.430429 -3.007771
 -2.853897 2.513331 -3.003319 
  

-2.990198 2.397512 -3.506578
 -2.835822 2.529444 -3.508078 
  

-2.950910 2.430429 -3.007771
 -2.990198 2.397512 -3.506578 
  

-2.853897 2.513331 -3.003319
 -2.835822 2.529444 -3.508078 
  

-4.262703 1.114340 -3.492942
 -4.336643 1.021977 -3.477584 
  

-4.270409 1.104802 -3.082932
 -4.262703 1.114340 -3.492942 
  

-4.336643 1.021977 -3.477584
 -4.371251 0.978826 -3.093094 
  

-4.270409 1.104802 -3.082932
 -4.371251 0.978826 -3.093094 
  

-0.161009 -4.552279 -3.450154
 -0.077777 -4.518685 -3.460726 
  

-0.160258 -4.550564 -3.108331
 -0.161009 -4.552279 -3.450154 
  

-0.073104 -4.515357 -3.111996
 -0.077777 -4.518685 -3.460726 
  

-0.160258 -4.550564 -3.108331
 -0.073104 -4.515357 -3.111996 
  

-4.228693 1.153640 -3.501154
 -4.225200 1.157599 -3.502025 
  

-4.214000 1.169944 -3.070496
 -4.228693 1.153640 -3.501154 
  

-4.119189 1.277375 -3.046986
 -4.098006 1.301756 -3.511708 
  

-4.225200 1.157599 -3.502025
 -4.098006 1.301756 -3.511708 
  

-4.214000 1.169944 -3.070496
 -4.119189 1.277375 -3.046986 
  

0.272502 3.801455 -1.880553
 0.283253 3.788230 -1.873825 
  

0.480658 3.556586 -1.768101
 1.464153 3.474949 -2.949107 
  

0.283253 3.788230 -1.873825
 0.480658 3.556586 -1.768101 
  

3.596018 -0.417680 -1.815280
 3.159573 1.420225 -2.975294 
  

3.629836 -0.448790 -1.835748
 3.763769 0.467503 -2.947441 
  

3.596018 -0.417680 -1.815280
 3.629836 -0.448790 -1.835748 
  

3.175525 1.396740 -2.976213
 3.365427 1.111820 -2.981861 
  

3.718689 0.545306 -2.956181
 3.518034 0.875063 -2.978672 
  

3.763769 0.467503 -2.947441
 3.718689 0.545306 -2.956181 
  

3.365427 1.111820 -2.981861
 3.518034 0.875063 -2.978672 
  

2.840156 -1.375820 -4.232067
 2.828436 -1.378383 -4.238243 
  

2.828436 -1.378383 -4.238243
 3.534380 -1.906173 -3.525203 
  

3.534380 -1.906173 -3.525203
 3.562056 -1.878051 -3.521656 
  

0.259800 -3.369872 -4.218200
 0.261798 -3.371717 -4.216252 
  

0.259578 -3.369820 -4.218304
 0.241587 -3.404955 -4.197961 
  

0.259800 -3.369872 -4.218200
 0.259578 -3.369820 -4.218304 
  

0.261798 -3.371717 -4.216252
 0.622687 -4.158949 -3.532157 
  

0.241587 -3.404955 -4.197961
 0.056960 -4.457979 -3.482314 
  

0.437897 -4.263581 -3.510784
 0.171760 -4.404371 -3.487251 
  

0.622687 -4.158949 -3.532157
 0.595625 -4.175230 -3.528325 
  

0.056960 -4.457979 -3.482314
 0.100650 -4.438275 -3.483682 
  

0.437897 -4.263581 -3.510784
 0.595625 -4.175230 -3.528325 
  

0.171760 -4.404371 -3.487251
 0.100650 -4.438275 -3.483682 
  

-3.163521 1.046473 -4.240455
 -4.225200 1.157599 -3.502025 
  

-3.909975 1.508593 -3.529159
 -3.786133 1.641068 -3.542531 
  

-3.909975 1.508593 -3.529159
 -4.098006 1.301756 -3.511708 
  

-3.773163 1.654423 -3.544191
 -3.786133 1.641068 -3.542531 
  

-4.225200 1.157599 -3.502025
 -4.098006 1.301756 -3.511708 
  

-0.645694 3.064561 -4.195618
 -0.642095 3.062525 -4.198402 
  

-0.645694 3.064561 -4.195618
 -1.037024 3.792420 -3.517487 
  

-0.784881 3.930912 -3.504168
 -0.954988 3.839227 -3.511859 
  

-1.037024 3.792420 -3.517487
 -0.954988 3.839227 -3.511859 
  

3.060206 0.128826 -4.204275
 3.049148 0.134594 -4.210597 
  

3.060206 0.128826 -4.204275
 4.093518 -0.122157 -3.507065 
  

3.049148 0.134594 -4.210597
 3.781771 0.461015 -3.529792 
  

3.911676 0.230153 -3.515832
 3.807529 0.416632 -3.526509 
  

3.911676 0.230153 -3.515832
 4.063003 -0.055977 -3.505927 
  

3.781771 0.461015 -3.529792
 3.807529 0.416632 -3.526509 
  

4.063003 -0.055977 -3.505927
 4.073322 -0.077546 -3.506012 
  

4.093518 -0.122157 -3.507065
 4.073322 -0.077546 -3.506012 
  

-0.182610 -3.808128 -1.700747
 0.624750 -4.158830 -3.001665 
  

-0.637497 -4.106751 -1.896631
 -0.685996 -4.646532 -2.868318 
  

-0.182610 -3.808128 -1.700747
 -0.637497 -4.106751 -1.896631 
  

0.457778 -4.253255 -3.045137
 0.197012 -4.391174 -3.095154 
  

-0.370139 -4.613014 -3.057699
 -0.539777 -4.642186 -2.976898 
  

-0.237299 -4.580027 -3.101987
 -0.160258 -4.550564 -3.108331 
  

-0.685996 -4.646532 -2.868318
 -0.682739 -4.647593 -2.872903 
  

0.624750 -4.158830 -3.001665
 0.600412 -4.173448 -3.009601 
  

0.108858 -4.433241 -3.103532
 -0.073104 -4.515357 -3.111996 
  

-0.661390 -4.653626 -2.901238
 -0.629468 -4.651919 -2.923523 
  

-0.370139 -4.613014 -3.057699
 -0.255566 -4.585994 -3.098575 
  

-0.539777 -4.642186 -2.976898
 -0.629468 -4.651919 -2.923523 
  

0.457778 -4.253255 -3.045137
 0.600412 -4.173448 -3.009601 
  

0.197012 -4.391174 -3.095154
 0.108858 -4.433241 -3.103532 
  

-0.237299 -4.580027 -3.101987
 -0.255566 -4.585994 -3.098575 
  

-0.160258 -4.550564 -3.108331
 -0.073104 -4.515357 -3.111996 
  

-4.133548 0.366130 -1.916267
 -4.127220 0.371912 -1.912940 
  

-3.810263 0.671692 -1.759105
 -3.793309 1.632227 -2.947925 
  

-4.133548 0.366130 -1.916267
 -4.143165 0.357911 -1.922046 
  

-4.127220 0.371912 -1.912940
 -3.810263 0.671692 -1.759105 
  

-4.498859 0.801534 -3.083293
 -4.514644 0.775784 -3.077241 
  

-4.270409 1.104802 -3.082932
 -4.214000 1.169944 -3.070496 
  

-3.793309 1.632227 -2.947925
 -3.903251 1.514716 -2.984140 
  

-4.498859 0.801534 -3.083293
 -4.398655 0.944155 -3.095301 
  

-4.594588 0.612595 -3.005047
 -4.556421 0.696960 -3.047696 
  

-4.398655 0.944155 -3.095301
 -4.371251 0.978826 -3.093094 
  

-3.903251 1.514716 -2.984140
 -4.119189 1.277375 -3.046986 
  

-4.514644 0.775784 -3.077241
 -4.556421 0.696960 -3.047696 
  

-4.270409 1.104802 -3.082932
 -4.371251 0.978826 -3.093094 
  

-4.214000 1.169944 -3.070496
 -4.119189 1.277375 -3.046986 
  

0.267237 3.797456 -1.877840
 0.272502 3.801455 -1.880553 
  

-0.081249 3.544056 -1.718792
 -1.029349 3.794945 -2.991384 
  

0.267237 3.797456 -1.877840
 -0.081249 3.544056 -1.718792 
  

-0.768389 3.938272 -3.026283
 -0.965135 3.832127 -3.003443 
  

-1.029349 3.794945 -2.991384
 -0.987145 3.819556 -2.999623 
  

-0.965135 3.832127 -3.003443
 -0.987145 3.819556 -2.999623 
  

