8
2 5
0.082900 -0.028100 0.930000
0.065100 1.013200 1.051700
   
    
3 5
-0.080900 1.024800 0.908500
0.922400 0.958900 0.989200
   
    
4 5
0.976000 0.992700 0.949600
1.012900 -0.036600 0.934200
   
    
1 5
1.076800 -0.001900 1.063900
0.037100 0.019300 0.930700
   
    
0 2
-0.095800 -0.099700 0.097900
0.085500 0.969400 0.005800
   
    
0 3
0.045300 1.083900 -0.042700
0.943300 0.968100 -0.069300
   
    
0 4
0.909500 0.923000 0.043800
0.937300 0.032600 -0.098700
   
    
0 1
0.947900 -0.009800 -0.011000
0.044600 0.046700 0.031400
   
    
