-0.034548 0.034135 0.039866
 0.947069 0.000721 -0.024316 
  

0.041411 1.061552 0.009265
 -0.034548 0.034135 0.039866 
  

0.910684 0.988726 -0.046495
 0.041411 1.061552 0.009265 
  

0.947069 0.000721 -0.024316
 0.910684 0.988726 -0.046495 
  

-0.034548 0.034135 0.039866
 0.947069 0.000721 -0.024316 
  

0.030480 0.026866 0.945276
 -0.034548 0.034135 0.039866 
  

0.947069 0.000721 -0.024316
 1.010010 -0.007048 0.984042 
  

0.030480 0.026866 0.945276
 1.010010 -0.007048 0.984042 
  

0.041411 1.061552 0.009265
 -0.034548 0.034135 0.039866 
  

0.030480 0.026866 0.945276
 -0.034548 0.034135 0.039866 
  

0.041411 1.061552 0.009265
 0.107215 1.021090 0.960266 
  

0.030480 0.026866 0.945276
 0.107215 1.021090 0.960266 
  

0.910684 0.988726 -0.046495
 0.041411 1.061552 0.009265 
  

0.041411 1.061552 0.009265
 0.107215 1.021090 0.960266 
  

0.910684 0.988726 -0.046495
 0.976906 0.944949 0.994133 
  

0.107215 1.021090 0.960266
 0.976906 0.944949 0.994133 
  

0.947069 0.000721 -0.024316
 0.910684 0.988726 -0.046495 
  

0.947069 0.000721 -0.024316
 1.010010 -0.007048 0.984042 
  

0.910684 0.988726 -0.046495
 0.976906 0.944949 0.994133 
  

1.010010 -0.007048 0.984042
 0.976906 0.944949 0.994133 
  

0.030480 0.026866 0.945276
 1.010010 -0.007048 0.984042 
  

0.030480 0.026866 0.945276
 0.107215 1.021090 0.960266 
  

0.107215 1.021090 0.960266
 0.976906 0.944949 0.994133 
  

1.010010 -0.007048 0.984042
 0.976906 0.944949 0.994133 
  

