-0.135507 0.146655 -0.052579
 1.015927 0.076083 -0.022060 
  

-0.107955 1.065684 -0.016293
 -0.135507 0.146655 -0.052579 
  

0.968740 0.891221 0.008057
 -0.107955 1.065684 -0.016293 
  

1.015927 0.076083 -0.022060
 0.968740 0.891221 0.008057 
  

-0.135507 0.146655 -0.052579
 1.015927 0.076083 -0.022060 
  

-0.117333 0.109087 0.990162
 -0.135507 0.146655 -0.052579 
  

1.015927 0.076083 -0.022060
 1.003506 0.042994 0.945446 
  

-0.117333 0.109087 0.990162
 1.003506 0.042994 0.945446 
  

-0.107955 1.065684 -0.016293
 -0.135507 0.146655 -0.052579 
  

-0.117333 0.109087 0.990162
 -0.135507 0.146655 -0.052579 
  

-0.107955 1.065684 -0.016293
 -0.092419 1.002482 0.924288 
  

-0.117333 0.109087 0.990162
 -0.092419 1.002482 0.924288 
  

0.968740 0.891221 0.008057
 -0.107955 1.065684 -0.016293 
  

-0.107955 1.065684 -0.016293
 -0.092419 1.002482 0.924288 
  

0.968740 0.891221 0.008057
 0.958861 0.835889 0.889930 
  

-0.092419 1.002482 0.924288
 0.958861 0.835889 0.889930 
  

1.015927 0.076083 -0.022060
 0.968740 0.891221 0.008057 
  

1.015927 0.076083 -0.022060
 1.003506 0.042994 0.945446 
  

0.968740 0.891221 0.008057
 0.958861 0.835889 0.889930 
  

1.003506 0.042994 0.945446
 0.958861 0.835889 0.889930 
  

-0.117333 0.109087 0.990162
 1.003506 0.042994 0.945446 
  

-0.117333 0.109087 0.990162
 -0.092419 1.002482 0.924288 
  

-0.092419 1.002482 0.924288
 0.958861 0.835889 0.889930 
  

1.003506 0.042994 0.945446
 0.958861 0.835889 0.889930 
  

