0.007472 -0.083971 0.187481
 1.114394 0.045293 0.088948 
  

0.150466 1.093355 -0.059319
 0.007472 -0.083971 0.187481 
  

1.114065 0.876283 -0.078621
 0.150466 1.093355 -0.059319 
  

1.114394 0.045293 0.088948
 1.114065 0.876283 -0.078621 
  

0.007472 -0.083971 0.187481
 1.114394 0.045293 0.088948 
  

-0.128300 0.059815 1.064869
 0.007472 -0.083971 0.187481 
  

1.114394 0.045293 0.088948
 0.954872 0.205527 1.072642 
  

-0.128300 0.059815 1.064869
 0.954872 0.205527 1.072642 
  

0.150466 1.093355 -0.059319
 0.007472 -0.083971 0.187481 
  

-0.128300 0.059815 1.064869
 0.007472 -0.083971 0.187481 
  

0.150466 1.093355 -0.059319
 -0.028545 1.006125 0.956407 
  

-0.128300 0.059815 1.064869
 -0.028545 1.006125 0.956407 
  

1.114065 0.876283 -0.078621
 0.150466 1.093355 -0.059319 
  

0.150466 1.093355 -0.059319
 -0.028545 1.006125 0.956407 
  

1.114065 0.876283 -0.078621
 0.947074 0.777694 1.005502 
  

-0.028545 1.006125 0.956407
 0.947074 0.777694 1.005502 
  

1.114394 0.045293 0.088948
 1.114065 0.876283 -0.078621 
  

1.114394 0.045293 0.088948
 0.954872 0.205527 1.072642 
  

1.114065 0.876283 -0.078621
 0.947074 0.777694 1.005502 
  

0.954872 0.205527 1.072642
 0.947074 0.777694 1.005502 
  

-0.128300 0.059815 1.064869
 0.954872 0.205527 1.072642 
  

-0.128300 0.059815 1.064869
 -0.028545 1.006125 0.956407 
  

-0.028545 1.006125 0.956407
 0.947074 0.777694 1.005502 
  

0.954872 0.205527 1.072642
 0.947074 0.777694 1.005502 
  

