8
2 5
-0.011500 0.360500 1.447500
-0.149500 1.134500 1.259500
   
    
3 5
-0.022500 1.380000 1.331000
1.325500 1.424500 0.554500
   
    
4 5
0.927000 1.054500 1.332000
1.051000 -0.052500 1.369500
   
    
1 5
1.236500 0.437500 0.633000
-0.325000 -0.416000 1.224000
   
    
0 2
-0.234000 0.149000 0.399000
-0.163500 0.944500 -0.131500
   
    
0 3
-0.291500 0.998500 0.082500
0.988000 1.039000 0.375500
   
    
0 4
0.631500 0.804000 -0.076500
0.732500 0.467500 -0.459500
   
    
0 1
1.261000 -0.296000 0.436000
-0.331000 -0.020500 0.296000
   
    
