8
2 5
0.127750 -0.054750 0.760250
0.044250 1.233750 1.069750
   
    
3 5
-0.088250 0.873250 0.892000
0.769500 0.825750 0.953750
   
    
4 5
1.107750 0.814250 1.107500
0.798750 -0.018000 0.950750
   
    
1 5
1.120000 -0.051250 0.887500
0.130000 -0.027750 1.010000
   
    
0 2
0.129250 0.155750 0.067000
0.050250 0.991000 0.166000
   
    
0 3
-0.041750 0.859750 0.072500
0.823500 1.112500 -0.074500
   
    
0 4
0.912500 0.789500 -0.147750
1.233750 -0.031000 0.041750
   
    
0 1
0.910250 -0.147500 -0.010000
-0.091000 0.223250 0.135750
   
    
