0.154929 0.069169 0.122102
 1.005626 -0.036606 -0.036934 
  

0.055983 0.952063 0.072387
 0.154929 0.069169 0.122102 
  

0.950976 1.033808 -0.110054
 0.055983 0.952063 0.072387 
  

1.005626 -0.036606 -0.036934
 0.950976 1.033808 -0.110054 
  

0.154929 0.069169 0.122102
 1.005626 -0.036606 -0.036934 
  

0.153572 0.065314 0.883272
 0.154929 0.069169 0.122102 
  

1.005626 -0.036606 -0.036934
 0.973294 -0.037766 0.948874 
  

0.153572 0.065314 0.883272
 0.973294 -0.037766 0.948874 
  

0.055983 0.952063 0.072387
 0.154929 0.069169 0.122102 
  

0.153572 0.065314 0.883272
 0.154929 0.069169 0.122102 
  

0.055983 0.952063 0.072387
 0.073675 0.776221 0.939128 
  

0.153572 0.065314 0.883272
 0.073675 0.776221 0.939128 
  

0.950976 1.033808 -0.110054
 0.055983 0.952063 0.072387 
  

0.055983 0.952063 0.072387
 0.073675 0.776221 0.939128 
  

0.950976 1.033808 -0.110054
 0.926206 0.802328 1.019196 
  

0.073675 0.776221 0.939128
 0.926206 0.802328 1.019196 
  

1.005626 -0.036606 -0.036934
 0.950976 1.033808 -0.110054 
  

1.005626 -0.036606 -0.036934
 0.973294 -0.037766 0.948874 
  

0.950976 1.033808 -0.110054
 0.926206 0.802328 1.019196 
  

0.973294 -0.037766 0.948874
 0.926206 0.802328 1.019196 
  

0.153572 0.065314 0.883272
 0.973294 -0.037766 0.948874 
  

0.153572 0.065314 0.883272
 0.073675 0.776221 0.939128 
  

0.073675 0.776221 0.939128
 0.926206 0.802328 1.019196 
  

0.973294 -0.037766 0.948874
 0.926206 0.802328 1.019196 
  

