8
2 5
0.202500 0.129500 0.741500
0.271000 0.781500 1.111500
   
    
3 5
-0.018500 0.656500 0.673000
1.152000 0.586500 0.683000
   
    
4 5
0.662500 0.573500 1.058500
1.295500 -0.351000 1.239000
   
    
1 5
0.581000 0.354500 1.160500
0.059500 0.367000 1.406000
   
    
0 2
0.028500 -0.254500 0.274000
-0.224000 0.987500 0.097000
   
    
0 3
0.184000 0.702000 -0.114500
1.075500 1.029500 -0.371000
   
    
0 4
1.407000 1.047000 0.203500
0.779500 -0.160000 -0.308000
   
    
0 1
1.194000 -0.451500 0.145500
-0.126000 0.491000 -0.360500
   
    
