-0.099926 0.180159 0.045574
 1.124704 -0.139430 -0.084618 
  

-0.154934 0.744817 0.016324
 -0.099926 0.180159 0.045574 
  

1.089368 0.919164 -0.147791
 -0.154934 0.744817 0.016324 
  

1.124704 -0.139430 -0.084618
 1.089368 0.919164 -0.147791 
  

-0.099926 0.180159 0.045574
 1.124704 -0.139430 -0.084618 
  

0.234412 0.414274 0.980952
 -0.099926 0.180159 0.045574 
  

1.124704 -0.139430 -0.084618
 0.737448 0.283238 0.928200 
  

0.234412 0.414274 0.980952
 0.737448 0.283238 0.928200 
  

-0.154934 0.744817 0.016324
 -0.099926 0.180159 0.045574 
  

0.234412 0.414274 0.980952
 -0.099926 0.180159 0.045574 
  

-0.154934 0.744817 0.016324
 0.229803 0.586788 1.004373 
  

0.234412 0.414274 0.980952
 0.229803 0.586788 1.004373 
  

1.089368 0.919164 -0.147791
 -0.154934 0.744817 0.016324 
  

-0.154934 0.744817 0.016324
 0.229803 0.586788 1.004373 
  

1.089368 0.919164 -0.147791
 0.699234 0.645044 0.979317 
  

0.229803 0.586788 1.004373
 0.699234 0.645044 0.979317 
  

1.124704 -0.139430 -0.084618
 1.089368 0.919164 -0.147791 
  

1.124704 -0.139430 -0.084618
 0.737448 0.283238 0.928200 
  

1.089368 0.919164 -0.147791
 0.699234 0.645044 0.979317 
  

0.737448 0.283238 0.928200
 0.699234 0.645044 0.979317 
  

0.234412 0.414274 0.980952
 0.737448 0.283238 0.928200 
  

0.234412 0.414274 0.980952
 0.229803 0.586788 1.004373 
  

0.229803 0.586788 1.004373
 0.699234 0.645044 0.979317 
  

0.737448 0.283238 0.928200
 0.699234 0.645044 0.979317 
  

