8
2 5
-0.139750 0.186250 1.208250
0.200000 1.168500 1.116000
   
    
3 5
-0.221500 0.967750 1.055750
0.846000 0.813000 0.811500
   
    
4 5
1.079250 0.986750 1.185000
1.214250 0.127750 0.777500
   
    
1 5
1.127250 0.079000 1.055250
-0.167500 -0.062000 0.774500
   
    
0 2
-0.221250 0.080500 -0.039000
0.155250 0.992250 0.025750
   
    
0 3
0.212750 0.787000 0.122750
0.920250 0.904500 0.106500
   
    
0 4
0.760500 0.756250 0.140500
1.180500 -0.193750 -0.000250
   
    
0 1
0.828250 -0.071500 -0.153500
0.221250 -0.031000 -0.086750
   
    
