-0.122541 -0.214337 -0.058357
 0.775036 -0.131748 0.087525 
  

0.213562 1.218575 -0.073126
 -0.122541 -0.214337 -0.058357 
  

0.931709 1.113914 0.052045
 0.213562 1.218575 -0.073126 
  

0.775036 -0.131748 0.087525
 0.931709 1.113914 0.052045 
  

-0.122541 -0.214337 -0.058357
 0.775036 -0.131748 0.087525 
  

-0.178515 -0.191428 0.898663
 -0.122541 -0.214337 -0.058357 
  

0.775036 -0.131748 0.087525
 0.933977 -0.095436 0.860051 
  

-0.178515 -0.191428 0.898663
 0.933977 -0.095436 0.860051 
  

0.213562 1.218575 -0.073126
 -0.122541 -0.214337 -0.058357 
  

-0.178515 -0.191428 0.898663
 -0.122541 -0.214337 -0.058357 
  

0.213562 1.218575 -0.073126
 0.053772 0.850652 1.077375 
  

-0.178515 -0.191428 0.898663
 0.053772 0.850652 1.077375 
  

0.931709 1.113914 0.052045
 0.213562 1.218575 -0.073126 
  

0.213562 1.218575 -0.073126
 0.053772 0.850652 1.077375 
  

0.931709 1.113914 0.052045
 1.079831 0.781859 1.013013 
  

0.053772 0.850652 1.077375
 1.079831 0.781859 1.013013 
  

0.775036 -0.131748 0.087525
 0.931709 1.113914 0.052045 
  

0.775036 -0.131748 0.087525
 0.933977 -0.095436 0.860051 
  

0.931709 1.113914 0.052045
 1.079831 0.781859 1.013013 
  

0.933977 -0.095436 0.860051
 1.079831 0.781859 1.013013 
  

-0.178515 -0.191428 0.898663
 0.933977 -0.095436 0.860051 
  

-0.178515 -0.191428 0.898663
 0.053772 0.850652 1.077375 
  

0.053772 0.850652 1.077375
 1.079831 0.781859 1.013013 
  

0.933977 -0.095436 0.860051
 1.079831 0.781859 1.013013 
  

