-0.134047 0.028736 0.003938
 1.602858 -0.253334 -0.654990 
  

-0.175713 0.448099 0.233793
 -0.134047 0.028736 0.003938 
  

1.343435 0.561002 -0.155966
 -0.175713 0.448099 0.233793 
  

1.602858 -0.253334 -0.654990
 1.343435 0.561002 -0.155966 
  

-0.134047 0.028736 0.003938
 1.602858 -0.253334 -0.654990 
  

0.033653 -0.032569 0.887451
 -0.134047 0.028736 0.003938 
  

1.602858 -0.253334 -0.654990
 0.982222 -0.198772 0.865548 
  

0.033653 -0.032569 0.887451
 0.982222 -0.198772 0.865548 
  

-0.175713 0.448099 0.233793
 -0.134047 0.028736 0.003938 
  

0.033653 -0.032569 0.887451
 -0.134047 0.028736 0.003938 
  

-0.151841 0.940586 0.916883
 -0.175713 0.448099 0.233793 
  

0.033653 -0.032569 0.887451
 -0.151841 0.940586 0.916883 
  

1.343435 0.561002 -0.155966
 -0.175713 0.448099 0.233793 
  

-0.151841 0.940586 0.916883
 -0.175713 0.448099 0.233793 
  

1.343435 0.561002 -0.155966
 0.868773 1.194328 0.904881 
  

-0.151841 0.940586 0.916883
 0.868773 1.194328 0.904881 
  

1.602858 -0.253334 -0.654990
 1.343435 0.561002 -0.155966 
  

1.602858 -0.253334 -0.654990
 0.982222 -0.198772 0.865548 
  

1.343435 0.561002 -0.155966
 0.868773 1.194328 0.904881 
  

0.982222 -0.198772 0.865548
 0.868773 1.194328 0.904881 
  

0.033653 -0.032569 0.887451
 0.982222 -0.198772 0.865548 
  

0.033653 -0.032569 0.887451
 -0.151841 0.940586 0.916883 
  

-0.151841 0.940586 0.916883
 0.868773 1.194328 0.904881 
  

0.982222 -0.198772 0.865548
 0.868773 1.194328 0.904881 
  

