8
2 5
-0.184000 -0.077250 0.764250
0.189500 0.946250 0.938750
   
    
3 5
-0.200500 0.828000 1.148000
1.179250 1.176250 1.236000
   
    
4 5
1.095750 1.214000 1.181000
0.916250 0.035000 0.821750
   
    
1 5
0.922500 -0.208750 1.213500
0.148500 -0.210250 1.180750
   
    
0 2
-0.007500 0.036750 -0.154000
0.231250 0.967750 -0.091750
   
    
0 3
-0.003000 0.952000 0.005750
0.927750 1.203000 0.186250
   
    
0 4
1.194000 0.906000 -0.219250
0.983500 -0.215250 -0.178750
   
    
0 1
1.090250 -0.087500 -0.107500
-0.063250 0.154500 -0.106000
   
    
