8
2 5
-0.064500 -0.466500 1.487500
0.193500 0.731500 1.256000
   
    
3 5
0.334500 1.448500 0.909000
1.308500 1.483000 0.576000
   
    
4 5
0.708000 0.893500 0.587500
0.735500 0.192000 0.789500
   
    
1 5
1.106500 -0.421500 1.108500
-0.059500 0.132500 0.503500
   
    
0 2
0.365000 0.403500 -0.400000
0.327000 1.117000 -0.021500
   
    
0 3
0.391000 1.364500 -0.064500
1.229000 1.326500 0.365000
   
    
0 4
0.653500 1.307000 -0.253500
1.482500 -0.202000 0.205000
   
    
0 1
0.691500 -0.196500 -0.348500
-0.157500 -0.237500 0.051000
   
    
