0.279505 -0.153644 -0.348504
 1.268352 -0.325665 -0.185021 
  

0.362344 1.334671 -0.050052
 0.279505 -0.153644 -0.348504 
  

0.925200 1.356017 0.065602
 0.362344 1.334671 -0.050052 
  

1.268352 -0.325665 -0.185021
 0.925200 1.356017 0.065602 
  

0.279505 -0.153644 -0.348504
 1.268352 -0.325665 -0.185021 
  

-0.004257 -0.019954 1.111525
 0.279505 -0.153644 -0.348504 
  

1.268352 -0.325665 -0.185021
 0.866466 -0.192514 0.878619 
  

-0.004257 -0.019954 1.111525
 0.866466 -0.192514 0.878619 
  

0.362344 1.334671 -0.050052
 0.279505 -0.153644 -0.348504 
  

-0.004257 -0.019954 1.111525
 0.279505 -0.153644 -0.348504 
  

0.362344 1.334671 -0.050052
 0.169700 1.391604 0.925103 
  

-0.004257 -0.019954 1.111525
 0.169700 1.391604 0.925103 
  

0.925200 1.356017 0.065602
 0.362344 1.334671 -0.050052 
  

0.362344 1.334671 -0.050052
 0.169700 1.391604 0.925103 
  

0.925200 1.356017 0.065602
 0.661516 1.394913 0.783800 
  

0.169700 1.391604 0.925103
 0.661516 1.394913 0.783800 
  

1.268352 -0.325665 -0.185021
 0.925200 1.356017 0.065602 
  

1.268352 -0.325665 -0.185021
 0.866466 -0.192514 0.878619 
  

0.925200 1.356017 0.065602
 0.661516 1.394913 0.783800 
  

0.866466 -0.192514 0.878619
 0.661516 1.394913 0.783800 
  

-0.004257 -0.019954 1.111525
 0.866466 -0.192514 0.878619 
  

-0.004257 -0.019954 1.111525
 0.169700 1.391604 0.925103 
  

0.169700 1.391604 0.925103
 0.661516 1.394913 0.783800 
  

0.866466 -0.192514 0.878619
 0.661516 1.394913 0.783800 
  

