0.024104 0.108007 -0.093416
 0.818952 -0.027245 -0.083080 
  

0.074229 0.952271 0.000164
 0.024104 0.108007 -0.093416 
  

1.067623 0.979763 0.034496
 0.074229 0.952271 0.000164 
  

0.818952 -0.027245 -0.083080
 1.067623 0.979763 0.034496 
  

0.024104 0.108007 -0.093416
 0.818952 -0.027245 -0.083080 
  

0.218289 -0.082757 0.924288
 0.024104 0.108007 -0.093416 
  

0.818952 -0.027245 -0.083080
 0.764685 -0.183668 0.982469 
  

0.218289 -0.082757 0.924288
 0.764685 -0.183668 0.982469 
  

0.074229 0.952271 0.000164
 0.024104 0.108007 -0.093416 
  

0.218289 -0.082757 0.924288
 0.024104 0.108007 -0.093416 
  

0.264142 1.014016 0.948482
 0.074229 0.952271 0.000164 
  

0.218289 -0.082757 0.924288
 0.264142 1.014016 0.948482 
  

1.067623 0.979763 0.034496
 0.074229 0.952271 0.000164 
  

0.264142 1.014016 0.948482
 0.074229 0.952271 0.000164 
  

1.067623 0.979763 0.034496
 1.068109 1.039916 1.037136 
  

0.264142 1.014016 0.948482
 1.068109 1.039916 1.037136 
  

0.818952 -0.027245 -0.083080
 1.067623 0.979763 0.034496 
  

0.818952 -0.027245 -0.083080
 0.764685 -0.183668 0.982469 
  

1.067623 0.979763 0.034496
 1.068109 1.039916 1.037136 
  

0.764685 -0.183668 0.982469
 1.068109 1.039916 1.037136 
  

0.218289 -0.082757 0.924288
 0.764685 -0.183668 0.982469 
  

0.218289 -0.082757 0.924288
 0.264142 1.014016 0.948482 
  

0.264142 1.014016 0.948482
 1.068109 1.039916 1.037136 
  

0.764685 -0.183668 0.982469
 1.068109 1.039916 1.037136 
  

