8
2 5
0.085750 0.074500 1.231250
-0.096250 0.966500 0.899000
   
    
3 5
0.214750 0.883000 1.081750
0.868500 1.183250 0.917000
   
    
4 5
0.962250 0.831750 1.233250
1.120000 -0.189000 0.805750
   
    
1 5
1.167750 -0.107750 1.145250
0.182000 -0.037750 1.010750
   
    
0 2
-0.134750 -0.123250 -0.113250
0.149250 0.914000 -0.116500
   
    
0 3
-0.038500 0.857250 0.200000
0.799250 1.160000 0.001750
   
    
0 4
0.822750 0.834750 0.151750
0.986750 0.038500 0.030250
   
    
0 1
0.835250 0.129250 0.246500
0.091750 0.210250 -0.044250
   
    
