0.054331 0.238801 -0.057239
 0.919463 0.134993 0.136912 
  

0.104531 0.909901 -0.016313
 0.054331 0.238801 -0.057239 
  

0.722701 1.133931 0.135478
 0.104531 0.909901 -0.016313 
  

0.919463 0.134993 0.136912
 0.722701 1.133931 0.135478 
  

0.054331 0.238801 -0.057239
 0.919463 0.134993 0.136912 
  

-0.015096 0.050256 1.067933
 0.054331 0.238801 -0.057239 
  

1.069909 -0.031306 1.029661
 0.919463 0.134993 0.136912 
  

-0.015096 0.050256 1.067933
 1.069909 -0.031306 1.029661 
  

0.104531 0.909901 -0.016313
 0.054331 0.238801 -0.057239 
  

-0.015096 0.050256 1.067933
 0.054331 0.238801 -0.057239 
  

0.036548 0.737023 1.104246
 0.104531 0.909901 -0.016313 
  

-0.015096 0.050256 1.067933
 0.036548 0.737023 1.104246 
  

0.722701 1.133931 0.135478
 0.104531 0.909901 -0.016313 
  

0.036548 0.737023 1.104246
 0.104531 0.909901 -0.016313 
  

0.863184 1.064061 1.096577
 0.722701 1.133931 0.135478 
  

0.036548 0.737023 1.104246
 0.863184 1.064061 1.096577 
  

0.919463 0.134993 0.136912
 0.722701 1.133931 0.135478 
  

1.069909 -0.031306 1.029661
 0.919463 0.134993 0.136912 
  

0.863184 1.064061 1.096577
 0.722701 1.133931 0.135478 
  

1.069909 -0.031306 1.029661
 0.863184 1.064061 1.096577 
  

-0.015096 0.050256 1.067933
 1.069909 -0.031306 1.029661 
  

-0.015096 0.050256 1.067933
 0.036548 0.737023 1.104246 
  

0.036548 0.737023 1.104246
 0.863184 1.064061 1.096577 
  

1.069909 -0.031306 1.029661
 0.863184 1.064061 1.096577 
  

