-0.091679 -0.193054 0.126387
 1.060817 -0.027946 0.025741 
  

0.233782 1.089765 0.112935
 -0.091679 -0.193054 0.126387 
  

1.141027 1.144559 0.032796
 0.233782 1.089765 0.112935 
  

1.060817 -0.027946 0.025741
 1.141027 1.144559 0.032796 
  

-0.091679 -0.193054 0.126387
 1.060817 -0.027946 0.025741 
  

-0.142715 0.012189 1.004494
 -0.091679 -0.193054 0.126387 
  

1.060817 -0.027946 0.025741
 0.948481 0.165727 0.897739 
  

-0.142715 0.012189 1.004494
 0.948481 0.165727 0.897739 
  

0.233782 1.089765 0.112935
 -0.091679 -0.193054 0.126387 
  

-0.142715 0.012189 1.004494
 -0.091679 -0.193054 0.126387 
  

0.233782 1.089765 0.112935
 0.124914 1.054279 0.965881 
  

-0.142715 0.012189 1.004494
 0.124914 1.054279 0.965881 
  

1.141027 1.144559 0.032796
 0.233782 1.089765 0.112935 
  

0.233782 1.089765 0.112935
 0.124914 1.054279 0.965881 
  

1.141027 1.144559 0.032796
 1.016408 1.108382 0.879546 
  

0.124914 1.054279 0.965881
 1.016408 1.108382 0.879546 
  

1.060817 -0.027946 0.025741
 1.141027 1.144559 0.032796 
  

1.060817 -0.027946 0.025741
 0.948481 0.165727 0.897739 
  

1.141027 1.144559 0.032796
 1.016408 1.108382 0.879546 
  

0.948481 0.165727 0.897739
 1.016408 1.108382 0.879546 
  

-0.142715 0.012189 1.004494
 0.948481 0.165727 0.897739 
  

-0.142715 0.012189 1.004494
 0.124914 1.054279 0.965881 
  

0.124914 1.054279 0.965881
 1.016408 1.108382 0.879546 
  

0.948481 0.165727 0.897739
 1.016408 1.108382 0.879546 
  

