8
2 5
0.084900 -0.036600 0.935600
0.094600 1.012900 1.084300
   
    
3 5
-0.040200 0.972500 0.949600
0.973600 0.958200 1.000100
   
    
4 5
0.977800 0.906700 1.045100
0.977800 -0.013800 0.955600
   
    
1 5
1.039600 0.090500 1.039200
0.068900 0.096100 1.077600
   
    
0 2
0.054800 -0.007800 -0.047500
0.048900 1.078800 -0.057800
   
    
0 3
-0.044800 1.022900 -0.036500
0.958300 0.913200 0.019500
   
    
0 4
1.094900 1.051800 0.065600
1.066900 -0.024900 0.033300
   
    
0 1
1.011000 0.085300 0.045700
0.068300 0.098000 -0.060800
   
    
