-0.026976 -0.085569 0.005889
 1.000202 -0.022983 -0.003376 
  

0.000204 1.000764 0.042947
 -0.026976 -0.085569 0.005889 
  

1.002332 0.967420 0.030661
 0.000204 1.000764 0.042947 
  

1.000202 -0.022983 -0.003376
 1.002332 0.967420 0.030661 
  

-0.026976 -0.085569 0.005889
 1.000202 -0.022983 -0.003376 
  

0.005209 -0.078091 1.053853
 -0.026976 -0.085569 0.005889 
  

1.000202 -0.022983 -0.003376
 0.949664 -0.020789 0.999113 
  

0.005209 -0.078091 1.053853
 0.949664 -0.020789 0.999113 
  

0.000204 1.000764 0.042947
 -0.026976 -0.085569 0.005889 
  

0.005209 -0.078091 1.053853
 -0.026976 -0.085569 0.005889 
  

0.030834 1.045088 1.011093
 0.000204 1.000764 0.042947 
  

0.005209 -0.078091 1.053853
 0.030834 1.045088 1.011093 
  

1.002332 0.967420 0.030661
 0.000204 1.000764 0.042947 
  

0.030834 1.045088 1.011093
 0.000204 1.000764 0.042947 
  

1.002332 0.967420 0.030661
 0.955610 1.012491 0.960758 
  

0.030834 1.045088 1.011093
 0.955610 1.012491 0.960758 
  

1.000202 -0.022983 -0.003376
 1.002332 0.967420 0.030661 
  

1.000202 -0.022983 -0.003376
 0.949664 -0.020789 0.999113 
  

1.002332 0.967420 0.030661
 0.955610 1.012491 0.960758 
  

0.949664 -0.020789 0.999113
 0.955610 1.012491 0.960758 
  

0.005209 -0.078091 1.053853
 0.949664 -0.020789 0.999113 
  

0.005209 -0.078091 1.053853
 0.030834 1.045088 1.011093 
  

0.030834 1.045088 1.011093
 0.955610 1.012491 0.960758 
  

0.949664 -0.020789 0.999113
 0.955610 1.012491 0.960758 
  

