8
2 5
-0.067000 -0.273500 1.396500
0.338500 1.286500 0.812000
   
    
3 5
0.000500 0.724000 0.992500
1.107000 0.765000 1.374500
   
    
4 5
1.131500 0.723500 0.671000
1.254000 -0.001500 1.046000
   
    
1 5
1.097000 -0.327500 1.187000
-0.438000 0.092000 0.640000
   
    
0 2
0.018500 -0.326500 0.074500
0.048000 1.089000 -0.206000
   
    
0 3
-0.090000 1.276500 0.164500
1.279000 0.527000 0.411000
   
    
0 4
0.873000 0.973500 -0.404500
1.187000 0.454000 -0.441500
   
    
0 1
1.376000 -0.496000 0.230500
0.382500 0.314500 -0.392000
   
    
