8
2 5
0.106750 0.205500 1.037750
-0.155000 1.017250 0.779500
   
    
3 5
-0.213750 1.014750 0.926750
0.892750 1.222000 1.158500
   
    
4 5
0.802000 1.191000 1.045750
1.219750 -0.053750 0.872250
   
    
1 5
1.068750 0.186000 0.806750
-0.069750 -0.164250 0.960750
   
    
0 2
-0.049500 0.113000 -0.160000
0.180500 1.206500 0.091750
   
    
0 3
0.155750 1.140500 -0.172500
0.940250 0.773500 0.063000
   
    
0 4
1.241250 0.886500 -0.178000
0.790750 0.087750 0.146500
   
    
0 1
1.010000 -0.070500 0.067750
-0.084750 -0.073500 -0.178750
   
    
