8
2 5
0.193750 -0.131500 0.832500
0.236250 1.157500 1.024000
   
    
3 5
-0.249000 0.756500 0.803000
1.058750 1.175000 0.983500
   
    
4 5
1.184750 0.951500 1.106250
0.805500 0.104000 0.965500
   
    
1 5
1.030750 -0.107500 1.020750
-0.052000 -0.195000 1.027500
   
    
0 2
-0.038000 -0.086250 -0.161500
0.081750 1.162000 -0.152750
   
    
0 3
-0.032250 1.037250 0.108000
0.930500 0.961500 0.024000
   
    
0 4
0.956000 0.776750 0.063500
0.958000 -0.182000 -0.128500
   
    
0 1
1.072250 -0.202500 -0.198000
0.068500 0.150500 0.045000
   
    
