0.201992 -0.164386 -0.178570
 1.195971 -0.260061 -0.116534 
  

0.025685 1.011296 0.099913
 0.201992 -0.164386 -0.178570 
  

1.095984 1.072338 0.207701
 0.025685 1.011296 0.099913 
  

1.195971 -0.260061 -0.116534
 1.095984 1.072338 0.207701 
  

0.201992 -0.164386 -0.178570
 1.195971 -0.260061 -0.116534 
  

-0.120503 0.156599 1.018957
 0.201992 -0.164386 -0.178570 
  

1.195971 -0.260061 -0.116534
 0.871016 0.074257 1.135840 
  

-0.120503 0.156599 1.018957
 0.871016 0.074257 1.135840 
  

0.025685 1.011296 0.099913
 0.201992 -0.164386 -0.178570 
  

-0.120503 0.156599 1.018957
 0.201992 -0.164386 -0.178570 
  

0.025685 1.011296 0.099913
 -0.164165 0.986316 0.885354 
  

-0.120503 0.156599 1.018957
 -0.164165 0.986316 0.885354 
  

1.095984 1.072338 0.207701
 0.025685 1.011296 0.099913 
  

0.025685 1.011296 0.099913
 -0.164165 0.986316 0.885354 
  

1.095984 1.072338 0.207701
 0.896676 1.046905 0.987288 
  

-0.164165 0.986316 0.885354
 0.896676 1.046905 0.987288 
  

1.195971 -0.260061 -0.116534
 1.095984 1.072338 0.207701 
  

1.195971 -0.260061 -0.116534
 0.871016 0.074257 1.135840 
  

1.095984 1.072338 0.207701
 0.896676 1.046905 0.987288 
  

0.871016 0.074257 1.135840
 0.896676 1.046905 0.987288 
  

-0.120503 0.156599 1.018957
 0.871016 0.074257 1.135840 
  

-0.120503 0.156599 1.018957
 -0.164165 0.986316 0.885354 
  

-0.164165 0.986316 0.885354
 0.896676 1.046905 0.987288 
  

0.871016 0.074257 1.135840
 0.896676 1.046905 0.987288 
  

