8
2 5
-0.472500 -0.363000 1.049000
-0.089000 1.268500 0.519500
   
    
3 5
0.477500 1.311500 1.242500
1.067000 1.163000 0.997500
   
    
4 5
0.630000 0.740500 1.186500
1.286000 -0.012000 1.482500
   
    
1 5
0.739500 0.375000 1.047500
0.423000 0.328000 1.343500
   
    
0 2
0.257500 0.240000 0.336500
-0.419500 0.587000 -0.458500
   
    
0 3
0.424000 0.770000 -0.493500
1.140000 1.135000 -0.018500
   
    
0 4
0.509000 1.075000 0.034000
1.003500 0.276000 0.343500
   
    
0 1
1.356000 -0.154000 0.066500
0.383500 0.151500 0.290500
   
    
