-0.163721 0.044552 0.096764
 1.112373 0.139778 0.361020 
  

-0.268189 0.880956 -0.388592
 -0.163721 0.044552 0.096764 
  

0.633471 0.939343 -0.196988
 -0.268189 0.880956 -0.388592 
  

1.112373 0.139778 0.361020
 0.633471 0.939343 -0.196988 
  

-0.163721 0.044552 0.096764
 1.112373 0.139778 0.361020 
  

-0.225714 0.274202 1.091835
 -0.163721 0.044552 0.096764 
  

1.112373 0.139778 0.361020
 0.973094 0.339894 1.237832 
  

-0.225714 0.274202 1.091835
 0.973094 0.339894 1.237832 
  

-0.268189 0.880956 -0.388592
 -0.163721 0.044552 0.096764 
  

-0.225714 0.274202 1.091835
 -0.163721 0.044552 0.096764 
  

-0.353499 1.198266 0.974598
 -0.268189 0.880956 -0.388592 
  

-0.225714 0.274202 1.091835
 -0.353499 1.198266 0.974598 
  

0.633471 0.939343 -0.196988
 -0.268189 0.880956 -0.388592 
  

-0.353499 1.198266 0.974598
 -0.268189 0.880956 -0.388592 
  

0.633471 0.939343 -0.196988
 0.429694 1.232596 1.070917 
  

-0.353499 1.198266 0.974598
 0.429694 1.232596 1.070917 
  

1.112373 0.139778 0.361020
 0.633471 0.939343 -0.196988 
  

1.112373 0.139778 0.361020
 0.973094 0.339894 1.237832 
  

0.633471 0.939343 -0.196988
 0.429694 1.232596 1.070917 
  

0.973094 0.339894 1.237832
 0.429694 1.232596 1.070917 
  

-0.225714 0.274202 1.091835
 0.973094 0.339894 1.237832 
  

-0.225714 0.274202 1.091835
 -0.353499 1.198266 0.974598 
  

-0.353499 1.198266 0.974598
 0.429694 1.232596 1.070917 
  

0.973094 0.339894 1.237832
 0.429694 1.232596 1.070917 
  

