8
2 5
-0.090500 0.066000 0.966000
-0.099500 0.946250 0.805750
   
    
3 5
0.232750 0.989500 1.245750
1.197000 1.025750 1.175250
   
    
4 5
0.891000 1.226250 1.078500
1.123750 0.133000 0.817000
   
    
1 5
0.753500 -0.211000 0.762750
0.248750 -0.197750 1.156750
   
    
0 2
-0.083000 0.131250 -0.020500
-0.049000 0.860750 0.041750
   
    
0 3
0.245500 1.155500 0.038250
1.112000 1.023500 0.070750
   
    
0 4
1.024250 1.100500 -0.018500
0.982750 0.111750 -0.072750
   
    
0 1
1.003250 -0.120250 0.208500
0.138750 -0.077500 0.110000
   
    
