-0.078760 -0.055312 0.047691
 1.051631 -0.125007 0.057678 
  

-0.036651 1.135851 0.021276
 -0.078760 -0.055312 0.047691 
  

0.961794 1.083057 0.029901
 -0.036651 1.135851 0.021276 
  

1.051631 -0.125007 0.057678
 0.961794 1.083057 0.029901 
  

-0.078760 -0.055312 0.047691
 1.051631 -0.125007 0.057678 
  

-0.088333 -0.149915 0.981542
 -0.078760 -0.055312 0.047691 
  

1.082677 -0.204742 0.821453
 1.051631 -0.125007 0.057678 
  

-0.088333 -0.149915 0.981542
 1.082677 -0.204742 0.821453 
  

-0.036651 1.135851 0.021276
 -0.078760 -0.055312 0.047691 
  

-0.088333 -0.149915 0.981542
 -0.078760 -0.055312 0.047691 
  

-0.047552 1.039121 1.142641
 -0.036651 1.135851 0.021276 
  

-0.088333 -0.149915 0.981542
 -0.047552 1.039121 1.142641 
  

0.961794 1.083057 0.029901
 -0.036651 1.135851 0.021276 
  

-0.047552 1.039121 1.142641
 -0.036651 1.135851 0.021276 
  

1.000129 0.996854 1.000362
 0.961794 1.083057 0.029901 
  

-0.047552 1.039121 1.142641
 1.000129 0.996854 1.000362 
  

1.051631 -0.125007 0.057678
 0.961794 1.083057 0.029901 
  

1.082677 -0.204742 0.821453
 1.051631 -0.125007 0.057678 
  

1.000129 0.996854 1.000362
 0.961794 1.083057 0.029901 
  

1.082677 -0.204742 0.821453
 1.000129 0.996854 1.000362 
  

-0.088333 -0.149915 0.981542
 1.082677 -0.204742 0.821453 
  

-0.088333 -0.149915 0.981542
 -0.047552 1.039121 1.142641 
  

-0.047552 1.039121 1.142641
 1.000129 0.996854 1.000362 
  

1.082677 -0.204742 0.821453
 1.000129 0.996854 1.000362 
  

