8
2 5
0.067500 0.033500 0.644000
-0.207000 0.985000 1.158500
   
    
3 5
0.339500 0.632500 1.237000
0.623000 0.838000 1.461000
   
    
4 5
1.335000 0.576000 0.566000
0.877500 -0.320000 1.013500
   
    
1 5
0.766000 -0.381500 1.429000
-0.233000 -0.208500 1.467500
   
    
0 2
0.083000 -0.363500 0.472500
0.083500 0.703000 -0.484500
   
    
0 3
0.144000 0.825000 -0.278000
0.631000 0.893500 0.162000
   
    
0 4
1.023500 1.488000 -0.484500
1.483000 -0.267000 -0.094000
   
    
0 1
1.376500 0.043000 -0.374500
0.105000 0.223500 0.155500
   
    
