0.114871 0.190319 -0.054115
 1.222838 0.070524 -0.030021 
  

0.044429 0.802851 -0.236975
 0.114871 0.190319 -0.054115 
  

1.301790 0.862075 -0.268138
 0.044429 0.802851 -0.236975 
  

1.222838 0.070524 -0.030021
 1.301790 0.862075 -0.268138 
  

0.114871 0.190319 -0.054115
 1.222838 0.070524 -0.030021 
  

0.026362 -0.335345 1.306811
 0.114871 0.190319 -0.054115 
  

1.143650 -0.408211 1.209046
 1.222838 0.070524 -0.030021 
  

0.026362 -0.335345 1.306811
 1.143650 -0.408211 1.209046 
  

0.044429 0.802851 -0.236975
 0.114871 0.190319 -0.054115 
  

0.026362 -0.335345 1.306811
 0.114871 0.190319 -0.054115 
  

-0.077710 0.547171 1.064218
 0.044429 0.802851 -0.236975 
  

0.026362 -0.335345 1.306811
 -0.077710 0.547171 1.064218 
  

1.301790 0.862075 -0.268138
 0.044429 0.802851 -0.236975 
  

-0.077710 0.547171 1.064218
 0.044429 0.802851 -0.236975 
  

1.247645 0.635258 0.898085
 1.301790 0.862075 -0.268138 
  

-0.077710 0.547171 1.064218
 1.247645 0.635258 0.898085 
  

1.222838 0.070524 -0.030021
 1.301790 0.862075 -0.268138 
  

1.143650 -0.408211 1.209046
 1.222838 0.070524 -0.030021 
  

1.247645 0.635258 0.898085
 1.301790 0.862075 -0.268138 
  

1.143650 -0.408211 1.209046
 1.247645 0.635258 0.898085 
  

0.026362 -0.335345 1.306811
 1.143650 -0.408211 1.209046 
  

0.026362 -0.335345 1.306811
 -0.077710 0.547171 1.064218 
  

-0.077710 0.547171 1.064218
 1.247645 0.635258 0.898085 
  

1.143650 -0.408211 1.209046
 1.247645 0.635258 0.898085 
  

