8
2 5
0.036400 -0.003500 1.084000
-0.062800 0.995500 0.979600
   
    
3 5
-0.001400 1.056900 0.949300
0.995400 1.087000 0.995800
   
    
4 5
0.949400 1.073500 1.052000
0.996700 -0.042600 0.913100
   
    
1 5
0.984900 0.097700 0.915700
0.098800 -0.028600 1.003800
   
    
0 2
-0.017900 0.041600 0.086700
-0.006600 1.072900 -0.089100
   
    
0 3
-0.054400 1.028600 0.068200
0.937300 1.090900 0.025100
   
    
0 4
0.937500 0.922500 -0.053700
1.093500 0.049800 0.047700
   
    
0 1
1.045200 -0.072900 -0.005900
-0.094700 0.043500 0.037600
   
    
