0.014234 -0.020558 0.059259
 1.057713 -0.005642 0.028064 
  

-0.030704 1.026260 0.001660
 0.014234 -0.020558 0.059259 
  

0.946340 1.073106 -0.029399
 -0.030704 1.026260 0.001660 
  

1.057713 -0.005642 0.028064
 0.946340 1.073106 -0.029399 
  

0.014234 -0.020558 0.059259
 1.057713 -0.005642 0.028064 
  

0.010169 0.031813 0.999549
 0.014234 -0.020558 0.059259 
  

1.057713 -0.005642 0.028064
 1.020331 0.045953 0.963977 
  

0.010169 0.031813 0.999549
 1.020331 0.045953 0.963977 
  

-0.030704 1.026260 0.001660
 0.014234 -0.020558 0.059259 
  

0.010169 0.031813 0.999549
 0.014234 -0.020558 0.059259 
  

-0.030704 1.026260 0.001660
 -0.033196 1.039082 1.008908 
  

0.010169 0.031813 0.999549
 -0.033196 1.039082 1.008908 
  

0.946340 1.073106 -0.029399
 -0.030704 1.026260 0.001660 
  

-0.030704 1.026260 0.001660
 -0.033196 1.039082 1.008908 
  

0.946340 1.073106 -0.029399
 0.910832 1.084306 0.975914 
  

-0.033196 1.039082 1.008908
 0.910832 1.084306 0.975914 
  

1.057713 -0.005642 0.028064
 0.946340 1.073106 -0.029399 
  

1.057713 -0.005642 0.028064
 1.020331 0.045953 0.963977 
  

0.946340 1.073106 -0.029399
 0.910832 1.084306 0.975914 
  

1.020331 0.045953 0.963977
 0.910832 1.084306 0.975914 
  

0.010169 0.031813 0.999549
 1.020331 0.045953 0.963977 
  

0.010169 0.031813 0.999549
 -0.033196 1.039082 1.008908 
  

-0.033196 1.039082 1.008908
 0.910832 1.084306 0.975914 
  

1.020331 0.045953 0.963977
 0.910832 1.084306 0.975914 
  

