-0.032691 0.057469 -0.017336
 1.070012 0.026227 -0.017778 
  

0.037736 1.008274 0.000508
 -0.032691 0.057469 -0.017336 
  

0.968457 1.005468 0.000577
 0.037736 1.008274 0.000508 
  

1.070012 0.026227 -0.017778
 0.968457 1.005468 0.000577 
  

-0.032691 0.057469 -0.017336
 1.070012 0.026227 -0.017778 
  

-0.024713 0.051225 1.008198
 -0.032691 0.057469 -0.017336 
  

1.070012 0.026227 -0.017778
 1.012306 0.021577 1.053284 
  

-0.024713 0.051225 1.008198
 1.012306 0.021577 1.053284 
  

0.037736 1.008274 0.000508
 -0.032691 0.057469 -0.017336 
  

-0.024713 0.051225 1.008198
 -0.032691 0.057469 -0.017336 
  

0.045215 0.994341 1.034359
 0.037736 1.008274 0.000508 
  

-0.024713 0.051225 1.008198
 0.045215 0.994341 1.034359 
  

0.968457 1.005468 0.000577
 0.037736 1.008274 0.000508 
  

0.045215 0.994341 1.034359
 0.037736 1.008274 0.000508 
  

0.968457 1.005468 0.000577
 0.911687 0.991216 1.072560 
  

0.045215 0.994341 1.034359
 0.911687 0.991216 1.072560 
  

1.070012 0.026227 -0.017778
 0.968457 1.005468 0.000577 
  

1.070012 0.026227 -0.017778
 1.012306 0.021577 1.053284 
  

0.968457 1.005468 0.000577
 0.911687 0.991216 1.072560 
  

1.012306 0.021577 1.053284
 0.911687 0.991216 1.072560 
  

-0.024713 0.051225 1.008198
 1.012306 0.021577 1.053284 
  

-0.024713 0.051225 1.008198
 0.045215 0.994341 1.034359 
  

0.045215 0.994341 1.034359
 0.911687 0.991216 1.072560 
  

1.012306 0.021577 1.053284
 0.911687 0.991216 1.072560 
  

