8
2 5
0.010700 -0.004700 0.965100
0.076500 1.013400 1.097900
   
    
3 5
-0.016500 0.989600 0.946600
0.932800 1.043700 1.046300
   
    
4 5
0.926700 0.980900 1.061700
0.958100 -0.031900 0.939900
   
    
1 5
0.943200 0.017300 0.970100
-0.013700 -0.030600 0.902400
   
    
0 2
0.054000 -0.065900 -0.030200
-0.046800 1.096600 0.008700
   
    
0 3
-0.006900 1.013300 0.081700
1.050600 0.969700 -0.091400
   
    
0 4
1.091500 1.032600 0.072900
0.998700 0.076700 0.050700
   
    
0 1
0.927000 -0.016900 -0.020200
-0.068300 0.041000 0.057100
   
    
