0.011815 0.014589 0.025123
 1.016001 0.003167 -0.000065 
  

0.006774 0.985090 0.028565
 0.011815 0.014589 0.025123 
  

1.045895 0.988895 0.002554
 0.006774 0.985090 0.028565 
  

1.016001 0.003167 -0.000065
 1.045895 0.988895 0.002554 
  

0.011815 0.014589 0.025123
 1.016001 0.003167 -0.000065 
  

0.051760 0.001673 0.932866
 0.011815 0.014589 0.025123 
  

1.016001 0.003167 -0.000065
 0.927526 -0.008926 0.957438 
  

0.051760 0.001673 0.932866
 0.927526 -0.008926 0.957438 
  

0.006774 0.985090 0.028565
 0.011815 0.014589 0.025123 
  

0.051760 0.001673 0.932866
 0.011815 0.014589 0.025123 
  

0.050570 1.010978 1.028705
 0.006774 0.985090 0.028565 
  

0.051760 0.001673 0.932866
 0.050570 1.010978 1.028705 
  

1.045895 0.988895 0.002554
 0.006774 0.985090 0.028565 
  

0.050570 1.010978 1.028705
 0.006774 0.985090 0.028565 
  

1.045895 0.988895 0.002554
 0.949831 1.015535 1.055403 
  

0.050570 1.010978 1.028705
 0.949831 1.015535 1.055403 
  

1.016001 0.003167 -0.000065
 1.045895 0.988895 0.002554 
  

1.016001 0.003167 -0.000065
 0.927526 -0.008926 0.957438 
  

1.045895 0.988895 0.002554
 0.949831 1.015535 1.055403 
  

0.927526 -0.008926 0.957438
 0.949831 1.015535 1.055403 
  

0.051760 0.001673 0.932866
 0.927526 -0.008926 0.957438 
  

0.051760 0.001673 0.932866
 0.050570 1.010978 1.028705 
  

0.050570 1.010978 1.028705
 0.949831 1.015535 1.055403 
  

0.927526 -0.008926 0.957438
 0.949831 1.015535 1.055403 
  

