-0.289993 -0.338557 -0.166705
 1.192632 -0.264537 0.087284 
  

0.191330 1.084986 -0.211851
 -0.289993 -0.338557 -0.166705 
  

1.147797 0.569245 0.003379
 0.191330 1.084986 -0.211851 
  

1.192632 -0.264537 0.087284
 1.147797 0.569245 0.003379 
  

-0.289993 -0.338557 -0.166705
 1.192632 -0.264537 0.087284 
  

0.064673 -0.246129 1.434444
 -0.289993 -0.338557 -0.166705 
  

1.192632 -0.264537 0.087284
 0.868171 -0.225287 1.174794 
  

0.064673 -0.246129 1.434444
 0.868171 -0.225287 1.174794 
  

0.191330 1.084986 -0.211851
 -0.289993 -0.338557 -0.166705 
  

0.064673 -0.246129 1.434444
 -0.289993 -0.338557 -0.166705 
  

0.525782 1.249663 1.165585
 0.191330 1.084986 -0.211851 
  

0.064673 -0.246129 1.434444
 0.525782 1.249663 1.165585 
  

1.147797 0.569245 0.003379
 0.191330 1.084986 -0.211851 
  

0.525782 1.249663 1.165585
 0.191330 1.084986 -0.211851 
  

1.147797 0.569245 0.003379
 0.782308 1.077901 1.097100 
  

0.525782 1.249663 1.165585
 0.782308 1.077901 1.097100 
  

1.192632 -0.264537 0.087284
 1.147797 0.569245 0.003379 
  

1.192632 -0.264537 0.087284
 0.868171 -0.225287 1.174794 
  

1.147797 0.569245 0.003379
 0.782308 1.077901 1.097100 
  

0.868171 -0.225287 1.174794
 0.782308 1.077901 1.097100 
  

0.064673 -0.246129 1.434444
 0.868171 -0.225287 1.174794 
  

0.064673 -0.246129 1.434444
 0.525782 1.249663 1.165585 
  

0.525782 1.249663 1.165585
 0.782308 1.077901 1.097100 
  

0.868171 -0.225287 1.174794
 0.782308 1.077901 1.097100 
  

