8
2 5
-0.071000 0.061300 1.042200
0.007900 0.956500 0.967500
   
    
3 5
-0.015500 1.094000 1.023500
0.977200 0.953400 1.020300
   
    
4 5
1.023900 1.099100 0.950000
1.074000 0.062600 1.045600
   
    
1 5
0.984400 0.032600 0.946300
-0.051300 0.097900 1.087100
   
    
0 2
0.093500 0.097000 -0.092100
0.006000 1.080800 0.069200
   
    
0 3
0.028900 0.993900 -0.085600
0.984900 0.907800 0.081900
   
    
0 4
0.981400 0.982700 -0.025500
1.019900 0.075600 0.007200
   
    
0 1
0.972200 0.083000 0.024200
-0.096900 -0.011100 0.045000
   
    
