0.058847 0.019372 -0.017163
 1.020729 0.034513 0.010958 
  

0.046620 1.011273 -0.005620
 0.058847 0.019372 -0.017163 
  

0.987958 0.906768 0.020470
 0.046620 1.011273 -0.005620 
  

1.020729 0.034513 0.010958
 0.987958 0.906768 0.020470 
  

0.058847 0.019372 -0.017163
 1.020729 0.034513 0.010958 
  

-0.031444 0.050814 1.047324
 0.058847 0.019372 -0.017163 
  

1.064124 0.065858 1.007848
 1.020729 0.034513 0.010958 
  

-0.031444 0.050814 1.047324
 1.064124 0.065858 1.007848 
  

0.046620 1.011273 -0.005620
 0.058847 0.019372 -0.017163 
  

-0.031444 0.050814 1.047324
 0.058847 0.019372 -0.017163 
  

-0.040153 1.085522 1.011479
 0.046620 1.011273 -0.005620 
  

-0.031444 0.050814 1.047324
 -0.040153 1.085522 1.011479 
  

0.987958 0.906768 0.020470
 0.046620 1.011273 -0.005620 
  

-0.040153 1.085522 1.011479
 0.046620 1.011273 -0.005620 
  

1.028642 0.962853 0.977768
 0.987958 0.906768 0.020470 
  

-0.040153 1.085522 1.011479
 1.028642 0.962853 0.977768 
  

1.020729 0.034513 0.010958
 0.987958 0.906768 0.020470 
  

1.064124 0.065858 1.007848
 1.020729 0.034513 0.010958 
  

1.028642 0.962853 0.977768
 0.987958 0.906768 0.020470 
  

1.064124 0.065858 1.007848
 1.028642 0.962853 0.977768 
  

-0.031444 0.050814 1.047324
 1.064124 0.065858 1.007848 
  

-0.031444 0.050814 1.047324
 -0.040153 1.085522 1.011479 
  

-0.040153 1.085522 1.011479
 1.028642 0.962853 0.977768 
  

1.064124 0.065858 1.007848
 1.028642 0.962853 0.977768 
  

