8
2 5
0.076100 0.050400 0.962700
0.011800 0.973200 1.038300
   
    
3 5
0.091000 1.073900 0.977000
1.030500 0.999500 0.994100
   
    
4 5
1.051600 0.933400 0.969800
0.988700 0.091100 1.098700
   
    
1 5
1.008400 -0.014500 0.980900
-0.070400 -0.047100 1.028300
   
    
0 2
-0.034000 0.046300 0.072700
-0.087000 1.065600 -0.099800
   
    
0 3
-0.070200 0.958600 0.083500
0.929500 1.002400 0.012300
   
    
0 4
0.963700 0.987400 -0.058700
1.017400 -0.094600 -0.079100
   
    
0 1
0.910800 -0.028100 -0.007900
0.017800 0.036200 -0.090900
   
    
