-0.027387 0.007956 -0.011728
 0.993035 -0.001434 -0.038334 
  

-0.077339 0.989142 -0.004210
 -0.027387 0.007956 -0.011728 
  

0.991727 0.975445 -0.032108
 -0.077339 0.989142 -0.004210 
  

0.993035 -0.001434 -0.038334
 0.991727 0.975445 -0.032108 
  

-0.027387 0.007956 -0.011728
 0.993035 -0.001434 -0.038334 
  

0.068763 -0.023186 1.015171
 -0.027387 0.007956 -0.011728 
  

0.993035 -0.001434 -0.038334
 1.019048 -0.032829 1.020941 
  

0.068763 -0.023186 1.015171
 1.019048 -0.032829 1.020941 
  

-0.077339 0.989142 -0.004210
 -0.027387 0.007956 -0.011728 
  

0.068763 -0.023186 1.015171
 -0.027387 0.007956 -0.011728 
  

0.011803 1.039253 0.992126
 -0.077339 0.989142 -0.004210 
  

0.068763 -0.023186 1.015171
 0.011803 1.039253 0.992126 
  

0.991727 0.975445 -0.032108
 -0.077339 0.989142 -0.004210 
  

0.011803 1.039253 0.992126
 -0.077339 0.989142 -0.004210 
  

0.991727 0.975445 -0.032108
 1.016906 1.028036 0.998249 
  

0.011803 1.039253 0.992126
 1.016906 1.028036 0.998249 
  

0.993035 -0.001434 -0.038334
 0.991727 0.975445 -0.032108 
  

0.993035 -0.001434 -0.038334
 1.019048 -0.032829 1.020941 
  

0.991727 0.975445 -0.032108
 1.016906 1.028036 0.998249 
  

1.019048 -0.032829 1.020941
 1.016906 1.028036 0.998249 
  

0.068763 -0.023186 1.015171
 1.019048 -0.032829 1.020941 
  

0.068763 -0.023186 1.015171
 0.011803 1.039253 0.992126 
  

0.011803 1.039253 0.992126
 1.016906 1.028036 0.998249 
  

1.019048 -0.032829 1.020941
 1.016906 1.028036 0.998249 
  

