8
2 5
-0.394000 -0.232500 1.372000
0.353500 1.130000 1.042500
   
    
3 5
0.419000 0.550500 1.170500
1.155500 0.618500 0.647000
   
    
4 5
1.415500 1.275000 0.619500
1.459000 -0.144500 1.318000
   
    
1 5
1.165000 0.470500 1.423000
0.358500 0.231500 0.872000
   
    
0 2
0.398500 0.409000 0.033000
-0.082500 0.789500 0.217500
   
    
0 3
-0.303000 1.266000 -0.166500
1.132000 1.403000 -0.202000
   
    
0 4
0.986500 0.920000 -0.496500
0.687000 0.326000 0.231000
   
    
0 1
0.624000 -0.179500 0.380500
0.029500 0.014500 -0.245500
   
    
