0.200499 -0.017039 0.140784
 1.019682 -0.186057 -0.099528 
  

0.477061 1.125208 0.232430
 0.200499 -0.017039 0.140784 
  

0.755004 1.167308 0.165221
 0.477061 1.125208 0.232430 
  

1.019682 -0.186057 -0.099528
 0.755004 1.167308 0.165221 
  

0.200499 -0.017039 0.140784
 1.019682 -0.186057 -0.099528 
  

0.147521 -0.161858 0.755905
 0.200499 -0.017039 0.140784 
  

1.109658 -0.318593 0.312826
 1.019682 -0.186057 -0.099528 
  

0.147521 -0.161858 0.755905
 1.109658 -0.318593 0.312826 
  

0.477061 1.125208 0.232430
 0.200499 -0.017039 0.140784 
  

0.147521 -0.161858 0.755905
 0.200499 -0.017039 0.140784 
  

0.477061 1.125208 0.232430
 0.385165 0.846846 1.067157 
  

0.147521 -0.161858 0.755905
 0.385165 0.846846 1.067157 
  

0.755004 1.167308 0.165221
 0.477061 1.125208 0.232430 
  

0.477061 1.125208 0.232430
 0.385165 0.846846 1.067157 
  

0.912658 0.940781 0.896481
 0.755004 1.167308 0.165221 
  

0.385165 0.846846 1.067157
 0.912658 0.940781 0.896481 
  

1.019682 -0.186057 -0.099528
 0.755004 1.167308 0.165221 
  

1.109658 -0.318593 0.312826
 1.019682 -0.186057 -0.099528 
  

0.912658 0.940781 0.896481
 0.755004 1.167308 0.165221 
  

1.109658 -0.318593 0.312826
 0.912658 0.940781 0.896481 
  

0.147521 -0.161858 0.755905
 1.109658 -0.318593 0.312826 
  

0.147521 -0.161858 0.755905
 0.385165 0.846846 1.067157 
  

0.385165 0.846846 1.067157
 0.912658 0.940781 0.896481 
  

1.109658 -0.318593 0.312826
 0.912658 0.940781 0.896481 
  

