8
2 5
-0.124750 -0.011750 0.984000
-0.043000 1.157250 1.135000
   
    
3 5
0.244500 1.035000 0.915000
1.197000 0.774250 1.109000
   
    
4 5
0.873500 0.867250 0.841250
0.913750 0.214750 1.048000
   
    
1 5
1.109250 0.130500 1.159250
0.042750 -0.057250 0.928250
   
    
0 2
0.129500 0.032000 -0.020000
0.134750 1.101000 -0.074500
   
    
0 3
-0.169000 0.791750 -0.038000
1.071000 1.029750 -0.018750
   
    
0 4
1.087750 1.009750 0.248750
1.029750 0.130250 -0.034250
   
    
0 1
1.237500 0.136000 0.133250
0.116500 -0.217750 0.137750
   
    
