8
2 5
0.043500 -0.203250 1.054750
0.152750 1.023000 0.861500
   
    
3 5
0.148500 0.981750 1.088250
1.078500 0.818250 0.970000
   
    
4 5
1.175750 0.958250 0.938250
1.130500 0.095500 0.761500
   
    
1 5
1.070750 -0.050000 0.839250
-0.009000 0.188750 1.022250
   
    
0 2
-0.249500 -0.143250 0.213250
-0.086500 1.050500 -0.182500
   
    
0 3
-0.104750 0.954750 -0.095000
1.125500 0.967000 0.167750
   
    
0 4
1.026250 1.189000 0.096500
0.851500 -0.163250 0.048500
   
    
0 1
0.856250 0.150250 0.002000
0.017250 0.150000 0.117000
   
    
