-0.140038 0.171498 -0.042194
 1.020187 0.209855 -0.063803 
  

-0.151337 0.826449 -0.034036
 -0.140038 0.171498 -0.042194 
  

1.166143 0.768102 -0.059809
 -0.151337 0.826449 -0.034036 
  

1.020187 0.209855 -0.063803
 1.166143 0.768102 -0.059809 
  

-0.140038 0.171498 -0.042194
 1.020187 0.209855 -0.063803 
  

-0.052658 0.126098 0.931043
 -0.140038 0.171498 -0.042194 
  

1.020187 0.209855 -0.063803
 0.895165 0.149429 1.074966 
  

-0.052658 0.126098 0.931043
 0.895165 0.149429 1.074966 
  

-0.151337 0.826449 -0.034036
 -0.140038 0.171498 -0.042194 
  

-0.052658 0.126098 0.931043
 -0.140038 0.171498 -0.042194 
  

-0.078092 0.985340 0.822423
 -0.151337 0.826449 -0.034036 
  

-0.052658 0.126098 0.931043
 -0.078092 0.985340 0.822423 
  

1.166143 0.768102 -0.059809
 -0.151337 0.826449 -0.034036 
  

-0.078092 0.985340 0.822423
 -0.151337 0.826449 -0.034036 
  

1.166143 0.768102 -0.059809
 1.117137 0.972108 1.009111 
  

-0.078092 0.985340 0.822423
 1.117137 0.972108 1.009111 
  

1.020187 0.209855 -0.063803
 1.166143 0.768102 -0.059809 
  

1.020187 0.209855 -0.063803
 0.895165 0.149429 1.074966 
  

1.166143 0.768102 -0.059809
 1.117137 0.972108 1.009111 
  

0.895165 0.149429 1.074966
 1.117137 0.972108 1.009111 
  

-0.052658 0.126098 0.931043
 0.895165 0.149429 1.074966 
  

-0.052658 0.126098 0.931043
 -0.078092 0.985340 0.822423 
  

-0.078092 0.985340 0.822423
 1.117137 0.972108 1.009111 
  

0.895165 0.149429 1.074966
 1.117137 0.972108 1.009111 
  

