8
2 5
0.047500 -0.068000 1.086800
0.055400 1.008500 1.058200
   
    
3 5
-0.052700 0.941800 0.979200
0.961800 1.087000 1.098000
   
    
4 5
1.074900 0.965300 1.098300
1.094800 0.080200 0.948400
   
    
1 5
1.058200 -0.014900 1.007400
0.050200 -0.067500 1.075500
   
    
0 2
0.027500 -0.098900 -0.032500
-0.006000 0.993100 0.050500
   
    
0 3
0.012500 0.986100 -0.085100
0.993700 1.032200 0.028300
   
    
0 4
0.914000 0.995400 -0.083900
0.991600 0.038200 -0.071700
   
    
0 1
1.079400 0.091600 0.043000
0.000200 0.060800 -0.037400
   
    
