0.014097 0.051373 -0.031564
 0.977123 0.085564 -0.021346 
  

0.004391 0.963432 -0.026342
 0.014097 0.051373 -0.031564 
  

0.929516 1.047177 -0.016229
 0.004391 0.963432 -0.026342 
  

0.977123 0.085564 -0.021346
 0.929516 1.047177 -0.016229 
  

0.014097 0.051373 -0.031564
 0.977123 0.085564 -0.021346 
  

0.052341 -0.056484 1.035679
 0.014097 0.051373 -0.031564 
  

1.103223 -0.016910 1.024719
 0.977123 0.085564 -0.021346 
  

0.052341 -0.056484 1.035679
 1.103223 -0.016910 1.024719 
  

0.004391 0.963432 -0.026342
 0.014097 0.051373 -0.031564 
  

0.052341 -0.056484 1.035679
 0.014097 0.051373 -0.031564 
  

0.042082 0.974514 1.062094
 0.004391 0.963432 -0.026342 
  

0.052341 -0.056484 1.035679
 0.042082 0.974514 1.062094 
  

0.929516 1.047177 -0.016229
 0.004391 0.963432 -0.026342 
  

0.042082 0.974514 1.062094
 0.004391 0.963432 -0.026342 
  

1.052215 1.065812 1.052917
 0.929516 1.047177 -0.016229 
  

0.042082 0.974514 1.062094
 1.052215 1.065812 1.052917 
  

0.977123 0.085564 -0.021346
 0.929516 1.047177 -0.016229 
  

1.103223 -0.016910 1.024719
 0.977123 0.085564 -0.021346 
  

1.052215 1.065812 1.052917
 0.929516 1.047177 -0.016229 
  

1.103223 -0.016910 1.024719
 1.052215 1.065812 1.052917 
  

0.052341 -0.056484 1.035679
 1.103223 -0.016910 1.024719 
  

0.052341 -0.056484 1.035679
 0.042082 0.974514 1.062094 
  

0.042082 0.974514 1.062094
 1.052215 1.065812 1.052917 
  

1.103223 -0.016910 1.024719
 1.052215 1.065812 1.052917 
  

