8
2 5
-0.077500 0.035400 0.905300
0.056500 1.036800 0.927600
   
    
3 5
0.002600 1.040800 1.073400
1.004800 0.981900 0.972300
   
    
4 5
0.958900 1.078400 0.906000
1.079400 -0.038800 1.090700
   
    
1 5
1.036400 0.085600 1.008300
0.031200 0.062300 1.030400
   
    
0 2
-0.091900 -0.074100 0.074500
0.014000 0.962600 0.043500
   
    
0 3
-0.066000 1.049600 -0.041800
1.089900 1.081000 0.067300
   
    
0 4
1.062000 1.097700 -0.030200
1.064400 -0.023200 -0.092600
   
    
0 1
1.035400 0.071500 0.016000
0.028200 -0.060700 -0.067300
   
    
