-0.088423 -0.037930 -0.008387
 1.083508 0.044422 -0.021722 
  

0.030345 1.062115 0.014583
 -0.088423 -0.037930 -0.008387 
  

1.028757 1.057003 0.001545
 0.030345 1.062115 0.014583 
  

1.083508 0.044422 -0.021722
 1.028757 1.057003 0.001545 
  

-0.088423 -0.037930 -0.008387
 1.083508 0.044422 -0.021722 
  

-0.065657 0.024492 1.004118
 -0.088423 -0.037930 -0.008387 
  

1.083508 0.044422 -0.021722
 1.039712 0.103639 1.016049 
  

-0.065657 0.024492 1.004118
 1.039712 0.103639 1.016049 
  

0.030345 1.062115 0.014583
 -0.088423 -0.037930 -0.008387 
  

-0.065657 0.024492 1.004118
 -0.088423 -0.037930 -0.008387 
  

0.030345 1.062115 0.014583
 0.039861 1.011095 0.961494 
  

-0.065657 0.024492 1.004118
 0.039861 1.011095 0.961494 
  

1.028757 1.057003 0.001545
 0.030345 1.062115 0.014583 
  

0.030345 1.062115 0.014583
 0.039861 1.011095 0.961494 
  

1.028757 1.057003 0.001545
 0.993399 1.004810 0.975118 
  

0.039861 1.011095 0.961494
 0.993399 1.004810 0.975118 
  

1.083508 0.044422 -0.021722
 1.028757 1.057003 0.001545 
  

1.083508 0.044422 -0.021722
 1.039712 0.103639 1.016049 
  

1.028757 1.057003 0.001545
 0.993399 1.004810 0.975118 
  

1.039712 0.103639 1.016049
 0.993399 1.004810 0.975118 
  

-0.065657 0.024492 1.004118
 1.039712 0.103639 1.016049 
  

-0.065657 0.024492 1.004118
 0.039861 1.011095 0.961494 
  

0.039861 1.011095 0.961494
 0.993399 1.004810 0.975118 
  

1.039712 0.103639 1.016049
 0.993399 1.004810 0.975118 
  

