8
2 5
0.065000 0.053500 0.680000
-0.027000 1.268000 0.717000
   
    
3 5
0.097000 0.643000 0.901000
0.658500 0.517000 1.273000
   
    
4 5
0.703500 0.858000 1.003500
0.976000 0.298500 0.840500
   
    
1 5
0.560000 -0.169500 0.921000
0.006500 -0.248500 1.157500
   
    
0 2
0.053000 0.129000 -0.468000
-0.070000 1.034500 0.018000
   
    
0 3
-0.442500 1.124000 0.367500
1.397000 1.131500 0.382000
   
    
0 4
0.931000 1.111000 -0.100500
0.835500 -0.425500 -0.223000
   
    
0 1
1.371000 -0.211500 0.174500
-0.257000 0.011000 0.217000
   
    
