0.063220 0.048656 -0.050330
 0.948990 -0.025762 -0.049569 
  

-0.133865 1.160474 0.181091
 0.063220 0.048656 -0.050330 
  

0.838222 1.137091 0.194252
 -0.133865 1.160474 0.181091 
  

0.948990 -0.025762 -0.049569
 0.838222 1.137091 0.194252 
  

0.063220 0.048656 -0.050330
 0.948990 -0.025762 -0.049569 
  

0.188193 -0.067187 0.760283
 0.063220 0.048656 -0.050330 
  

0.948990 -0.025762 -0.049569
 0.896009 -0.139929 0.863024 
  

0.188193 -0.067187 0.760283
 0.896009 -0.139929 0.863024 
  

-0.133865 1.160474 0.181091
 0.063220 0.048656 -0.050330 
  

0.188193 -0.067187 0.760283
 0.063220 0.048656 -0.050330 
  

-0.133865 1.160474 0.181091
 0.056592 0.657804 0.886518 
  

0.188193 -0.067187 0.760283
 0.056592 0.657804 0.886518 
  

0.838222 1.137091 0.194252
 -0.133865 1.160474 0.181091 
  

-0.133865 1.160474 0.181091
 0.056592 0.657804 0.886518 
  

0.838222 1.137091 0.194252
 0.829538 0.568540 0.996704 
  

0.056592 0.657804 0.886518
 0.829538 0.568540 0.996704 
  

0.948990 -0.025762 -0.049569
 0.838222 1.137091 0.194252 
  

0.948990 -0.025762 -0.049569
 0.896009 -0.139929 0.863024 
  

0.838222 1.137091 0.194252
 0.829538 0.568540 0.996704 
  

0.896009 -0.139929 0.863024
 0.829538 0.568540 0.996704 
  

0.188193 -0.067187 0.760283
 0.896009 -0.139929 0.863024 
  

0.188193 -0.067187 0.760283
 0.056592 0.657804 0.886518 
  

0.056592 0.657804 0.886518
 0.829538 0.568540 0.996704 
  

0.896009 -0.139929 0.863024
 0.829538 0.568540 0.996704 
  

