8
2 5
-0.059000 -0.073700 1.095300
-0.074200 1.085300 0.974400
   
    
3 5
0.043100 1.026100 0.936800
0.988100 0.939400 0.940000
   
    
4 5
0.967500 0.988900 1.058100
0.945600 -0.093800 1.047900
   
    
1 5
0.971000 -0.018900 0.960600
0.057600 0.097800 1.000200
   
    
0 2
0.024000 -0.012200 0.028900
0.067700 1.056100 0.089600
   
    
0 3
0.007600 0.913100 0.054300
0.957800 0.908200 -0.036100
   
    
0 4
1.039100 0.981200 0.083300
1.057500 -0.029200 -0.092500
   
    
0 1
0.981700 0.040900 -0.028800
-0.055900 -0.059400 -0.079300
   
    
