0.048498 0.009497 -0.018442
 1.041759 -0.006456 -0.060142 
  

0.046332 0.934256 0.060811
 0.048498 0.009497 -0.018442 
  

1.043114 0.877163 0.015446
 0.046332 0.934256 0.060811 
  

1.041759 -0.006456 -0.060142
 1.043114 0.877163 0.015446 
  

0.048498 0.009497 -0.018442
 1.041759 -0.006456 -0.060142 
  

-0.069180 0.058370 1.025655
 0.048498 0.009497 -0.018442 
  

0.946166 0.043894 1.023551
 1.041759 -0.006456 -0.060142 
  

-0.069180 0.058370 1.025655
 0.946166 0.043894 1.023551 
  

0.046332 0.934256 0.060811
 0.048498 0.009497 -0.018442 
  

-0.069180 0.058370 1.025655
 0.048498 0.009497 -0.018442 
  

-0.056873 1.014863 0.978951
 0.046332 0.934256 0.060811 
  

-0.069180 0.058370 1.025655
 -0.056873 1.014863 0.978951 
  

1.043114 0.877163 0.015446
 0.046332 0.934256 0.060811 
  

-0.056873 1.014863 0.978951
 0.046332 0.934256 0.060811 
  

0.958488 0.960472 0.978794
 1.043114 0.877163 0.015446 
  

-0.056873 1.014863 0.978951
 0.958488 0.960472 0.978794 
  

1.041759 -0.006456 -0.060142
 1.043114 0.877163 0.015446 
  

0.946166 0.043894 1.023551
 1.041759 -0.006456 -0.060142 
  

0.958488 0.960472 0.978794
 1.043114 0.877163 0.015446 
  

0.946166 0.043894 1.023551
 0.958488 0.960472 0.978794 
  

-0.069180 0.058370 1.025655
 0.946166 0.043894 1.023551 
  

-0.069180 0.058370 1.025655
 -0.056873 1.014863 0.978951 
  

-0.056873 1.014863 0.978951
 0.958488 0.960472 0.978794 
  

0.946166 0.043894 1.023551
 0.958488 0.960472 0.978794 
  

