8
2 5
0.047600 -0.024800 1.027100
0.047500 0.986900 1.017900
   
    
3 5
0.016700 1.032400 1.097000
1.058300 0.902000 1.030100
   
    
4 5
0.946400 1.083900 1.029000
0.940400 0.079200 1.036400
   
    
1 5
0.956700 0.016000 0.974100
-0.059800 0.096200 1.043400
   
    
0 2
-0.028900 -0.056300 0.098700
-0.050000 1.033400 -0.044300
   
    
0 3
-0.018000 0.961800 -0.043000
0.981800 0.924600 -0.084200
   
    
0 4
1.007800 0.970600 0.098900
0.926200 -0.014500 0.078500
   
    
0 1
1.081600 0.036500 -0.084700
0.082000 -0.043300 0.075500
   
    
