-0.027564 -0.018249 0.061795
 0.928558 -0.007864 0.044651 
  

-0.044956 0.981363 -0.012264
 -0.027564 -0.018249 0.061795 
  

0.980092 0.898891 -0.023681
 -0.044956 0.981363 -0.012264 
  

0.928558 -0.007864 0.044651
 0.980092 0.898891 -0.023681 
  

-0.027564 -0.018249 0.061795
 0.928558 -0.007864 0.044651 
  

0.055308 0.049601 1.030296
 -0.027564 -0.018249 0.061795 
  

0.928558 -0.007864 0.044651
 0.914970 0.058414 1.007290 
  

0.055308 0.049601 1.030296
 0.914970 0.058414 1.007290 
  

-0.044956 0.981363 -0.012264
 -0.027564 -0.018249 0.061795 
  

0.055308 0.049601 1.030296
 -0.027564 -0.018249 0.061795 
  

-0.044956 0.981363 -0.012264
 0.047183 1.007687 1.058275 
  

0.055308 0.049601 1.030296
 0.047183 1.007687 1.058275 
  

0.980092 0.898891 -0.023681
 -0.044956 0.981363 -0.012264 
  

-0.044956 0.981363 -0.012264
 0.047183 1.007687 1.058275 
  

0.980092 0.898891 -0.023681
 0.963087 0.933469 1.031342 
  

0.047183 1.007687 1.058275
 0.963087 0.933469 1.031342 
  

0.928558 -0.007864 0.044651
 0.980092 0.898891 -0.023681 
  

0.928558 -0.007864 0.044651
 0.914970 0.058414 1.007290 
  

0.980092 0.898891 -0.023681
 0.963087 0.933469 1.031342 
  

0.914970 0.058414 1.007290
 0.963087 0.933469 1.031342 
  

0.055308 0.049601 1.030296
 0.914970 0.058414 1.007290 
  

0.055308 0.049601 1.030296
 0.047183 1.007687 1.058275 
  

0.047183 1.007687 1.058275
 0.963087 0.933469 1.031342 
  

0.914970 0.058414 1.007290
 0.963087 0.933469 1.031342 
  

