8
2 5
0.001300 0.042100 0.987900
0.047100 0.922500 1.082900
   
    
3 5
0.058800 0.951900 0.915600
1.005900 1.004800 1.076500
   
    
4 5
1.009400 1.077400 1.077000
0.939700 -0.010100 0.996100
   
    
1 5
1.083700 -0.074100 0.915800
0.040500 -0.090600 0.949000
   
    
0 2
0.085100 -0.099500 -0.044600
0.065000 1.041500 -0.056000
   
    
0 3
-0.050200 0.992200 -0.022300
1.096200 0.953400 0.079000
   
    
0 4
1.016700 0.931100 0.079900
1.016500 -0.096800 -0.055100
   
    
0 1
1.006000 0.079200 0.030500
0.031100 0.083700 0.058300
   
    
