0.058864 0.075079 -0.024488
 1.000228 0.074567 0.024013 
  

0.073217 0.969955 -0.000553
 0.058864 0.075079 -0.024488 
  

1.029378 0.983996 0.049088
 0.073217 0.969955 -0.000553 
  

1.000228 0.074567 0.024013
 1.029378 0.983996 0.049088 
  

0.058864 0.075079 -0.024488
 1.000228 0.074567 0.024013 
  

0.016510 -0.077471 0.942756
 0.058864 0.075079 -0.024488 
  

0.958512 -0.075311 0.974307
 1.000228 0.074567 0.024013 
  

0.016510 -0.077471 0.942756
 0.958512 -0.075311 0.974307 
  

0.073217 0.969955 -0.000553
 0.058864 0.075079 -0.024488 
  

0.016510 -0.077471 0.942756
 0.058864 0.075079 -0.024488 
  

0.031254 0.968855 1.020366
 0.073217 0.969955 -0.000553 
  

0.016510 -0.077471 0.942756
 0.031254 0.968855 1.020366 
  

1.029378 0.983996 0.049088
 0.073217 0.969955 -0.000553 
  

0.031254 0.968855 1.020366
 0.073217 0.969955 -0.000553 
  

0.990503 0.982950 1.053371
 1.029378 0.983996 0.049088 
  

0.031254 0.968855 1.020366
 0.990503 0.982950 1.053371 
  

1.000228 0.074567 0.024013
 1.029378 0.983996 0.049088 
  

0.958512 -0.075311 0.974307
 1.000228 0.074567 0.024013 
  

0.990503 0.982950 1.053371
 1.029378 0.983996 0.049088 
  

0.958512 -0.075311 0.974307
 0.990503 0.982950 1.053371 
  

0.016510 -0.077471 0.942756
 0.958512 -0.075311 0.974307 
  

0.016510 -0.077471 0.942756
 0.031254 0.968855 1.020366 
  

0.031254 0.968855 1.020366
 0.990503 0.982950 1.053371 
  

0.958512 -0.075311 0.974307
 0.990503 0.982950 1.053371 
  

