-0.031180 -0.014267 -0.023363
 0.948115 -0.042994 -0.008984 
  

-0.012806 1.002650 0.015591
 -0.031180 -0.014267 -0.023363 
  

0.894337 1.008909 0.030161
 -0.012806 1.002650 0.015591 
  

0.948115 -0.042994 -0.008984
 0.894337 1.008909 0.030161 
  

-0.031180 -0.014267 -0.023363
 0.948115 -0.042994 -0.008984 
  

0.014049 0.008615 1.004562
 -0.031180 -0.014267 -0.023363 
  

0.948115 -0.042994 -0.008984
 1.022498 -0.019849 1.066806 
  

0.014049 0.008615 1.004562
 1.022498 -0.019849 1.066806 
  

-0.012806 1.002650 0.015591
 -0.031180 -0.014267 -0.023363 
  

0.014049 0.008615 1.004562
 -0.031180 -0.014267 -0.023363 
  

-0.012806 1.002650 0.015591
 0.027949 0.994914 0.952478 
  

0.014049 0.008615 1.004562
 0.027949 0.994914 0.952478 
  

0.894337 1.008909 0.030161
 -0.012806 1.002650 0.015591 
  

-0.012806 1.002650 0.015591
 0.027949 0.994914 0.952478 
  

0.894337 1.008909 0.030161
 0.963536 1.001018 1.008480 
  

0.027949 0.994914 0.952478
 0.963536 1.001018 1.008480 
  

0.948115 -0.042994 -0.008984
 0.894337 1.008909 0.030161 
  

0.948115 -0.042994 -0.008984
 1.022498 -0.019849 1.066806 
  

0.894337 1.008909 0.030161
 0.963536 1.001018 1.008480 
  

1.022498 -0.019849 1.066806
 0.963536 1.001018 1.008480 
  

0.014049 0.008615 1.004562
 1.022498 -0.019849 1.066806 
  

0.014049 0.008615 1.004562
 0.027949 0.994914 0.952478 
  

0.027949 0.994914 0.952478
 0.963536 1.001018 1.008480 
  

1.022498 -0.019849 1.066806
 0.963536 1.001018 1.008480 
  

