
   434 1302 219 

   0  -0.057881156022  0.412122619722  0.642458695015
   1   1.928918088106  2.165153833460 -1.436656676145
   2   0.325083183344  0.007956813370  0.663845156855
   3   0.336056407477 -0.012176259058  0.661269475947
   4   0.325606475486 -0.010477042931  0.669821526218
   5   0.330372896875 -0.011666983181  0.665995986429
   6   0.310231202215 -0.007627378371  0.680815596573
   7   0.319306953939 -0.009775884975  0.674487518223
   8   1.991863567682 -2.058614327838 -1.397930274925
   9  -0.040635781400 -0.415275247983  0.656418922605
  10  -0.036461769191 -0.422274941736  0.649914894220
  11  -0.041061953702 -0.414678773418  0.656987785177
  12  -0.041405866480 -0.413728131762  0.657704146660
  13  -0.052296371933 -0.434542768288  0.638731810536
  14  -0.042699377696 -0.404073080884  0.663731701452
  15  -2.078668275302 -2.268940137729 -1.499418358847
  16  -0.440730191131 -0.024218550456  0.660480663896
  17  -0.445840730810 -0.025530102315  0.656405951720
  18  -0.454365392700 -0.026347523147  0.649402250107
  19  -0.056084117681  0.382256719661  0.662049442831
  20  -0.428321745645 -0.019184720866  0.670094937149
  21  -0.431956678881 -0.016633067769  0.666670743390
  22  -0.433929062776 -0.014778845329  0.664558520401
  23  -0.058076800376  0.408590309637  0.645135138821
  24  -0.056999191839  0.400410277548  0.650806332936
  25  -0.056835303014  0.389906822696  0.657486692771
  26  -2.219306524224  2.099457917626 -1.483280194350
  27  -0.062079632707  0.415301286704  0.638944135135
  28   1.889638775318 -1.467963166657 -2.238164404204
  29   1.899869689299 -1.464034828775 -2.231007427996
  30   1.380452508789 -1.968464192549 -2.254235899571
  31   2.128629359838 -2.166465316128 -1.800536552211
  32   1.380347156073 -1.968742324960 -2.254047025766
  33   0.000240786715 -2.619201640200 -1.830130781602
  34  -1.406850194677 -2.045185552934 -2.245434168438
  35  -1.404128983459 -2.053993492921 -2.239357794174
  36  -1.928591492537 -1.554683303143 -2.241302709381
  37  -2.116231541019 -2.318378056828 -1.778383003484
  38  -1.939897692716 -1.553534484547 -2.233423103107
  39  -2.582983707351 -0.113472127555 -1.808607748434
  40  -1.981640759515  1.370461131286 -2.253964912848
  41  -1.985383196765  1.369788409931 -2.251338803885
  42  -1.497341038349  1.929001900997 -2.232224606653
  43  -2.246732345170  2.151448802936 -1.758467387404
  44  -1.493469670589  1.938851244479 -2.225501586003
  45  -0.090146018212  2.584108127569 -1.810667277280
  46   1.266062976741  1.998078370701 -2.246022180042
  47   1.262002540871  2.009596583153 -2.237968726671
  48   1.804952694331  1.505522677708 -2.236613128568
  49   2.007545494290  2.229930172009 -1.792858208011
  50   2.464904937037  0.066981335304 -1.809164949204
  51   1.824307866436  1.498088707124 -2.223373972952
  52  -0.090342877963  2.589969078210 -1.805269021024
  53  -0.001449314023 -2.634345917785 -1.816468579058
  54   2.470188030566  0.067274694858 -1.804289521830
  55   2.121880483352 -2.193564546149 -1.548148345733
  56   2.138812982688 -2.175793611891 -1.788882215766
  57  -2.264720279822  2.145055998132 -1.534330347037
  58  -2.249466480312  2.153730594666 -1.755513056633
  59  -2.125997573668 -2.321870410799 -1.556244753290
  60  -2.120252116896 -2.322561140045 -1.773632597602
  61   1.447217110987  2.523974247256 -1.748724550233
  62  -1.920526272637 -2.463915115864 -1.563444405160
  63  -1.913409048088 -2.465315924030 -1.732263781328
  64   2.222639379366  1.962496473586 -1.541603512248
  65   2.227808742968  1.948480711743 -1.717081164041
  66   2.351608264465  1.541105804293 -1.735104926497
  67  -2.561697392795  1.355429785248 -1.744724572254
  68  -0.033938068053  2.591420193218 -1.799618343784
  69   1.480049350545 -2.512887059018 -1.743168530290
  70   0.224502127175 -2.629079097115 -1.793144770605
  71  -2.343772381087 -2.043260747807 -1.573308535689
  72  -2.339517104142 -2.044574309063 -1.729324784455
  73   2.445423308793 -1.129766340481 -1.747738262617
  74  -0.804307685767  2.557209301668 -1.745377981140
  75  -2.589924552743 -0.373334916257 -1.776920383403
  76  -1.079253888006 -2.614795829001 -1.760017688443
  77  -0.825955292992 -2.628713078921 -1.764945421107
  78   2.381240221008 -1.626941408177 -1.473763726219
  79   2.365755334640 -1.705275244642 -1.498120922423
  80   2.369973834080 -1.689358493414 -1.763267112900
  81  -1.661313619571  2.461864233103 -1.724850193433
  82  -1.735347062168  2.451119794110 -1.465526675831
  83  -1.731648494376  2.446460647247 -1.710636478815
  84  -1.636164596171  2.467531093326 -1.722822273460
  85  -2.044336798925  2.323730408959 -1.537892387876
  86  -2.041178387293  2.321931004189 -1.695395290321
  87  -2.547925178357 -1.007846351991 -1.751478446757
  88   1.659862991784  2.474405301450 -1.506698674397
  89   1.653126990679  2.471154790988 -1.719437657171
  90   1.740380847586  2.442753579650 -1.524923610250
  91   1.739343903415  2.437884599078 -1.716363940336
  92  -2.302182126244 -2.113409941600 -1.577979340070
  93  -2.298069822698 -2.114622038271 -1.730274303401
  94  -2.257104572077 -2.179723224977 -1.578493077112
  95  -2.256632936368 -2.175440201993 -1.735132502044
  96  -0.555759466640  2.572468080062 -1.762693753074
  97   1.386481903491  2.535203582131 -1.742994215654
  98   2.252250626216 -2.010969447136 -1.556504846470
  99   2.254077510457 -2.007313207607 -1.750760770192
 100   2.294492514880 -1.922993139112 -1.546318403963
 101   2.294275267380 -1.923597940441 -1.746007516054
 102  -1.739448243402 -2.528194618227 -1.528203213853
 103  -1.739791923269 -2.526900484647 -1.744032512388
 104  -1.824552885114 -2.501176608274 -1.546946231364
 105  -1.817795095784 -2.502273700572 -1.736316514656
 106  -2.436543515409 -1.799578641502 -1.522069962692
 107  -2.411361471891 -1.884707348697 -1.544863814479
 108  -2.408244842826 -1.881662969481 -1.747591257628
 109   2.466816390068  0.208423841490 -1.790348559360
 110   2.455230370191  0.452661530560 -1.771495308488
 111   2.077037951578  2.187781463577 -1.547998105936
 112   2.073678479574  2.185059047305 -1.755029493564
 113   2.122507364621  2.129045449303 -1.551438155414
 114   2.126397681395  2.117711994242 -1.736886127717
 115   1.582368948449  2.499445367325 -1.485668505476
 116   1.572762509841  2.496377646836 -1.727071838276
 117   1.499183343883  2.521394067217 -1.459921064821
 118   1.502934713266  2.514074628735 -1.737180730395
 119  -1.589109325180 -2.560594431459 -1.484626784223
 120  -1.576835522952 -2.561014763431 -1.773989392191
 121  -1.668260605291 -2.545983921570 -1.509240412665
 122  -1.670847837935 -2.543967075510 -1.754604495530
 123  -1.562315264851 -2.563675342743 -1.772605654674
 124   2.093755254696 -2.219543129798 -1.550433353445
 125   2.096875523921 -2.214699886627 -1.773010496916
 126   2.022258687357 -2.279621814480 -1.552484209256
 127   2.017490755280 -2.281674491046 -1.748477612732
 128  -2.144766421879 -2.304424092338 -1.560788583752
 129  -2.141362833400 -2.303204065628 -1.766223511270
 130   1.075897345782 -2.567678769591 -1.743325348528
 131   0.803459597049 -2.593390522700 -1.753711938059
 132   1.858315315762  2.381480198248 -1.542021160189
 133   1.852338072715  2.379294277352 -1.724682394038
 134   1.799259520150  2.414761729244 -1.535131876687
 135   1.794528868285  2.411862615312 -1.718290535077
 136   2.435161747815 -1.260160257630 -1.748586285187
 137   2.418955073045 -1.397124999452 -1.754506221416
 138  -1.301879816037 -2.597272673182 -1.760419532203
 139  -1.449191373040 -2.579811173656 -1.765932838248
 140   1.903716749328  2.351069763485 -1.544213369250
 141   1.901899925334  2.345838470419 -1.734721297683
 142   1.960294012434  2.307914034062 -1.543560689206
 143   1.954327233352  2.305311307206 -1.749572694387
 144  -2.481946030202  1.786470867200 -1.525910996435
 145  -2.475405719696  1.790477926773 -1.717468129994
 146  -2.451515813495  1.864236674979 -1.539150627291
 147  -2.444479649758  1.870836773711 -1.711233110793
 148   2.285569191533  1.800334997169 -1.508517132577
 149   2.289534092385  1.789022800700 -1.726502255248
 150   2.256965674013  1.879760003957 -1.526231768695
 151   2.260900735419  1.868563918634 -1.720012558419
 152   2.345532498687 -1.784079207774 -1.519415150711
 153   2.345691404239 -1.783908738933 -1.751087687805
 154   2.324379423217 -1.849201659797 -1.533944042986
 155   2.324739771257 -1.848384833056 -1.746432465961
 156   2.220099134451 -2.069446008683 -1.560461029164
 157   2.220150480986 -2.069014109180 -1.757837105403
 158   2.188335326298 -2.118639334072 -1.560530687391
 159   2.192820447513 -2.111326162055 -1.766066911851
 160   2.198358135789  2.010024782696 -1.547330538564
 161   2.199053081466  2.004863462353 -1.719502864778
 162   2.164149317703  2.067781653364 -1.551091751175
 163   2.169771234666  2.054248546595 -1.725023405329
 164  -2.518959597463 -1.315402887834 -1.746729561576
 165  -2.502610588753 -1.429882484200 -1.749866509956
 166  -1.816129228120  2.427071788025 -1.490262059875
 167  -1.818432976105  2.421542364779 -1.698028042728
 168  -1.880932076810  2.404479388154 -1.508030348614
 169  -1.881856522985  2.399974001464 -1.691613180119
 170   1.911580306989 -2.357950890819 -1.546408302634
 171   1.904395663478 -2.361829198414 -1.726131648404
 172   1.962718740737 -2.324338470415 -1.550841570810
 173   1.956643283928 -2.327470939677 -1.734248362912
 174  -2.244707668500  2.166576338355 -1.537980917731
 175  -2.237564464627  2.166830617965 -1.749168953934
 176  -2.200869972220  2.208901074616 -1.542951743027
 177  -2.196680885356  2.207010763215 -1.731394589098
 178  -1.305274526865  2.514504895215 -1.721432146783
 179  -1.062614167320  2.537216060070 -1.731173797258
 180   2.144107912477 -2.172963707336 -1.554285696849
 181   2.142711684825 -2.172207399259 -1.786869875922
 182   2.170534157318 -2.141977412436 -1.558676301699
 183   2.175586514579 -2.133861846963 -1.772675243250
 184  -2.601950724996  0.141339204003 -1.777575039052
 185  -2.509464122169  1.705348756258 -1.509208427192
 186  -2.505977214065  1.697943589925 -1.728523060852
 187  -2.524214218976  1.651003597987 -1.495497554114
 188  -2.519946744653  1.644389219597 -1.737784115370
 189  -1.970970291059 -2.435104996729 -1.565816513273
 190  -1.970489087720 -2.432663007341 -1.738298142724
 191  -2.034144551422 -2.393618782326 -1.565096197146
 192  -2.026564246668 -2.395670990426 -1.748149085077
 193   1.856278234089 -2.389504194476 -1.538590775240
 194   1.861807073874 -2.386125643693 -1.722579845889
 195   1.803783801649 -2.416280197449 -1.529168366191
 196   1.801800002680 -2.416706839356 -1.720592139662
 197  -1.362097252832  2.508263730468 -1.719997205816
 198  -1.532599961045  2.483979551353 -1.720786203995
 199  -2.108051062470  2.281753701096 -1.542944206133
 200  -2.103549049411  2.280705824075 -1.705775140804
 201  -2.159492498921  2.243100824247 -1.544030969704
 202  -2.156685712058  2.240452859775 -1.718896589006
 203  -2.391106326182 -1.940259051911 -1.557149767616
 204  -2.388085594719 -1.938180557957 -1.738527930922
 205  -2.364501331027 -2.001214382066 -1.567664987855
 206  -2.362858182339 -1.996787286711 -1.732328784906
 207   2.468028559683 -0.575980816694 -1.763571262796
 208   2.472150912323 -0.314982596801 -1.777084885485
 209   2.011798377403  2.260031500025 -1.537434870612
 210   2.020231681825  2.243564867806 -1.777140221397
 211   2.027358919549  2.244362005112 -1.540685897055
 212   2.030736707748  2.233220208779 -1.772355055897
 213   1.989057249856  2.282650135688 -1.541089888897
 214   1.997914955986  2.266243300416 -1.766347303379
 215  -2.592378031611  0.852391071894 -1.746007135802
 216  -2.598981416432  0.561297445387 -1.756566974752
 217  -2.415822513388  1.935211207918 -1.545813934088
 218  -2.405331109303  1.945471846162 -1.713457615824
 219  -2.433272100436  1.903571474856 -1.543895880344
 220  -2.434364137943  1.892800445376 -1.710807393821
 221  -2.534984133643  1.563160990823 -1.756559774662
 222  -2.546221477500  1.485004695754 -1.751061986252
 223  -2.539055301138  1.575923292621 -1.472766441508
 224  -2.534900611135  1.563771739850 -1.756395888246
 225   2.471292312188  0.019841075470 -1.800116278467
 226   2.472165193014 -0.094945521552 -1.791684473862
 227  -2.115561126610 -2.331475304278 -1.558242464793
 228  -2.114230068938 -2.328178249909 -1.771261915335
 229  -2.079180351591 -2.361477378011 -1.562830107602
 230  -2.075235554102 -2.360690643486 -1.758992526519
 231  -2.598082457604 -0.113423801006 -1.795311176599
 232  -2.600468215828 -0.019723271284 -1.787940006707
 233  -2.595846811217 -0.216662668752 -1.787121067109
 234  -2.379494800334  1.994448135734 -1.546901747694
 235  -2.391854998428  1.967373608897 -1.715638802639
 236  -2.351268827657  2.038170155188 -1.546737752193
 237  -2.344268426305  2.040638603510 -1.724862548039
 238   1.695879849420 -2.459963650422 -1.502641752707
 239   1.692393827591 -2.460673597236 -1.726706004962
 240   1.738134954833 -2.444722744189 -1.514205578019
 241   1.738641773362 -2.444033508807 -1.722514669245
 242  -2.578653214698 -0.583442509243 -1.766173491966
 243  -2.569790814790 -0.726938299958 -1.759859621614
 244  -0.036852840347 -2.635188163838 -1.813286502511
 245  -0.236772870552 -2.636801206588 -1.798129029010
 246  -2.583510883959  1.041853545757 -1.743157147855
 247  -2.571963841117  1.225451013970 -1.742996605205
 248  -0.555826168781 -2.635025603889 -1.777830016505
 249  -0.319907270151 -2.636824258802 -1.792405337801
 250  -1.962390750559  2.368831456099 -1.525810958364
 251  -1.955623202050  2.368092442766 -1.689818473941
 252  -1.994113475260  2.352529940465 -1.531215402919
 253  -2.001148295434  2.344848569990 -1.691685983367
 254   0.507920817274  2.588186256413 -1.761196991657
 255   0.248885797525  2.591894410618 -1.777567244254
 256   2.383954776809  1.327521416027 -1.731240374961
 257   2.370948241898  1.418934414617 -1.732127024517
 258  -2.453697567151 -1.702465472708 -1.766132138376
 259  -2.476940117307 -1.591139204504 -1.756611971224
 260   2.329127945578  1.639113510374 -1.462694397977
 261   2.324856503349  1.663828539632 -1.744806511040
 262   2.318790515786  1.685653585456 -1.477443568020
 263   2.321135252524  1.680412481118 -1.741586770237
 264   2.343604794131  1.579813630736 -1.737767041196
 265   0.614376924011 -2.608246593772 -1.763658606114
 266   0.452182770065 -2.618407619135 -1.774556420397
 267   1.252666535806 -2.546768664340 -1.740458393193
 268   1.385784471874 -2.527820582296 -1.741232103540
 269  -2.281867686400  2.126380284708 -1.537884065994
 270  -2.283252267904  2.117623338188 -1.743022325562
 271  -2.313819810544  2.088190596190 -1.543021199746
 272  -2.308663315966  2.087682816910 -1.734667326646
 273  -2.599837894385  0.503264959040 -1.759077175604
 274  -2.601996407791  0.181543843396 -1.775273327999
 275   0.729437114951  2.583231706471 -1.748845078221
 276   0.882774916641  2.577351056802 -1.742558659319
 277   2.381163933284 -1.630823384161 -1.774000518262
 278   2.396316503477 -1.547825830211 -1.765473234950
 279   2.375805956998 -1.660141251146 -1.768419602985
 280  -2.225612175826 -2.217898115694 -1.575035580373
 281  -2.220464667585 -2.218902230563 -1.743456404866
 282  -2.191448021193 -2.256791276635 -1.570105003375
 283  -2.182257814424 -2.261952131633 -1.753463827079
 284  -0.159548500151  2.588497034439 -1.797901972025
 285  -0.278910309061  2.584996655190 -1.786077228858
 286   2.393743472310  1.232032113955 -1.733793516298
 287   2.412487406085  1.033935949816 -1.740522102978
 288   2.439185584573  0.707048314663 -1.755502391552
 289   2.422913200630  0.913664964716 -1.745481519962
 290   2.463428484361 -0.770890275683 -1.754889263283
 291   2.459054672083 -0.882114808104 -1.751555201686
 292   1.237526785854  2.553732561986 -1.737263444650
 293   1.338685904795  2.541677524550 -1.740667263107
 294   1.573753668601 -2.493291933095 -1.462461168561
 295   1.560630009055 -2.495688606242 -1.748884464376
 296   1.606785859364 -2.485886094539 -1.474343158140
 297   1.608850857640 -2.484928361153 -1.739071384677
 298   1.530263953199 -2.502480795041 -1.746445475198
 299   1.167393154895  2.559812888685 -1.737007062396
 300   1.040182810544  2.568785591178 -1.738440962015
 301   1.260305325475  1.984692320455 -2.255148254595
 302  -0.001216273366  1.541198995545 -2.533653733591
 303   1.233963285084  1.436386009320 -2.532629385674
 304   1.793055735861  1.499572250996 -2.244963533560
 305   1.421212609358  0.070177897268 -2.531104601317
 306   1.238367926881  1.432216679806 -2.532621883383
 307   1.865128574909 -1.457398997038 -2.254906394812
 308   1.425680488606 -0.075196282068 -2.530953841740
 309   1.330262851665 -1.423486347302 -2.529657321929
 310   1.373319725325 -1.953554612129 -2.264561300571
 311   1.320966732433 -1.433267234951 -2.529654311464
 312   0.041974351114 -1.595933180231 -2.530439945481
 313  -1.406267570669 -2.043730229292 -2.246421955374
 314  -0.084524744301 -1.598698820566 -2.530531160926
 315  -1.922444690754 -1.551708850670 -2.245647767860
 316  -1.546231977426 -0.101950418012 -2.533135579499
 317  -1.375081626511 -1.504103984426 -2.525926941414
 318  -1.365244048803 -1.493910357657 -2.531589331356
 319  -1.960038209546  1.361306806492 -2.268902029436
 320  -1.548786696775  0.009826750782 -2.533250842955
 321  -1.487031025183  1.907350315193 -2.247422879302
 322  -0.115061813126  1.537414162584 -2.533734510623
 323  -1.429943650984  1.359316583805 -2.531482603181
 324  -1.424274408930  1.354155357147 -2.534521720466
 325  -0.042496095881 -0.013175428877  0.877932361092
 326  -0.048040045019 -0.018913458709  0.877932361092
 327  -0.047800919835 -0.008010425928  0.877932361092
 328  -0.053347901473 -0.013771080423  0.877932361092
 329  -0.090448505422  1.416084424322 -0.140540898291
 330   0.401866729107  1.695419585746 -0.463676567706
 331   1.433897981477  2.517604590481 -1.426190937165
 332  -0.557188560218  1.658968159789 -0.445988387610
 333  -1.661186944286  2.448000954684 -1.426988116287
 334   1.448776746536  2.531029688882 -1.441961381741
 335  -0.034549648269  2.596541390590 -1.561482769762
 336  -0.827628420682  2.560244216383 -1.539439925150
 337  -1.680695933852  2.463761312175 -1.446513317904
 338  -1.636442467357  2.473419742764 -1.456941272873
 339  -0.546583257884  2.577635998444 -1.552708904762
 340   1.390419505650  2.541351787404 -1.455996140317
 341  -1.292769880531  2.520740286030 -1.504561658979
 342  -1.058064700426  2.542466043682 -1.524320855012
 343  -1.365529404689  2.512875167343 -1.497074502528
 344  -1.523961223148  2.490835412360 -1.474850360239
 345   0.492893179343  2.593233791233 -1.543068053009
 346   0.256758672988  2.596708441916 -1.553714886461
 347   0.748876932052  2.587500527821 -1.529156545756
 348   0.892744238873  2.582087547460 -1.518698101347
 349  -0.148618809165  2.593855698503 -1.561367000049
 350  -0.298286545661  2.589184729804 -1.559832790948
 351   1.240206069475  2.559568524759 -1.482056941486
 352   1.324259429453  2.549954899690 -1.468172949185
 353   1.165451853576  2.565815336592 -1.491629473325
 354   1.044520348572  2.574061173946 -1.504874115617
 355  -2.438085574805 -1.736842175207 -1.493748675439
 356  -1.579147459452 -0.416026078346 -0.369863295468
 357  -1.435543283551 -0.008936145479 -0.173545858745
 358  -1.632681731678  0.396018327418 -0.399494696835
 359  -2.518357873231  1.544670435267 -1.444913472706
 360  -2.447932545458 -1.749923247674 -1.506539901403
 361  -2.566332288746  1.359483897257 -1.512720818269
 362  -2.591796375127 -0.414498419464 -1.624435547700
 363  -2.556783077493 -0.949027240305 -1.605210261916
 364  -2.524228970162 -1.299259032021 -1.580703534733
 365  -2.503709473786 -1.445801066726 -1.561902672812
 366  -2.605139683609  0.118079962884 -1.616900513789
 367  -2.596668192839  0.848329262683 -1.573404941534
 368  -2.601858329382  0.610374446143 -1.590588439209
 369  -2.540010556662  1.569524586076 -1.470617342215
 370  -2.553598926871  1.470944277209 -1.491907722496
 371  -2.603677218634 -0.052383213789 -1.622791721784
 372  -2.600042617449 -0.204201927844 -1.625149183651
 373  -2.583508245413 -0.566770545927 -1.621047918403
 374  -2.572037362539 -0.751538819850 -1.615185441439
 375  -2.587605507950  1.050763160186 -1.553028649011
 376  -2.579576975417  1.184597776334 -1.537033611943
 377  -2.461905321807 -1.686208041662 -1.520972484626
 378  -2.480766763962 -1.593301662218 -1.540142839889
 379  -2.603616733304  0.487632145563 -1.598313720164
 380  -2.605248091276  0.241922583536 -1.611438432767
 381   0.412034703847 -1.676772953963 -0.453587158766
 382  -0.006133830102 -1.479197916742 -0.207680352136
 383  -0.429493405114 -1.693789844293 -0.458794616797
 384   1.482523633794 -2.512958929544 -1.481597016269
 385   0.233092147704 -2.629359002174 -1.599246516431
 386  -1.084999768105 -2.615404795706 -1.558425722979
 387  -0.828560766488 -2.629418497740 -1.579995128688
 388  -1.585368849550 -2.561281257003 -1.484039976601
 389  -1.568751040645 -2.564291452898 -1.487973041759
 390   1.077484309638 -2.568331204134 -1.541009526895
 391   0.820669060621 -2.592510265187 -1.565497655217
 392  -1.298784435386 -2.598706078751 -1.534394265978
 393  -1.456280602598 -2.580184173538 -1.509188364330
 394  -0.041408929332 -2.635821019147 -1.602044176114
 395  -0.267057758437 -2.637598845137 -1.600081381748
 396  -0.560801078879 -2.635677101753 -1.592417140102
 397  -0.312455966127 -2.637602156950 -1.599259083322
 398   0.597627651845 -2.610021026056 -1.582557848570
 399   0.457396045843 -2.618811617391 -1.590607846055
 400   1.245310833735 -2.548554007853 -1.520210814260
 401   1.362287000112 -2.531965777561 -1.502332793667
 402   1.566720376159 -2.494866221808 -1.461307823543
 403   1.524260345112 -2.504337202769 -1.471957981079
 404   1.500232339478  0.477989648591 -0.414659786058
 405   1.304569252809  0.020288228894 -0.165783137339
 406   1.511430794286 -0.441813190337 -0.414568766426
 407   2.351843206271  1.534254929670 -1.483697937580
 408   2.445392314577 -1.128285901914 -1.559026634486
 409   2.382034510912 -1.622936753233 -1.473187942840
 410   2.466281724789  0.205577745125 -1.605069292860
 411   2.454003331395  0.465079219095 -1.593819159554
 412   2.434970639729 -1.260557941346 -1.544135678971
 413   2.419616326752 -1.390161174147 -1.523185868975
 414   2.467456655075 -0.594643226732 -1.594396072632
 415   2.471981941683 -0.307621259237 -1.604341020462
 416   2.470623234071  0.021708315258 -1.607651406190
 417   2.471984251314 -0.151989131665 -1.606702227229
 418   2.384580411476  1.317355570174 -1.520891325685
 419   2.368995576465  1.426377039741 -1.503272438917
 420   2.331954806547  1.626423302103 -1.460502234354
 421   2.341455654622  1.584139656838 -1.471609464492
 422   2.394539713638 -1.556585013543 -1.489656303557
 423   2.386425146962 -1.600978514634 -1.478949784661
 424   2.391352747700  1.251399266352 -1.528265981274
 425   2.413927146202  1.013287649235 -1.552571438707
 426   2.437760264802  0.722610033242 -1.577636774297
 427   2.424025925594  0.896915856668 -1.563295336743
 428   2.463386766819 -0.767089351278 -1.586750442954
 429   2.458625987250 -0.888036027490 -1.579030903805
 430  -2.430917973529 -1.765827298490 -1.779964585305
 431  -2.449875437038 -1.719422948204 -1.767830499996
 432  -2.419579726209 -1.842076778593 -1.756000517289
 433  -2.433022094699 -1.795807842769 -1.756000517289


   0  329    18    3
   0  330    17    1
   0   23    16    1
   1  209    15    4
   1    2    14    1
   1   19     1    0
   2  260    14    2
   2    6    13    1
   2    1     1    5
   3  406    35    1
   3    5    34    1
   3  405    12    3
   4    7    33    2
   4  404    13    4
   4    5    12    1
   5   78    34    2
   5    4    33    1
   5    3    12    2
   6    7    13    2
   6  325     7    2
   6    2     1    4
   7    8    33    3
   7    4    13    3
   7    6     7    1
   8   55    33    4
   8    9    32    0
   8    7     7    0
   9   10    32    1
   9   11    30    2
   9    8     7    8
  10  294    32    2
  10  381    31    1
  10    9    30    1
  11  382    30    3
  11   12    29    1
  11    9     7    7
  12   13    29    2
  12   14    27    2
  12   11     7    6
  13  383    29    3
  13  119    28    1
  13   12    27    1
  14   15    27    3
  14   12     7    5
  14  326     5    1
  15   59    27    4
  15   16    26    0
  15   14     5    0
  16   17    26    1
  16   20    23    3
  16   15     5    5
  17  355    26    2
  17   18    25    1
  17   16    23    2
  18  356    25    2
  18  357    24    1
  18   17    23    1
  19    1    15    3
  19   25     3    6
  19  327     1    1
  20   21    23    4
  20   16     5    4
  20  328     3    3
  21  358    23    5
  21   22    22    1
  21   20     3    2
  22  359    22    2
  22   26    21    1
  22   21     3    1
  23   27    20    3
  23    0    18    2
  23   24    16    2
  24   23    20    2
  24  331    16    3
  24   25    15    1
  25   24    20    1
  25   19    15    2
  25   26     3    7
  26   57    21    2
  26   25    20    0
  26   22     3    0
  27  333    20    4
  27  332    19    1
  27   23    18    1
  28   31   218    1
  28   29    50    1
  28  307     8    2
  29   50    51    0
  29  277    50    2
  29   28     8    1
  30  310   218    3
  30   31    49    2
  30   32    11    1
  31   30   218    2
  31   28    50    0
  31   56    49    3
  32   30    49    1
  32  295    48    0
  32   33    11    2
  33   32    48   12
  33   53    47    1
  33   35    11    3
  34   37   217    1
  34   35    46    2
  34  313    11    5
  35   33    47    0
  35  120    46    3
  35   34    11    4
  36  315   217    3
  36   37    45    2
  36   38    10    1
  37   36   217    2
  37   34    46    1
  37   60    45    3
  38   36    45    1
  38  430    44    0
  38   39    10    2
  39   38    44   13
  39  231    43    1
  39   41    10    3
  40   43   216    4
  40   41    42    2
  40  319    10    5
  41   39    43    0
  41  221    42    3
  41   40    10    4
  42  321   216    0
  42   43    41    2
  42   44     9    5
  43   42   216    5
  43   40    42    1
  43   58    41    3
  44   42    41    1
  44   81    40    0
  44   45     9    6
  45   44    40   12
  45   52    39    1
  45   47     9    7
  46   49   215    1
  46   47    38    2
  46  301     9    0
  47   45    39    0
  47   61    38    3
  47   46     9    8
  48  304   215    3
  48   49    37   13
  48   51     8    7
  49   48   215    2
  49   46    38    1
  49  210    37    0
  50   54    51    1
  50   51    36    1
  50   29     8    0
  51   48    37   12
  51  261    36    2
  51   50     8    8
  52  284   102    1
  52   45    40   11
  52   68    39    2
  53   70   178    1
  53   33    48   11
  53  244    47    2
  54  109    64    1
  54  225    51    2
  54   50    36    0
  55  124   196    0
  55  180    33    5
  55    8    32   13
  56  181   196    3
  56   31    50   14
  56  125    49    4
  57  174   121    0
  57  269    21    3
  57   26    20   17
  58  270   121    3
  58   43    42    0
  58  175    41    4
  59  128   161    0
  59  227    27    5
  59   15    26   15
  60  228   161    3
  60   37    46    0
  60  129    45    4
  61   97    92    3
  61   47    39   13
  61  118    38    4
  62   63   166    3
  62  189   165    2
  62  104    27   10
  63  105   166    0
  63   62   165    1
  63  190    46    8
  64   65    78    1
  64  150    77    0
  64  160    14    7
  65  161    78    2
  65   64    77    3
  65  151    37    7
  66  264    73    0
  66  407    72    2
  66  257    36    5
  67  247   134    1
  67  361   133    1
  67  222    43   11
  68   52   102    0
  68  335   101    1
  68  255    39    3
  69  298   186    1
  69  384   185    2
  69  268    48    3
  70  266   179    1
  70  385   178    2
  70   53    48   10
  71   72   156    1
  71  205   155    2
  71   92    26    9
  72   93   156    2
  72   71   155    1
  72  206    45   10
  73  291   210    1
  73  408   209    1
  73  136    51    9
  74  179   106    0
  74  336   105    2
  74   96    40    7
  75  242   144    1
  75  362   143    2
  75  233    44   10
  76   77   173    1
  76  386   172    1
  76  138    47    8
  77  248   174    0
  77  387   173    2
  77   76    47    7
  78   79   205    0
  78  409    34    3
  78    5    33    0
  79   80   205    1
  79  152   204    2
  79   78    33   14
  80  279   205    2
  80   79   204    1
  80  153    50    5
  81   83   111    0
  81   44    41    0
  81   84    40    1
  82   83   112    3
  82  337   111    2
  82  166    20    7
  83  167   112    0
  83   82   111    1
  83   81    41   14
  84   81   111    5
  84  338   110    2
  84  198    40    2
  85   86   117    3
  85  252   116    2
  85  199    20   12
  86  200   117    0
  86   85   116    1
  86  253    41    9
  87  164   147    0
  87  363   146    1
  87  243    44    7
  88   89    90    3
  88   90    89    2
  88  115    15   12
  89  116    90    0
  89   88    89    1
  89   91    38    7
  90   91    89    3
  90  134    88    2
  90   88    15   11
  91   89    89    0
  91   90    88    1
  91  135    38    8
  92   93   157    1
  92   71   156    0
  92   94    26   10
  93   95   157    2
  93   92   156    3
  93   72    45    9
  94   95   158    3
  94   92   157    0
  94  280    26   11
  95  281   158    0
  95   94   157    3
  95   93    45    8
  96   74   105    1
  96  339   104    2
  96  285    40    8
  97  293    93    0
  97  340    92    4
  97   61    39   12
  98   99   201    1
  98  156   200    2
  98  100    33   10
  99  101   201    2
  99   98   200    1
  99  157    50    9
 100  101   202    3
 100   98   201    0
 100  154    33   11
 101  155   202    0
 101  100   201    3
 101   99    50    8
 102  103   168    3
 102  104   167    2
 102  121    27   12
 103  122   168    0
 103  102   167    1
 103  105    46    6
 104  105   167    3
 104   62   166    2
 104  102    27   11
 105  103   167    0
 105  104   166    1
 105   63    46    7
 106  433   152    1
 106  360   151    3
 106  107    26    5
 107  108   153    1
 107  106   152    0
 107  203    26    6
 108  204   153    2
 108  107   152    4
 108  432    45   13
 109  110    65    1
 109  410    64    2
 109   54    36   13
 110  288    66    1
 110  411    65    2
 110  109    36   12
 111  112    82    1
 111  113    81    2
 111  211    14   11
 112  212    82    2
 112  111    81    1
 112  114    37    3
 113  114    81    3
 113  162    80    2
 113  111    14   10
 114  112    81    0
 114  113    80    1
 114  163    37    4
 115  116    91    1
 115   88    90    2
 115  117    15   13
 116  118    91    2
 116  115    90    1
 116   89    38    6
 117  118    92    1
 117  115    91    0
 117  334    15   14
 118   61    92    2
 118  117    91    3
 118  116    38    5
 119  121   169    0
 119  388    28    2
 119   13    27    0
 120  123   169    3
 120   35    47   12
 120  122    46    4
 121  122   169    1
 121  102   168    2
 121  119    27   13
 122  120   169    2
 122  121   168    1
 122  103    46    5
 123  139   170    0
 123  389   169    4
 123  120    47   11
 124  125   196    1
 124  126   195    2
 124   55    32   12
 125   56   196    2
 125  124   195    1
 125  127    49    5
 126  127   195    3
 126  172   194    2
 126  124    32   11
 127  125   195    0
 127  126   194    1
 127  173    49    6
 128  129   161    1
 128  282   160    2
 128   59    26   14
 129   60   161    2
 129  128   160    1
 129  283    45    5
 130  267   183    0
 130  390   182    1
 130  131    48    6
 131  130   182    0
 131  391   181    2
 131  265    48    7
 132  133    87    1
 132  140    86    2
 132  134    15    9
 133  135    87    2
 133  132    86    1
 133  141    38   10
 134  135    88    3
 134  132    87    0
 134   90    15   10
 135   91    88    0
 135  134    87    3
 135  133    38    9
 136   73   209    0
 136  412   208    1
 136  137    51   10
 137  136   208    0
 137  413   207    1
 137  278    51   11
 138   76   172    0
 138  392   171    1
 138  139    47    9
 139  138   171    0
 139  393   170    1
 139  123    47   10
 140  141    86    3
 140  142    85    2
 140  132    15    8
 141  133    86    0
 141  140    85    1
 141  143    38   11
 142  143    85    3
 142  213    84    0
 142  140    15    7
 143  141    85    0
 143  142    84    3
 143  214    38   12
 144  145   129    1
 144  146   128    2
 144  185    21   11
 145  186   129    2
 145  144   128    1
 145  147    42    8
 146  147   128    3
 146  219   127    2
 146  144    21   10
 147  145   128    0
 147  146   127    1
 147  220    42    9
 148  149    76    1
 148  262    75    2
 148  150    14    5
 149  151    76    2
 149  148    75    1
 149  263    37    9
 150  151    77    1
 150  148    76    0
 150   64    14    6
 151   65    77    2
 151  150    76    3
 151  149    37    8
 152  153   204    3
 152  154   203    2
 152   79    33   13
 153   80   204    0
 153  152   203    1
 153  155    50    6
 154  155   203    3
 154  100   202    2
 154  152    33   12
 155  153   203    0
 155  154   202    1
 155  101    50    7
 156  157   200    3
 156  158   199    2
 156   98    33    9
 157   99   200    0
 157  156   199    1
 157  159    50   10
 158  159   199    3
 158  182   198    0
 158  156    33    8
 159  157   199    0
 159  158   198    3
 159  183    50   11
 160  161    79    1
 160   64    78    0
 160  162    14    8
 161  163    79    2
 161  160    78    3
 161   65    37    6
 162  163    80    3
 162  160    79    0
 162  113    14    9
 163  114    80    0
 163  162    79    3
 163  161    37    5
 164  165   148    1
 164  364   147    1
 164   87    44    6
 165  259   149    0
 165  365   148    2
 165  164    44    5
 166  167   113    1
 166   82   112    2
 166  168    20    8
 167  169   113    2
 167  166   112    1
 167   83    41   13
 168  169   114    1
 168  166   113    0
 168  250    20    9
 169  251   114    2
 169  168   113    3
 169  167    41   12
 170  171   193    1
 170  193   192    2
 170  172    32    9
 171  173   193    2
 171  170   192    1
 171  194    49    8
 172  173   194    3
 172  170   193    0
 172  126    32   10
 173  127   194    0
 173  172   193    3
 173  171    49    7
 174  175   121    1
 174  176   120    2
 174   57    20   16
 175   58   121    2
 175  174   120    1
 175  177    41    5
 176  177   120    3
 176  201   119    2
 176  174    20   15
 177  175   120    0
 177  176   119    1
 177  202    41    6
 178  197   108    0
 178  341   107    1
 178  179    40    5
 179  178   107    0
 179  342   106    1
 179   74    40    6
 180  181   197    1
 180   55   196    5
 180  182    33    6
 181  183   197    2
 181  180   196    4
 181   56    50   13
 182  183   198    1
 182  180   197    0
 182  158    33    7
 183  159   198    2
 183  182   197    3
 183  181    50   12
 184  232   141    0
 184  366   140    1
 184  274    43    4
 185  186   130    1
 185  144   129    0
 185  187    21   12
 186  188   130    2
 186  185   129    3
 186  145    42    7
 187  188   131    1
 187  185   130    0
 187  223    21   13
 188  224   131    2
 188  187   130    3
 188  186    42    6
 189  190   165    3
 189  191   164    2
 189   62    27    9
 190   63   165    0
 190  189   164    1
 190  192    46    9
 191  192   164    3
 191  229   163    0
 191  189    27    8
 192  190   164    0
 192  191   163    3
 192  230    46   10
 193  194   192    3
 193  195   191    2
 193  170    32    8
 194  171   192    0
 194  193   191    1
 194  196    49    9
 195  196   191    3
 195  240   190    0
 195  193    32    7
 196  194   191    0
 196  195   190    3
 196  241    49   10
 197  198   109    1
 197  343   108    1
 197  178    40    4
 198   84   110    1
 198  344   109    2
 198  197    40    3
 199  200   118    1
 199   85   117    2
 199  201    20   13
 200  202   118    2
 200  199   117    1
 200   86    41    8
 201  202   119    3
 201  199   118    0
 201  176    20   14
 202  177   119    0
 202  201   118    3
 202  200    41    7
 203  204   154    1
 203  107   153    0
 203  205    26    7
 204  206   154    2
 204  203   153    3
 204  108    45   12
 205  206   155    3
 205  203   154    0
 205   71    26    8
 206   72   155    0
 206  205   154    3
 206  204    45   11
 207  208   213    1
 207  414   212    1
 207  290    51    6
 208  415   213    2
 208  226    62    0
 208  207    51    5
 209  211    83    0
 209  213    15    5
 209    1    14    0
 210  214    83    3
 210   49    38    0
 210  212    37    1
 211  212    83    1
 211  111    82    0
 211  209    14   12
 212  210    83    2
 212  211    82    3
 212  112    37    2
 213  214    84    1
 213  209    83    5
 213  142    15    6
 214  143    84    2
 214  213    83    4
 214  210    38   13
 215  216   137    1
 215  367   136    1
 215  246    43    8
 216  273   138    0
 216  368   137    2
 216  215    43    7
 217  218   126    1
 217  234   125    0
 217  219    21    8
 218  220   126    2
 218  217   125    3
 218  235    42   11
 219  220   127    3
 219  217   126    0
 219  146    21    9
 220  147   127    0
 220  219   126    3
 220  218    42   10
 221  222   132    0
 221   41    43   13
 221  224    42    4
 222   67   133    0
 222  370   132    1
 222  221    43   12
 223  224   132    4
 223  187   131    0
 223  369    21   14
 224  221   132    5
 224  223   131    3
 224  188    42    5
 225   54    64    0
 225  416    63    1
 225  226    51    3
 226  225    63    0
 226  417    62    1
 226  208    51    4
 227  228   162    1
 227   59   161    5
 227  229    27    6
 228  230   162    2
 228  227   161    4
 228   60    46   12
 229  230   163    1
 229  227   162    0
 229  191    27    7
 230  192   163    2
 230  229   162    3
 230  228    46   11
 231  233   142    2
 231   39    44   12
 231  232    43    2
 232  231   142    1
 232  371   141    1
 232  184    43    3
 233   75   143    1
 233  372   142    3
 233  231    44   11
 234  235   125    1
 234  236   124    2
 234  217    21    7
 235  218   125    2
 235  234   124    1
 235  237    42   12
 236  237   124    3
 236  271   123    0
 236  234    21    6
 237  235   124    0
 237  236   123    3
 237  272    42   13
 238  239   189    1
 238  296   188    2
 238  240    32    5
 239  241   189    2
 239  238   188    1
 239  297    49   12
 240  241   190    1
 240  238   189    0
 240  195    32    6
 241  196   190    2
 241  240   189    3
 241  239    49   11
 242  243   145    1
 242  373   144    2
 242   75    44    9
 243   87   146    0
 243  374   145    2
 243  242    44    8
 244   53   178    0
 244  394   177    1
 244  245    47    3
 245  244   177    0
 245  395   176    1
 245  249    47    4
 246  215   136    0
 246  375   135    1
 246  247    43    9
 247  246   135    0
 247  376   134    2
 247   67    43   10
 248  249   175    1
 248  396   174    1
 248   77    47    6
 249  245   176    0
 249  397   175    2
 249  248    47    5
 250  251   115    1
 250  168   114    0
 250  252    20   10
 251  253   115    2
 251  250   114    3
 251  169    41   11
 252  253   116    3
 252  250   115    0
 252   85    20   11
 253   86   116    0
 253  252   115    3
 253  251    41   10
 254  255   100    1
 254  345    99    1
 254  275    39    5
 255   68   101    0
 255  346   100    2
 255  254    39    4
 256  257    71    1
 256  418    70    1
 256  286    36    7
 257   66    72    1
 257  419    71    2
 257  256    36    6
 258  431   151    0
 258  377   150    1
 258  259    44    3
 259  258   150    0
 259  378   149    1
 259  165    44    4
 260  420    74    3
 260  262    14    3
 260    2    13    0
 261  263    74    0
 261   51    37   11
 261  264    36    3
 262  263    75    3
 262  260    74    2
 262  148    14    4
 263  149    75    0
 263  262    74    1
 263  261    37   10
 264  261    74    6
 264  421    73    1
 264   66    36    4
 265  131   181    1
 265  398   180    1
 265  266    48    8
 266  265   180    0
 266  399   179    2
 266   70    48    9
 267  268   184    1
 267  400   183    1
 267  130    48    5
 268   69   185    1
 268  401   184    2
 268  267    48    4
 269  270   122    1
 269   57   121    5
 269  271    21    4
 270  272   122    2
 270  269   121    4
 270   58    42   15
 271  272   123    1
 271  269   122    0
 271  236    21    5
 272  237   123    2
 272  271   122    3
 272  270    42   14
 273  274   139    1
 273  379   138    1
 273  216    43    6
 274  184   140    0
 274  380   139    2
 274  273    43    5
 275  254    99    0
 275  347    98    1
 275  276    39    6
 276  275    98    0
 276  348    97    2
 276  300    39    7
 277  278   206    0
 277   29    51   13
 277  279    50    3
 278  137   207    0
 278  422   206    1
 278  277    51   12
 279  277   206    4
 279  423   205    3
 279   80    50    4
 280  281   159    1
 280   94   158    2
 280  282    26   12
 281  283   159    2
 281  280   158    1
 281   95    45    7
 282  283   160    3
 282  280   159    0
 282  128    26   13
 283  129   160    0
 283  282   159    3
 283  281    45    6
 284  285   103    1
 284  349   102    2
 284   52    40   10
 285   96   104    1
 285  350   103    2
 285  284    40    9
 286  256    70    0
 286  424    69    1
 286  287    36    8
 287  286    69    0
 287  425    68    1
 287  289    36    9
 288  289    67    1
 288  426    66    2
 288  110    36   11
 289  287    68    0
 289  427    67    2
 289  288    36   10
 290  207   212    0
 290  428   211    1
 290  291    51    7
 291  290   211    0
 291  429   210    2
 291   73    51    8
 292  299    95    0
 292  351    94    1
 292  293    39   10
 293  292    94    0
 293  352    93    1
 293   97    39   11
 294  402   187    3
 294  296    32    3
 294   10    31    0
 295  297   187    0
 295   32    49    0
 295  298    48    1
 296  297   188    3
 296  294   187    2
 296  238    32    4
 297  239   188    0
 297  296   187    1
 297  295    49   13
 298  295   187    6
 298  403   186    2
 298   69    48    2
 299  300    96    1
 299  353    95    1
 299  292    39    9
 300  276    97    1
 300  354    96    2
 300  299    39    8
 301   46   215    0
 301  303    53    2
 301  302     9    1
 302  303    60   13
 302  301    53    1
 302  322     9    2
 303  301   215    6
 303  306    60    0
 303  302    53    0
 304  306   215    4
 304  305    52    2
 304   48     8    6
 305  308    60    2
 305  306    52    0
 305  304     8    5
 306  303   215    5
 306  305    60    1
 306  304    52    1
 307   28   218    0
 307  309    59    2
 307  308     8    3
 308  309    60    3
 308  307    59    1
 308  305     8    4
 309  307   218    6
 309  311    60    4
 309  308    59    0
 310  311   218    4
 310  312    58    2
 310   30    11    0
 311  309   218    5
 311  312    60    5
 311  310    58    1
 312  314    60    6
 312  311    58    0
 312  310    11    8
 313   34   217    0
 313  317    57    2
 313  314    11    6
 314  318    60    7
 314  313    57    1
 314  312    11    7
 315  317   217    4
 315  316    56    2
 315   36    10    0
 316  320    60    9
 316  318    56    3
 316  315    10    8
 317  313   217    5
 317  318    57    3
 317  315    56    1
 318  316    60    8
 318  314    57    0
 318  317    56    0
 319   40   216    3
 319  323    55    2
 319  320    10    6
 320  324    60   10
 320  319    55    1
 320  316    10    7
 321  323   216    1
 321  322    54    2
 321   42     9    4
 322  302    60   12
 322  324    54    3
 322  321     9    3
 323  319   216    2
 323  324    55    3
 323  321    54    1
 324  322    60   11
 324  320    55    0
 324  323    54    0
 325  327    61    3
 325  326     7    3
 325    6     1    3
 326  325    61    2
 326   14     7    4
 326  328     5    2
 327  328    61    0
 327   19     3    5
 327  325     1    2
 328  326    61    1
 328   20     5    3
 328  327     3    4
 329  332    18    4
 329    0    17    0
 329  330     2   21
 330  329    17    2
 330    0    16    0
 330  331     2   22
 331  330    16    4
 331   24    15    0
 331  334     2   23
 332  333    19    2
 332   27    18    0
 332  329     2   20
 333  337    20    5
 333   27    19    0
 333  332     2   19
 334  117    92    0
 334  331    15   15
 334  340     2   24
 335   68   102    4
 335  346   101    2
 335  349     2    8
 336   74   106    3
 336  339   105    3
 336  342     2   12
 337  338   111    3
 337   82    20    6
 337  333     2   18
 338   84   111    4
 338  344   110    3
 338  337     2   17
 339   96   105    0
 339  350   104    3
 339  336     2   11
 340   97    93    3
 340  334    92    5
 340  352     2   25
 341  178   108    3
 341  342   107    2
 341  343     2   14
 342  179   107    3
 342  336   106    2
 342  341     2   13
 343  197   109    0
 343  341   108    2
 343  344     2   15
 344  198   110    0
 344  343   109    3
 344  338     2   16
 345  254   100    0
 345  347    99    2
 345  346     2    6
 346  255   101    3
 346  345   100    3
 346  335     2    7
 347  275    99    3
 347  348    98    2
 347  345     2    5
 348  276    98    3
 348  354    97    3
 348  347     2    4
 349  284   103    0
 349  335   102    3
 349  350     2    9
 350  285   104    0
 350  349   103    3
 350  339     2   10
 351  292    95    3
 351  352    94    2
 351  353     2    1
 352  293    94    3
 352  340    93    2
 352  351     2    0
 353  299    96    0
 353  351    95    2
 353  354     2    2
 354  300    97    0
 354  353    96    3
 354  348     2    3
 355  360    26    3
 355   17    25    0
 355  356     4    8
 356  355    25    3
 356   18    24    0
 356  357     4    9
 357  356    24    2
 357   18    23    0
 357  358     4   10
 358  357    23    6
 358   21    22    0
 358  359     4   11
 359  358    22    3
 359   22    21    0
 359  369     4   12
 360  377   151    4
 360  106    26    4
 360  355     4    7
 361   67   134    0
 361  370   133    2
 361  376     4   15
 362   75   144    0
 362  372   143    3
 362  373     4   25
 363   87   147    3
 363  374   146    2
 363  364     4    2
 364  164   148    0
 364  363   147    2
 364  365     4    3
 365  165   149    3
 365  364   148    3
 365  378     4    4
 366  184   141    3
 366  380   140    2
 366  371     4   22
 367  215   137    0
 367  375   136    2
 367  368     4   18
 368  216   138    3
 368  367   137    3
 368  379     4   19
 369  223   132    3
 369  359    21   15
 369  370     4   13
 370  222   133    3
 370  369   132    2
 370  361     4   14
 371  232   142    0
 371  366   141    2
 371  372     4   23
 372  233   143    0
 372  371   142    4
 372  362     4   24
 373  242   145    0
 373  362   144    3
 373  374     4    0
 374  243   146    3
 374  373   145    3
 374  363     4    1
 375  246   136    3
 375  376   135    2
 375  367     4   17
 376  247   135    3
 376  361   134    3
 376  375     4   16
 377  258   151    5
 377  378   150    2
 377  360     4    6
 378  259   150    3
 378  365   149    2
 378  377     4    5
 379  273   139    0
 379  368   138    2
 379  380     4   20
 380  274   140    3
 380  379   139    3
 380  366     4   21
 381  402    31    2
 381   10    30    0
 381  382     6    7
 382  381    30    4
 382   11    29    0
 382  383     6    8
 383  382    29    4
 383   13    28    0
 383  388     6    9
 384   69   186    0
 384  401   185    3
 384  403     6    4
 385   70   179    0
 385  394   178    3
 385  399     6   20
 386   76   173    0
 386  392   172    2
 386  387     6   14
 387   77   174    3
 387  386   173    3
 387  396     6   15
 388  119   169    6
 388  383    28    3
 388  389     6   10
 389  123   170    3
 389  388   169    5
 389  393     6   11
 390  130   183    3
 390  391   182    2
 390  400     6    1
 391  131   182    3
 391  398   181    3
 391  390     6    0
 392  138   172    3
 392  393   171    2
 392  386     6   13
 393  139   171    3
 393  389   170    2
 393  392     6   12
 394  244   178    4
 394  395   177    2
 394  385     6   19
 395  245   177    3
 395  397   176    2
 395  394     6   18
 396  248   175    0
 396  387   174    2
 396  397     6   16
 397  249   176    3
 397  396   175    3
 397  395     6   17
 398  265   181    0
 398  399   180    2
 398  391     6   22
 399  266   180    3
 399  385   179    3
 399  398     6   21
 400  267   184    0
 400  390   183    2
 400  401     6    2
 401  268   185    0
 401  400   184    3
 401  384     6    3
 402  403   187    4
 402  294    31    3
 402  381     6    6
 403  298   187    5
 403  384   186    3
 403  402     6    5
 404  420    13    5
 404    4    12    0
 404  405     0   11
 405    3    35    0
 405  404    12    4
 405  406     0   12
 406  405    35    2
 406    3    34    0
 406  409     0   13
 407   66    73    3
 407  419    72    3
 407  421     0    8
 408   73   210    0
 408  412   209    2
 408  429     0   19
 409   78   205    5
 409  406    34    4
 409  423     0   14
 410  109    65    0
 410  416    64    3
 410  411     0    0
 411  110    66    0
 411  410    65    3
 411  426     0    1
 412  136   209    3
 412  413   208    2
 412  408     0   18
 413  137   208    3
 413  422   207    2
 413  412     0   17
 414  207   213    0
 414  428   212    2
 414  415     0   22
 415  414   213    3
 415  208    62    3
 415  417     0   23
 416  225    64    4
 416  417    63    2
 416  410     0   25
 417  226    63    3
 417  415    62    2
 417  416     0   24
 418  256    71    0
 418  424    70    2
 418  419     0    6
 419  257    72    0
 419  418    71    3
 419  407     0    7
 420  421    74    4
 420  260    13    6
 420  404     0   10
 421  264    74    5
 421  407    73    2
 421  420     0    9
 422  278   207    3
 422  423   206    2
 422  413     0   16
 423  279   206    3
 423  409   205    4
 423  422     0   15
 424  286    70    3
 424  425    69    2
 424  418     0    5
 425  287    69    3
 425  427    68    2
 425  424     0    4
 426  288    67    0
 426  411    66    3
 426  427     0    2
 427  289    68    3
 427  426    67    3
 427  425     0    3
 428  290   212    3
 428  429   211    2
 428  414     0   21
 429  291   211    3
 429  408   210    3
 429  428     0   20
 430  432   214    3
 430   38    45    0
 430  431    44    1
 431  430   214    2
 431  433   151    1
 431  258    44    2
 432  433   214    0
 432  108   152    3
 432  430    45   14
 433  431   214    1
 433  432   152    2
 433  106   151    2


   0  26    0.777514163808  0.009528335187  0.628793237802 -0.910271069073
       410 411 426 427 425 424 418 419 407 421 420 404 405 406 409 423 422 413 412 408 429 428 414 415 417 416
   1   6    0.431884285701  0.443575759207  0.785313001044 -0.665254000321
       1 19 327 325 6 2
   2  26   -0.017467409740  0.769415408377  0.638509842484 -1.001400329911
       352 351 353 354 348 347 345 346 335 349 350 339 336 342 341 343 344 338 337 333 332 329 330 331 334 340
   3   8   -0.443140126053  0.426703275551  0.788385149096 -0.709913266055
       26 22 21 20 328 327 19 25
   4  26   -0.777844729906 -0.028370726304  0.627815799456 -1.007928470548
       373 374 363 364 365 378 377 360 355 356 357 358 359 369 370 361 376 375 367 368 379 380 366 371 372 362
   5   6   -0.429609889517 -0.443434437885  0.786639207087 -0.719641373770
       15 14 326 328 20 16
   6  23    0.011616311857 -0.769763238086  0.638223799768 -1.006014382200
       391 390 400 401 384 403 402 381 382 383 388 389 393 392 386 387 396 397 395 394 385 399 398
   7   9    0.445480302077 -0.430412564719  0.785042880735 -0.675954246346
       8 7 6 325 326 14 12 11 9
   8   9    0.568837277705  0.016629702750 -0.822281949504 -2.890887375287
       50 29 28 307 308 305 304 48 51
   9   9   -0.018318986964  0.568576771822 -0.822426209006 -2.960055465571
       46 301 302 322 321 42 44 45 47
  10   9   -0.572666636407 -0.013933798300 -0.819669916986 -2.963231052339
       315 36 38 39 41 40 319 320 316
  11   9    0.012949441951 -0.565094015329 -0.824924884939 -2.989818714309
       310 30 32 33 35 34 313 314 312
  12   5    0.640605857619  0.136981361528  0.755552937773 -0.713235877787
       404 4 5 3 405
  13   7    0.592931201360  0.263524306815  0.760912301235 -0.699976722136
       260 2 6 7 4 404 420
  14  13    0.524523261855  0.360886788176  0.771126496687 -0.685293790671
       209 1 2 260 262 148 150 64 160 162 113 111 211
  15  16    0.373839618667  0.501900627302  0.779961345086 -0.687261396165
       331 24 25 19 1 209 213 142 140 132 134 90 88 115 117 334
  16   5    0.266818198285  0.572596531573  0.775204012563 -0.718572795154
       330 0 23 24 331
  17   3    0.162828559942  0.610059026924  0.775444932755 -0.740185758633
       329 0 330
  18   5   -0.196276425705  0.599058351955  0.776276146526 -0.756971563863
       332 27 23 0 329
  19   3   -0.287352459309  0.562139186261  0.775517955562 -0.746808511890
       333 27 332
  20  18   -0.385384231204  0.490923349208  0.781327882225 -0.727030478088
       26 25 24 23 27 333 337 82 166 168 250 252 85 199 201 176 174 57
  21  16   -0.531104160991  0.339958037158  0.776116552555 -0.741212211390
       359 22 26 57 269 271 236 234 217 219 146 144 185 187 223 369
  22   4   -0.599025282851  0.234837116668  0.765519587692 -0.765196422676
       358 21 22 359
  23   7   -0.637157694122  0.115042933629  0.762099203676 -0.781380247217
       357 18 17 16 20 21 358
  24   3   -0.637729483970 -0.140278803251  0.757379008577 -0.785301838790
       356 18 357
  25   4   -0.598831843491 -0.256223643004  0.758781831614 -0.771593952884
       355 17 18 356
  26  16   -0.522823759335 -0.361379281854  0.772049435801 -0.749100021669
       15 16 17 355 360 106 107 203 205 71 92 94 280 282 128 59
  27  14   -0.339470245838 -0.530424853022  0.776794327662 -0.744408593559
       119 13 12 14 15 59 227 229 191 189 62 104 102 121
  28   4   -0.230317313236 -0.599255771003  0.766711455597 -0.762170017712
       383 13 119 388
  29   5   -0.136826045515 -0.627252570327  0.766702580070 -0.769440901203
       382 11 12 13 383
  30   5    0.159528729824 -0.619247895133  0.768818983073 -0.755343077169
       381 10 9 11 382
  31   4    0.257065288856 -0.584835989150  0.769340173825 -0.737594165704
       294 10 381 402
  32  14    0.390246629885 -0.490999912987  0.778862409743 -0.699302157742
       8 9 10 294 296 238 240 195 193 170 172 126 124 55
  33  15    0.533409468547 -0.345512263661  0.772072285816 -0.694452160700
       78 5 4 7 8 55 180 182 158 156 98 100 154 152 79
  34   5    0.609995152797 -0.230012912150  0.758287527135 -0.709225872118
       406 3 5 78 409
  35   3    0.647255407110 -0.115875898111  0.753414370850 -0.717135187970
       405 3 406
  36  14    0.672854718982  0.088612234604 -0.734448363755 -2.993196521231
       54 50 51 261 264 66 257 256 286 287 289 288 110 109
  37  14    0.613004747941  0.280920155484 -0.738450435198 -3.181004174301
       49 210 212 112 114 163 161 65 151 149 263 261 51 48
  38  14    0.263256439692  0.613416822576 -0.744591061417 -3.231322156099
       210 49 46 47 61 118 116 89 91 135 133 141 143 214
  39  14    0.056049417759  0.677429478578 -0.733449224093 -3.073530899225
       47 45 52 68 255 254 275 276 300 299 292 293 97 61
  40  13   -0.092441944782  0.672894038492 -0.733940120042 -3.076085585940
       44 81 84 198 197 178 179 74 96 285 284 52 45
  41  15   -0.283351064920  0.614146222594 -0.736570832495 -3.253153945477
       81 44 42 43 58 175 177 202 200 86 253 251 169 167 83
  42  16   -0.584439393222  0.283901215922 -0.760151758038 -3.260579895678
       58 43 40 41 221 224 188 186 145 147 220 218 235 237 272 270
  43  14   -0.660234550724  0.042180012041 -0.749874112511 -3.056816962082
       41 39 231 232 184 274 273 216 215 246 247 67 222 221
  44  14   -0.659237035690 -0.073641327399 -0.748320443175 -3.064572912404
       38 430 431 258 259 165 164 87 243 242 75 233 231 39
  45  15   -0.563016018013 -0.322824187688 -0.760787425832 -3.292872195732
       430 38 36 37 60 129 283 281 95 93 72 206 204 108 432
  46  13   -0.264508119882 -0.601664970805 -0.753680779523 -3.294980380383
       60 37 34 35 120 122 103 105 63 190 192 230 228
  47  13   -0.051063825014 -0.665818961814 -0.744363886727 -3.106185083182
       35 33 53 244 245 249 248 77 76 138 139 123 120
  48  13    0.091476236700 -0.672641053569 -0.734292932809 -3.105656676083
       32 295 298 69 268 267 130 131 265 266 70 53 33
  49  14    0.286475044408 -0.610140437766 -0.738688496685 -3.261682925754
       295 32 30 31 56 125 127 173 171 194 196 241 239 297
  50  15    0.618049263725 -0.254538588019 -0.743791109666 -3.206269911314
       31 28 29 277 279 80 153 155 101 99 157 159 183 181 56
  51  14    0.678838931950 -0.048657358703 -0.732673300942 -2.995541155240
       29 50 54 225 226 208 207 290 291 73 136 137 278 277
  52   3    0.453798792151  0.059929057672 -0.889086702346 -2.899521704047
       305 306 304
  53   3    0.038900868597  0.449710539452 -0.892326819684 -2.953893295876
       303 302 301
  54   4   -0.063026668646  0.454084171812 -0.888726731875 -2.957164990583
       324 323 321 322
  55   4   -0.443394209550  0.040220860560 -0.895423842275 -2.955451496794
       324 320 319 323
  56   4   -0.450853164958 -0.059610966524 -0.890605387541 -2.959225138210
       318 317 315 316
  57   4   -0.036734886960 -0.457941351183 -0.888223095262 -2.982891525367
       318 314 313 317
  58   3    0.057604600297 -0.448619813027 -0.891864324538 -2.975194273398
       312 311 310
  59   3    0.455014458572 -0.033056787994 -0.889870266532 -2.903411552904
       309 308 307
  60  14    0.000743248714 -0.001014201511 -0.999999209488 -2.532087740363
       303 306 305 308 309 311 312 314 318 316 320 324 322 302
  61   4    0.000000000000  0.000000000000  1.000000000000 -0.877932361092
       327 328 326 325
  62   4    0.999999521605  0.000000000000  0.000978156643 -2.470411462272
       208 226 417 415
  63   4    0.999963377665  0.007853855492  0.003400041655 -2.465237166302
       226 225 416 417
  64   5    0.999717160771  0.023559640652  0.003246812627 -2.465216142121
       225 54 109 410 416
  65   4    0.998883380155  0.047106144422  0.003606107148 -2.467423748773
       410 109 110 411
  66   4    0.998023599574  0.062790322679  0.002504010857 -2.474364771924
       411 110 288 426
  67   4    0.996916703699  0.078459046143  0.001124261643 -2.485165545025
       426 288 289 427
  68   4    0.996268675671  0.086286218491  0.001847802968 -2.489483914497
       289 287 425 427
  69   4    0.995558301977  0.094107967098  0.002712543566 -2.494352233859
       287 286 424 425
  70   4    0.994790217156  0.101924258604  0.001967068814 -2.503436057268
       286 256 418 424
  71   4    0.990016263419  0.140900179573  0.003864914119 -2.540510910834
       418 256 257 419
  72   4    0.987682831982  0.156433592562  0.003339839298 -2.557928856223
       419 257 66 407
  73   4    0.979212401499  0.202785139731  0.004610840943 -2.607237039062
       66 264 421 407
  74   7    0.975907593916  0.218141192101  0.004334564096 -2.624231681812
       261 263 262 260 420 421 264
  75   4    0.960289397207  0.278989860124  0.002988571564 -2.692574758841
       263 149 148 262
  76   4    0.940880667217  0.338737883618 -0.000465036009 -2.760991047432
       150 148 149 151
  77   4    0.923874350544  0.382681285924 -0.003349300145 -2.809613480103
       64 150 151 65
  78   4    0.890961859876  0.453967742136 -0.010012659338 -2.886632559138
       160 64 65 161
  79   4    0.860682254380  0.509006066319 -0.011784797229 -2.933437620733
       162 160 161 163
  80   4    0.826961077500  0.562002167928 -0.016998221790 -2.978130825235
       163 114 113 162
  81   4    0.789982802984  0.612773474356 -0.020876784131 -3.013755933751
       114 112 111 113
  82   4    0.749947795305  0.661167919643 -0.020863517243 -3.036457636634
       211 111 112 212
  83   6    0.706908319050  0.706908319050 -0.023690861429 -3.056215234397
       209 211 212 210 214 213
  84   4    0.661040990488  0.749803822440 -0.028618818087 -3.070492342801
       142 213 214 143
  85   4    0.606451163601  0.794641425309 -0.027604190790 -3.065395426120
       143 141 140 142
  86   4    0.555350549072  0.831140832040 -0.028119120911 -3.054722143868
       141 133 132 140
  87   4    0.488450663355  0.872191417884 -0.026421204299 -3.025543995588
       134 132 133 135
  88   4    0.425642882908  0.904537169313 -0.025310977096 -2.988939436160
       135 91 90 134
  89   4    0.360691965267  0.932331785654 -0.025666079761 -2.944337006068
       91 89 88 90
  90   4    0.301450315113  0.953177041938 -0.024108800071 -2.895237244818
       89 116 115 88
  91   4    0.248628599931  0.968344463114 -0.022199550724 -2.846727431881
       117 115 116 118
  92   6    0.179610996378  0.983456211748 -0.023532308732 -2.783305785039
       334 117 118 61 97 340
  93   4    0.133085963568  0.990836377773 -0.023052088459 -2.736672871174
       97 293 352 340
  94   4    0.117503721576  0.992783930862 -0.023936207668 -2.722302152733
       293 292 351 352
  95   4    0.086262167014  0.995990975086 -0.023681555871 -2.691387428135
       292 299 353 351
  96   4    0.070606920453  0.997219400902 -0.023835461991 -2.676523476716
       353 299 300 354
  97   4    0.054934918247  0.998211780675 -0.023566834295 -2.662303946885
       354 300 276 348
  98   4    0.039249534408  0.998967358395 -0.022884293965 -2.649215305948
       276 275 347 348
  99   4    0.023554316099  0.999491221533 -0.021505633497 -2.636708827477
       275 254 345 347
 100   4    0.015703498450  0.999633536169 -0.022049795972 -2.634047947861
       345 254 255 346
 101   4    0.000000000000  0.999768839370 -0.021500414518 -2.629513699259
       255 68 335 346
 102   5   -0.023554291096  0.999490160567 -0.021554913596 -2.629688990057
       68 52 284 349 335
 103   4   -0.031403707982  0.999282190857 -0.021187500101 -2.629742450323
       349 284 285 350
 104   4   -0.047094504852  0.998636563663 -0.022519354535 -2.634828626065
       350 285 96 339
 105   4   -0.062775579328  0.997789260735 -0.021813248325 -2.640119222911
       339 96 74 336
 106   4   -0.078437299158  0.996640382055 -0.023569873957 -2.652844116995
       74 179 342 336
 107   4   -0.094083001822  0.995294196935 -0.023191600120 -2.665399042042
       179 178 341 342
 108   4   -0.109707156500  0.993714992243 -0.022245314210 -2.680192968233
       178 197 343 341
 109   4   -0.140865105565  0.989769820590 -0.022643415890 -2.713422327868
       343 197 198 344
 110   4   -0.156396489109  0.987448570002 -0.022033152169 -2.730409653299
       344 198 84 338
 111   6   -0.218091223550  0.975684047472 -0.021837072119 -2.801985257342
       81 83 82 337 338 84
 112   4   -0.278920742164  0.960051491631 -0.022457805044 -2.870138017367
       83 167 166 82
 113   4   -0.323841970761  0.945864994895 -0.021582154794 -2.915984179241
       168 166 167 169
 114   4   -0.397064277780  0.917561407776 -0.020518827223 -2.984051443166
       250 168 169 251
 115   4   -0.453873080132  0.890776075233 -0.022742271719 -3.035475129140
       252 250 251 253
 116   4   -0.495360995859  0.868460276189 -0.019855288042 -3.061287561680
       253 86 85 252
 117   4   -0.548906833966  0.835630792554 -0.020553981633 -3.095540935072
       86 200 199 85
 118   4   -0.600278297773  0.799495628734 -0.021741776774 -3.123215761778
       201 199 200 202
 119   4   -0.637271199383  0.770328550951 -0.021893881028 -3.137911812780
       202 177 176 201
 120   4   -0.695733980224  0.717941773585 -0.022668006168 -3.152058020540
       177 175 174 176
 121   6   -0.734110757414  0.678605003977 -0.024013421785 -3.155045775876
       57 174 175 58 270 269
 122   4   -0.765292929964  0.643295914718 -0.022295682410 -3.148477132524
       271 269 270 272
 123   4   -0.799471246702  0.600259991225 -0.023101269026 -3.138935425374
       236 271 272 237
 124   4   -0.839820573138  0.542265275219 -0.025490708613 -3.119300275934
       237 235 234 236
 125   4   -0.852445358152  0.522379187322 -0.021375126151 -3.103312713592
       217 234 235 218
 126   4   -0.876025139922  0.481598896110 -0.025346745168 -3.087498188654
       219 217 218 220
 127   4   -0.907941561408  0.418566792940 -0.021070380069 -3.038571150548
       220 147 146 219
 128   4   -0.932363892035  0.360704386289 -0.024288238753 -2.995526428914
       147 145 144 146
 129   4   -0.948285426856  0.316371952709 -0.025759207120 -2.958088784801
       185 144 145 186
 130   4   -0.966321338105  0.256215460221 -0.024014776019 -2.898128747227
       187 185 186 188
 131   4   -0.982040537039  0.187334251432 -0.022411199250 -2.821686104009
       223 187 188 224
 132   6   -0.989814906709  0.140871522270 -0.020534475181 -2.765439985176
       221 222 370 369 223 224
 133   4   -0.992830549980  0.117509239312 -0.021887843738 -2.740795213179
       222 67 361 370
 134   4   -0.996691538324  0.078441325244 -0.021282291380 -2.696675560502
       361 67 247 376
 135   4   -0.997728891445  0.062771781215 -0.024428726107 -2.685625561647
       247 246 375 376
 136   4   -0.998608995205  0.047093204757 -0.023712966093 -2.670316856630
       246 215 367 375
 137   4   -0.999427532549  0.023552815185 -0.024287282247 -2.653375957062
       367 215 216 368
 138   4   -0.999635293043  0.015703526049 -0.021969983454 -2.645439646254
       216 273 379 368
 139   4   -0.999710686207  0.007851870817 -0.022735259120 -2.643030372268
       379 273 274 380
 140   4   -0.999803100127 -0.000000000000 -0.019843411408 -2.636711554038
       274 184 366 380
 141   4   -0.999749080583 -0.007852172372 -0.020979019583 -2.637479806799
       184 232 371 366
 142   5   -0.999432596671 -0.023552934528 -0.024077873391 -2.642507035533
       371 232 231 233 372
 143   4   -0.998967953244 -0.039249557780 -0.022858272154 -2.642522189597
       372 233 75 362
 144   4   -0.998122897725 -0.054930026722 -0.027080864105 -2.653690835828
       362 75 242 373
 145   4   -0.997685024146 -0.062769021318 -0.026165675163 -2.655518931944
       373 242 243 374
 146   4   -0.996503526478 -0.078426528391 -0.028809744221 -2.668517962032
       243 87 363 374
 147   4   -0.995311252980 -0.094084614092 -0.022440924296 -2.670106232090
       87 164 364 363
 148   4   -0.989868247314 -0.140879113762 -0.017718020930 -2.709699505803
       364 164 165 365
 149   4   -0.987509685970 -0.156406168927 -0.019019212292 -2.728275720611
       165 259 378 365
 150   4   -0.979039804579 -0.202749396627 -0.019332439525 -2.781585076766
       259 258 377 378
 151   6   -0.975755045380 -0.218107093463 -0.018204043434 -2.797678323113
       258 431 433 106 360 377
 152   5   -0.960121260922 -0.278941012017 -0.018949304483 -2.870195686938
       107 106 433 432 108
 153   4   -0.940700989644 -0.338673195711 -0.019547751515 -2.936868597732
       203 107 108 204
 154   4   -0.917574131682 -0.397069783905 -0.019831782002 -2.995316608205
       205 203 204 206
 155   4   -0.897833577084 -0.439844130885 -0.020784811443 -3.035734709828
       206 72 71 205
 156   4   -0.860583574827 -0.508947707394 -0.019187023658 -3.087111995596
       92 71 72 93
 157   4   -0.826948702767 -0.561993758068 -0.017856620205 -3.119687096015
       94 92 93 95
 158   4   -0.770363024746 -0.637299718587 -0.019745348623 -3.159094799297
       95 281 280 94
 159   4   -0.749975950122 -0.661192741453 -0.018979802115 -3.165507605187
       282 280 281 283
 160   4   -0.712547626008 -0.701441949499 -0.015970978471 -3.169595270922
       283 129 128 282
 161   6   -0.678718088544 -0.734233091609 -0.015605238547 -3.172032670097
       59 128 129 60 228 227
 162   4   -0.637343342820 -0.770415757386 -0.015906732347 -3.169330658565
       229 227 228 230
 163   4   -0.581348176238 -0.813517479557 -0.014953542737 -3.153200676862
       191 229 230 192
 164   4   -0.548973790141 -0.835732723588 -0.013363849070 -3.138033297632
       192 190 189 191
 165   4   -0.495412312052 -0.868550243052 -0.013679048273 -3.112872865318
       190 63 62 189
 166   4   -0.360800753058 -0.932612984918 -0.007472412944 -3.002489258436
       63 105 104 62
 167   4   -0.301533825259 -0.953441098565 -0.005236772970 -2.942989990145
       105 103 102 104
 168   4   -0.241071499840 -0.970492137823 -0.005435290996 -2.881230625976
       103 122 121 102
 169   7   -0.179657304923 -0.983709773207 -0.006191517187 -2.813568958287
       119 121 122 120 123 389 388
 170   4   -0.140899231398 -0.990009601196 -0.005328801981 -2.767638088209
       123 139 393 389
 171   4   -0.117536105801 -0.993057543799 -0.004688127322 -2.740512176109
       139 138 392 393
 172   4   -0.078458015409 -0.996903606977 -0.005247686593 -2.700611532841
       138 76 386 392
 173   4   -0.054949602978 -0.998478614086 -0.004582395236 -2.678187384787
       386 76 77 387
 174   4   -0.023559562452 -0.999713842461 -0.004144901657 -2.654735523363
       77 248 396 387
 175   4   -0.007853846418 -0.999962222383 -0.003724366105 -2.645912722121
       396 248 249 397
 176   4   -0.000000000000 -0.999991889687 -0.004027475662 -2.644021742206
       249 245 395 397
 177   4    0.007853869519 -0.999965163558 -0.002826376437 -2.639931956103
       245 244 394 395
 178   5    0.023559691979 -0.999719338746 -0.002486895721 -2.638089781501
       244 53 70 385 394
 179   4    0.047106157408 -0.998883655507 -0.003528837590 -2.643047288356
       385 70 266 399
 180   4    0.062790024352 -0.998018857815 -0.003971433828 -2.648660281886
       266 265 398 399
 181   4    0.078458848289 -0.996914189723 -0.002511464477 -2.652830711440
       398 265 131 391
 182   4    0.094107579646 -0.995554203158 -0.003948674271 -2.664397310534
       131 130 390 391
 183   4    0.117536397755 -0.993060010510 -0.004124406400 -2.683506386520
       130 267 400 390
 184   4    0.140900455658 -0.990018203291 -0.003319449902 -2.703625987393
       400 267 268 401
 185   4    0.156434225188 -0.987686826226 -0.001751139285 -2.716528348273
       401 268 69 384
 186   4    0.202786810271 -0.979220468232 -0.002187276009 -2.764617720091
       384 69 298 403
 187   7    0.218142876504 -0.975915129505 -0.001829052549 -2.779219390287
       295 297 296 294 402 403 298
 188   4    0.278990871055 -0.960292876857 -0.001297892882 -2.837370835257
       297 239 238 296
 189   4    0.338737032873 -0.940878304183 -0.002288946725 -2.892423202983
       240 238 239 241
 190   4    0.397147039503 -0.917752658834 -0.002070318309 -2.937080837690
       195 240 241 196
 191   4    0.453988821557 -0.891003230569 -0.002719010441 -2.975968969094
       196 194 193 195
 192   4    0.495458389011 -0.868631024560 -0.001062041212 -2.996940146867
       194 171 170 193
 193   4    0.549018617741 -0.835800967088 -0.003911622099 -3.026319777629
       172 170 171 173
 194   4    0.600408569250 -0.799669134052 -0.006231052488 -3.046798258076
       173 127 126 172
 195   4    0.643437104609 -0.765460895629 -0.007636077241 -3.058012519707
       127 125 124 126
 196   6    0.678786570176 -0.734307174621 -0.006462619392 -3.061059253370
       55 124 125 56 181 180
 197   4    0.760389017621 -0.649433573388 -0.006676498959 -3.051928881376
       182 180 181 183
 198   4    0.794937209905 -0.606676899268 -0.004239363548 -3.031534377397
       158 182 183 159
 199   4    0.840093159958 -0.542441282299 -0.000968426623 -2.989154235883
       159 157 156 158
 200   4    0.876306380951 -0.481753509674 -0.000826208565 -2.943739181895
       157 99 98 156
 201   4    0.901455067930 -0.432872557904  0.000330328666 -2.900282071530
       100 98 99 101
 202   4    0.926856587967 -0.375415568117  0.000128672801 -2.848388096143
       101 155 154 100
 203   4    0.951056430421 -0.309016966473  0.000424954916 -2.781398827434
       155 153 152 154
 204   4    0.968583048912 -0.248689858352  0.000481366303 -2.714794029117
       153 80 79 152
 205   6    0.980777848023 -0.195088843624  0.003893060691 -2.647128325920
       78 79 80 279 423 409
 206   5    0.983728432755 -0.179660712762  0.000631569506 -2.634293151177
       277 278 422 423 279
 207   4    0.988885154421 -0.148672231787  0.001648897178 -2.596889452341
       278 137 413 422
 208   4    0.993068213907 -0.117537368691  0.000699634354 -2.565174277253
       137 136 412 413
 209   4    0.996917031058 -0.078459071907  0.000779244498 -2.525162647802
       136 73 408 412
 210   4    0.998488920660 -0.054950170183  0.000595075851 -2.502768895997
       408 73 291 429
 211   4    0.999228392144 -0.039259790452  0.001135423976 -2.489800130929
       291 290 428 429
 212   4    0.999722125608 -0.023559757655  0.000780633569 -2.479536023274
       290 207 414 428
 213   4    0.999875275704 -0.015707295998  0.001647388596 -2.473862550547
       414 207 208 415
 214   4   -0.881116836712 -0.255988104983 -0.397621943773 -3.301706517267
       432 433 431 430
 215   7    0.382435280329  0.402522944851 -0.831696179640 -3.156467605770
       301 46 49 48 304 306 303
 216   6   -0.408272000045  0.386199799911 -0.827141879321 -3.202669024885
       42 321 323 319 40 43
 217   6   -0.388286695385 -0.406047913315 -0.827259653482 -3.234261631203
       313 34 37 36 315 317
 218   7    0.402743695619 -0.383038450421 -0.831311651030 -3.183938586523
       307 28 31 30 310 311 309
