 47
     8  36
      1.8040517966     1.5194262403    -2.2390785364
      2.4650249504     0.0697843587    -1.8087380672
    8  51
      2.4654143256     0.0700261000    -1.8087471839
      1.8820155929    -1.4662025944    -2.2464665583
    8  52
      1.4258566683     0.0127143980    -2.5334683964
      1.8024409482     1.5194584043    -2.2386444796
    8  59
      1.8805319919    -1.4662147226    -2.2463209405
      1.4260144986     0.0125212812    -2.5336676156
     9  39
      1.2665511694     1.9989006552    -2.2474600280
     -0.0928589595     2.5901485122    -1.8059125991
     9  40
     -0.0925998233     2.5903615547    -1.8056428312
     -1.5099258695     1.9239128304    -2.2366731388
     9  53
     -0.0655804520     1.5497947914    -2.5312892010
      1.2665766156     1.9980428304    -2.2481478202
     9  54
     -1.5097940462     1.9230998868    -2.2364297138
     -0.0654450311     1.5486969163    -2.5329756392
     9  60
     -0.1144762761     1.5387354918    -2.5328340643
     -0.0006314928     1.5425202027    -2.5327533548
    10  43
     -2.5957025228    -0.1027041469    -1.7981910623
     -1.9746050551     1.3693952957    -2.2611562745
     10  44
     -1.9344345461    -1.5457948370    -2.2391492470
     -2.5962503360    -0.1022286735    -1.7980322660
   10  55
     -1.5578692622    -0.0393931365    -2.5331593016
     -1.9731872532     1.3691971423    -2.2608697295
   10  56
     -1.9342733787    -1.5506165890    -2.2382415646
     -1.5567660299    -0.0391701079    -2.5335591088
    11  47
     -1.4002562132    -2.0461446932    -2.2465194433
     -0.0042857456    -2.6210405233    -1.8279672944
    11  48
     -0.0067784778    -2.6245574480    -1.8257628889
      1.3783785703    -1.9587405510    -2.2632552989
     11  57
     -1.4096023724    -2.0492179045    -2.2424706157
     -0.0176091954    -1.5992717112    -2.5344405967
    11  58
     -0.0168525099    -1.6001838074    -2.5323326788
      1.3782094624    -1.9574235185    -2.2626513420
    37 215
      2.0051769694     2.2352350905    -1.7913667056
      1.8011600570     1.5064849449    -2.2391536137
    38  39
      1.4080231236     2.4054794333    -1.8604588914
      1.2620029495     2.0020961244    -2.2445757967
   38 215
      1.2599339108     1.9997117444    -2.2484509067
      2.0069492845     2.2322558393    -1.7907037910
    41 216
     -2.2543653707     2.1506997174    -1.7544117949
     -1.4722195954     1.8391260088    -2.3004315745
    42  43
     -2.5281168450     1.5607131887    -1.7619371918
     -1.9754097856     1.3690935829    -2.2595094628
    42 216
     -1.9793771267     1.3657272677    -2.2578140202
     -2.2512465487     2.1529975091    -1.7545869396
   44  45
     -2.4307067382    -1.7612596465    -1.7802306692
     -1.9275739686    -1.5452225135    -2.2457701891
   45 214
     -2.4309179735    -1.7658272985    -1.7799645853
     -2.4195797262    -1.8420767786    -1.7560005173
   45 217
     -2.1170029358    -2.3149122859    -1.7784028823
     -1.9274837391    -1.5452253147    -2.2468841912
    46  47
     -1.5456561687    -2.4688772696    -1.8578198581
     -1.3990453025    -2.0350714196    -2.2566819925
    46 217
     -2.1157019968    -2.3153024055    -1.7801190426
     -1.3995479835    -2.0362417436    -2.2544466796
   49 218
      2.1296283807    -2.1649659612    -1.8004480225
      1.3733166081    -1.9626486005    -2.2615276328
    50  51
      2.2895444917    -1.5940768407    -1.8616201525
      1.8833616904    -1.4556805148    -2.2470209424
    50 218
      2.1275682174    -2.1670577858    -1.8006884332
      1.8834473813    -1.4552527658    -2.2476352372
    52  60
      1.4201582741     0.0343354012    -2.5340587149
      1.2368084593     1.4379370098    -2.5330322714
    52 215
      1.2342585645     1.4356705712    -2.5350718993
      1.7987442331     1.5043590846    -2.2404622792
   53  60
     -0.0177614920     1.5425831860    -2.5336774226
      1.2350398210     1.4403095414    -2.5306050916
   53 215
      1.2342327336     1.4373084966    -2.5330173376
      1.2609951828     1.9975812578    -2.2480459289
    54  60
     -1.4333753931     1.3573279911    -2.5322552785
     -0.1144764081     1.5387376294    -2.5330998170
    54 216
     -1.4347939910     1.3603241416    -2.5323770200
     -1.4923662381     1.9188895125    -2.2389837921
    55  60
     -1.5539545111    -0.0425641024    -2.5330451596
     -1.4298753698     1.3612992703    -2.5314273557
    55 216
     -1.9772268776     1.3642636850    -2.2586388730
     -1.4311800588     1.3633560250    -2.5322545824
    56  60
     -1.3669689406    -1.4971666656    -2.5304981808
     -1.5534547120    -0.0426661372    -2.5334472782
    56 217
     -1.9341342986    -1.5531815267    -2.2381710870
     -1.3692923953    -1.5030602711    -2.5313837026
   57  60
     -1.3778164854    -1.4914459367    -2.5323399460
     -0.0000889280    -1.5948162565    -2.5360249685
    57 217
     -1.4098170957    -2.0495317171    -2.2415307469
     -1.3786120940    -1.4921763653    -2.5337459041
   58  60
     -0.0000581999    -1.5930810323    -2.5345894538
      1.3257778717    -1.4284502332    -2.5317665819
   58 218
      1.3741320519    -1.9602298242    -2.2605747080
      1.3201258989    -1.4185454324    -2.5381136221
   59  60
      1.3270239001    -1.4267474807    -2.5311923403
      1.4218400105     0.0342988251    -2.5369850913
    59 218
      1.3193152621    -1.4217127908    -2.5367296550
      1.8800626940    -1.4578369128    -2.2467538768
       
