  35
     0   1
      0.5634987219    -0.1366930583    -1.3640464446
      1.1670797167     0.3726339873    -1.9185566592
    0  18
      0.6948351171     0.7618322260    -1.7226016832
      2.6413157964     3.0034910795    -3.6873408682
     0  19
      1.1550259622     0.3577401239    -1.9058046623
      2.6205004830     3.0153147159    -3.6783462988
     1   2
      0.5648310638    -0.1381967814    -1.3656063693
      1.2398852917    -0.2276837302    -1.9499594805
     1  20
      1.1430101931     0.3535087238    -1.8958603776
      3.1805733642     0.6075332365    -3.6843472412
     1  21
      1.1756342371    -0.2270199340    -1.8935822023
      3.1807513663     0.6072590408    -3.6841115957
     1  22
      1.1617506882    -0.2184823699    -1.8826382520
      1.2578770125    -0.2420648451    -1.9669916706
     2   3
      1.0102901368    -0.8500943778    -1.9314215776
      0.5622358554    -0.1368085213    -1.3636494529
     2  22
      1.1983857915    -0.2025738862    -1.9082544438
      2.8356247575    -1.6928907769    -3.6727783874
    2  23
      0.9693293642    -0.7992931575    -1.8824036858
      2.8280505879    -1.7060987630    -3.6705823289
     3  24
      1.5831471246    -3.7818996810    -3.6169534674
      1.0063502701    -0.8393544575    -1.9241190865
     3  25
      1.5652182299    -3.8205518625    -3.6268344456
      0.4029070566    -1.0110102079    -1.7000985834
     4   5
     -0.0823850435    -0.6248808836    -1.9149824907
      0.5603058309    -0.1296866650    -1.3640757577
     4  28
     -1.6525878922    -3.3833092965    -3.6830285342
      0.4131425172    -0.9897787903    -1.6946717439
     4  29
     -1.6547646462    -3.3790415961    -3.6822187801
     -0.0731761938    -0.6098976688    -1.9037436217
    5   6
     -0.1912028590    -0.0138969793    -1.9966700335
      0.5638762914    -0.1281167111    -1.3612553166
    5  29
     -0.1447020232    -0.6622383955    -1.9670830694
     -0.0682486046    -0.6102534514    -1.9024725557
     5  30
     -2.2291532536    -0.9650591701    -3.7285297607
     -0.1155119775    -0.6447243711    -1.9424113638
     5  31
     -2.2312660727    -0.9293429427    -3.7291845605
     -0.1646770204    -0.0167233320    -1.9734996767
     6   7
      0.5641610777    -0.1284703342    -1.3613999382
      0.0659086086     0.5774664181    -1.9659667886
     6  32
     -1.8379539625     1.4476375707    -3.7348886459
     -0.1837169534    -0.0174080581    -1.9894924724
     6  33
     -1.8344164257     1.4511329062    -3.7333142081
      0.0732458539     0.5712062411    -1.9579949082
     7  34
      0.0905996478     0.5250801657    -1.9269981576
     -0.5686155038     3.5389063164    -3.7197507647
    7  35
      0.6853169453     0.7134664272    -1.6987017359
     -0.5703529413     3.5555182439    -3.7279210965
    18  19
      2.5065226610     2.8402490014    -3.5511675840
      2.6220920865     3.0021126262    -3.6787525596
    19  20
      1.1444341202     0.3528907547    -1.8963164510
      2.9972514242     1.9457627163    -3.6787596894
    21  22
      1.1764130702    -0.2228353624    -1.8939562849
      3.1178871544    -0.5603301017    -3.6393690941
   23  24
      2.2697388137    -2.9099867781    -3.6067966771
      0.9743903589    -0.7926994855    -1.8839726957
    25  26
      0.5866929825    -4.6519721067    -3.6165300096
      0.4056006357    -1.0111681159    -1.7004344200
    26  27
     -0.3404625262    -5.2311211292    -3.5959734389
      0.4081223194    -1.0302227898    -1.7116292736
    27  28
     -0.9958973222    -4.4916534624    -3.6650193901
      0.4088697050    -0.9946348360    -1.6976695040
    29  30
     -2.0874129462    -2.1991874837    -3.6881457378
     -0.0720337464    -0.6081665677    -1.9035336256
   31  32
     -2.1548016074     0.2771325406    -3.6997162701
     -0.1641796348    -0.0187883046    -1.9726047727
    33  34
      0.0802176227     0.5511588510    -1.9450290059
     -1.3021668820     2.6027573047    -3.7157274816
    35  36
      0.6643471281     0.7565025595    -1.7293614363
      0.4125576838     4.4287710866    -3.6826670274
       
