  86
    0  19
      0.6989532297     1.8017801523    -3.3878113478
      0.6215301275     2.4224588513    -3.7716859446
     0  20
      1.0655849858     0.4602038784    -2.8319705811
      0.8675615030     1.0831563068    -3.0533019276
     0  21
      1.4199649379     0.0714951305    -3.0117086277
      2.1746325925    -0.6265588492    -3.4995683654
     0  22
      2.1753875484    -0.6281501981    -3.5015841818
      2.5940258141    -0.9479140068    -3.8253786925
     0  58
      2.7315876092    -0.9623109213    -4.0013378667
      2.5840005894    -0.9390634046    -3.8164606259
     0  63
      0.8721346919     1.0666925354    -3.0457237659
      0.6913120682     1.8647475625    -3.4273144106
     0  64
      1.5241566726    -0.0452502931    -3.0629600258
      1.0639253741     0.4638389557    -2.8326098533
     0  78
      0.6927883645     2.5811912400    -3.9943207282
      0.6222362261     2.4108549867    -3.7626296427
    1  23
      1.5942146844    -1.6494941384    -3.3321054867
      2.3874845661    -1.5748981048    -3.7615730091
    1  24
      1.8335395422    -1.6229287532    -3.4583646468
      1.5197542171    -1.6938954684    -3.3368989545
     1  25
      1.5197542171    -1.6938954684    -3.3368989545
      1.1980664231    -1.7898342177    -3.2394038073
     1  26
      0.2411663460    -2.5153391151    -3.4638640800
      0.6085489331    -2.1358794930    -3.2576899841
     1  28
     -0.1345249870    -3.0020822745    -3.7854760112
     -0.0812771714    -2.9307893541    -3.7370123088
     1  58
      2.5475076854    -1.6947984221    -4.0041545338
      2.3478779744    -1.5542362551    -3.7111396412
    1  65
      1.1980664231    -1.7898342177    -3.2394038073
      0.9724846345    -1.8748046329    -3.1916639932
     1  66
      0.9724846345    -1.8748046329    -3.1916639932
      0.6109447499    -2.1322511956    -3.2565254867
     1  80
     -0.1289803422    -3.1671081595    -3.9787139006
     -0.1410631442    -2.9670990851    -3.7392100049
    2  29
     -0.6931026035    -2.7815140729    -3.7207602584
     -0.7503864902    -2.0868128876    -3.2848540854
     2  30
     -0.7423877992    -2.1781077560    -3.3409426820
     -0.8336918131    -1.6882751631    -3.1013012799
     2  31
     -1.4384859486    -0.3352959235    -2.9044533102
     -1.9731148254     0.1481562347    -3.2542363267
     2  32
     -2.6245053034     0.6209800924    -3.7680141184
     -1.9820973700     0.1540731049    -3.2628584755
     2  54
     -0.7841078486    -2.9582476787    -3.9676040296
     -2.8132317951     0.6322998522    -4.0051504965
     2  68
     -0.9187579822    -1.2945432641    -2.9240745933
     -1.0148876678    -0.9604487586    -2.8052790173
     2  71
     -1.0881768242    -0.7390097192    -2.7391688183
     -1.2495956818    -0.5422281391    -2.8074248132
     2  79
     -2.8143949362     0.6321376875    -4.0080954667
     -2.6181568403     0.6122226889    -3.7639016318
     2  80
     -0.7885962212    -2.9668402922    -3.9836082919
     -0.6927806681    -2.7755077891    -3.7146944489
     3  16
     -0.4825634127     2.1617653617    -3.3972065245
     -0.7033098481     1.9545491870    -3.2700827884
      3  18
     -0.4825634127     2.1617653617    -3.3972065245
     -0.1778729044     2.4792654620    -3.6184334112
     3  33
     -2.4186425012     1.3585157317    -3.7572514772
     -1.9284820649     1.4350198242    -3.4814317072
     3  34
     -1.9990839760     1.4237493527    -3.5202729301
     -1.5987820494     1.5124172133    -3.3335220008
     3  35
     -1.5987820494     1.5124172133    -3.3335220008
     -1.3087340300     1.5923287262    -3.2209755182
     3  74
     -1.0740836564     1.6655808298    -3.1424290736
     -0.8881730117     1.8052964190    -3.1989121687
    3  78
     -0.0625018476     2.8007503254    -3.9938448809
     -0.1143477844     2.5445224298    -3.6616477390
     3  79
     -2.6173129434     1.4310206230    -4.0196664779
     -2.4039803676     1.3531342975    -3.7370889734
    16  18
     -0.1547367861     0.0406681565    -1.9143886414
     -0.4327117987     2.2213532493    -3.4370139590
    16  74
     -0.1547806618     0.0402623799    -1.9143972718
     -0.7224023031     1.9417297672    -3.2637075499
    18  36
     -0.1616785495     0.0980354923    -1.9550511589
     -0.1577677501     0.1288401178    -1.9765618837
    18  78
      0.1665789078     2.3885701511    -3.5660451635
      0.1868348483     2.3736913529    -3.5562939737
   19  36
      0.2116142345    -0.0212365184    -1.9524739683
      0.1952234459     2.3670166145    -3.5529353412
    19  63
      0.2286778492    -0.0014564730    -1.9722659679
      0.6937491255     1.8801589256    -3.4378923852
    19  78
      0.1848924144     2.3671921008    -3.5498336782
      0.6259894502     2.4188966786    -3.7724263550
    20  63
      0.2331128199     0.0112543601    -1.9824957011
      0.8747578135     1.0697877320    -3.0488317470
    20  64
      0.2396617470    -0.0104037699    -1.9756840852
      1.0647426782     0.4610870573    -2.8318043514
    21  22
      0.2563844115    -0.0236280773    -1.9871562121
      2.1876976911    -0.6325511826    -3.5113778890
    21  64
      0.2392529704    -0.0075797310    -1.9757227933
      1.4128533743     0.0807912457    -3.0077568716
   22  37
      0.2144136962    -0.0104343591    -1.9554165267
      2.3432506311    -1.2704689712    -3.6140454160
    22  58
      2.3362944056    -1.2782147832    -3.6088986351
      2.5916627305    -0.9449770769    -3.8244378919
     23  24
      0.0811083656    -0.3973628675    -1.9320748826
      1.8306443540    -1.6305604130    -3.4608108534
     23  37
      0.0800259178    -0.3969018800    -1.9322667691
      2.3418630774    -1.2885304612    -3.6163562648
    23  58
      2.3443271261    -1.3129179579    -3.6275616101
      2.3782258170    -1.5732307740    -3.7548887339
    24  25
      1.3911584062    -1.7289740182    -3.2938984268
      0.1132764963    -0.4375590044    -1.9687428183
    26  28
      0.2386968751    -2.5264458836    -3.4702822325
      0.1061901707    -0.4303713025    -1.9622409211
    26  66
      0.6076057806    -2.1383319416    -3.2607667034
      0.1058814164    -0.4307288030    -1.9622549840
    28  29
     -0.3898900489    -2.7156089132    -3.5705802910
     -0.4008743598    -2.7898594063    -3.6229278159
     28  38
     -0.4027686138    -2.7934317419    -3.6236214784
      0.1010449768    -0.4043331354    -1.9443247003
    28  80
     -0.4042557537    -2.7898283631    -3.6213262905
     -0.1340378256    -3.0181044294    -3.7994252540
    29  30
     -0.3023052830    -0.3808239676    -2.0064066381
     -0.2845787483    -0.3140801825    -1.9563623356
    29  38
     -0.3942815315    -2.8000368674    -3.6271880431
     -0.2788358776    -0.3018132755    -1.9472029659
    29  80
     -0.7002588050    -2.7790386101    -3.7221061649
     -0.3933663766    -2.7951371338    -3.6235783641
   30  68
     -0.9169280989    -1.3429663913    -2.9493261232
     -0.2861232480    -0.3029251129    -1.9497474815
    31  32
     -1.9952350306     0.1573105832    -3.2725366418
     -0.2966630649    -0.3031071435    -1.9617042586
    31  71
     -1.4161686376    -0.3588436332    -2.8913226623
     -0.3056314698    -0.3150966394    -1.9705463055
    32  39
     -2.4118797775     0.9646967346    -3.6221534374
     -0.2855739975    -0.3096351597    -1.9542158960
    32  79
     -2.6200093334     0.6132671422    -3.7639026810
     -2.4058581741     0.9755372865    -3.6187628349
    33  34
     -2.0036224219     1.4281387105    -3.5255883205
     -0.1369324956     0.0502727241    -1.9141748787
    33  39
     -2.4131530886     0.9780738654    -3.6252842186
     -0.1353567563     0.0480548633    -1.9140483821
    33  79
     -2.4099223601     0.9665969536    -3.6206515154
     -2.4190601979     1.3641536084    -3.7591348969
     34  35
     -0.1672630486     0.0958630454    -1.9499764534
     -1.5298933312     1.5330584796    -3.3061256498
    35  74
     -0.1898110298     0.1210634622    -1.9742135192
     -1.0741089789     1.6734231442    -3.1451413281
    36  37
     -0.0406335437    -0.1586928193    -1.8090016802
      0.2161146877    -0.0141694110    -1.9578133000
   36  39
     -0.0393751090    -0.1628092847    -1.8087558736
     -0.1660752609     0.0710882106    -1.9385839508
    37  38
      0.0980667976    -0.4070306041    -1.9466546942
     -0.0506737747    -0.1568385581    -1.8048665685
    37  58
      2.3393196469    -1.3106160492    -3.6210259092
      2.3592125376    -1.2466911701    -3.6253257364
   38  39
     -0.2832241541    -0.3090685535    -1.9529996786
     -0.0374969970    -0.1626762391    -1.8095766051
    39  79
     -2.4126071862     0.9840334289    -3.6270811804
     -2.4213895429     0.9528365094    -3.6280105241
    51  58
      2.5486462653    -1.6960731030    -4.0019750536
      2.7378440645    -0.9650263833    -4.0038247238
   53  80
     -0.7936294498    -2.9665119544    -3.9823562476
     -0.1304509042    -3.1685226206    -3.9779404494
    54  79
     -2.8086304932     0.6326116144    -3.9984131084
     -2.8363734292     0.6761700316    -4.0349612951
    54  80
     -0.7703613225    -2.9806489991    -3.9917124319
     -0.7852226101    -2.9479808487    -3.9522016943
    55  79
     -2.8261238578     0.6391803957    -4.0220682601
     -2.6157266537     1.4359747626    -4.0184097324
   57  78
     -0.0642852791     2.8014703230    -3.9904657703
      0.6888158235     2.6013843339    -4.0133709436
    65  66
      0.9835015586    -1.8721615673    -3.1949787959
      0.1411399926    -0.4900350054    -2.0126279015
     68  71
     -1.0836196524    -0.7405007065    -2.7335339467
     -0.2836412647    -0.3046177668    -1.9495839183
    68  75
     -1.0846770698    -0.7441639018    -2.7360141047
     -0.2841118872    -0.3278231160    -1.9617136252
    71  75
     -1.0841614984    -0.7409587468    -2.7339244048
     -0.2838823704    -0.3023585101    -1.9494875013
    76  78
      0.6871317019     2.5446111519    -3.9532434912
      0.6741910497     2.6008483506    -4.0064994213
       
