
   512  1536 258 

   0  -0.025596779086  0.281093899048 -4.554607328173
   1  -0.158276385788  0.646058019391 -4.729203130396
   2   0.173599866341  0.459529631727 -4.704061836820
   3   0.176718580618  0.496786812036 -4.725929762626
   4   0.424970229471  0.102983988844 -4.703333347470
   5   0.439963390748  0.112952726588 -4.718681245540
   6   2.350210351555 -0.649174280862 -6.165393883103
   7   0.465426791631 -0.282108062107 -4.678010085206
   8   0.486691148043 -0.292809872987 -4.693795236997
   9   1.976694048584 -3.177435013631 -6.152306734194
  10   0.303028277197 -0.585378372830 -4.654793155733
  11   0.316748989067 -0.618761470316 -4.669739938607
  12   0.561539899036 -3.571342151263 -6.143968127375
  13  -0.023309151558 -0.538743056945 -4.707539368863
  14  -0.023753247927 -0.544925447466 -4.710853628961
  15  -1.384651302688 -1.927557994307 -6.203050020696
  16  -0.304023743418 -0.186260741083 -4.741215435690
  17  -0.306451087845 -0.187988912688 -4.743560308544
  18  -0.386032350983  0.278031861105 -4.759298389009
  19  -2.260013914300  0.521989255769 -6.229485223801
  20  -0.415147216651  0.310273874024 -4.784214109702
  21   0.580951036734 -3.702148856683 -6.207933784190
  22   0.580959113570  2.914623049934 -6.276975317738
  23  -1.829696061188  3.239487916208 -6.346296745975
  24  -1.834644683019  3.229805151915 -6.346620006927
  25   2.451842058364 -1.897989544698 -6.254311434145
  26  -2.350385117039  0.540824337548 -6.300899251660
  27   2.483078196456 -0.684731220250 -6.270389507102
  28   1.508709470371  1.897731872141 -6.342026366499
  29   1.510279366696  1.895534845779 -6.342036464813
  30  -2.032939144190 -0.798011990371 -6.293127101823
  31   1.332709562642 -3.931002388422 -6.207031151615
  32  -2.182914039327  2.270162360757 -6.372383868525
  33   2.258244593897 -2.702423138402 -6.259493380933
  34  -1.972652185843  2.918917611010 -6.371633275325
  35  -2.042406033241 -0.772779802180 -6.296165588756
  36  -1.288108803898  3.879292712082 -6.330810848471
  37   2.436080474797 -1.992934925100 -6.259595915960
  38  -1.230628783026 -2.284644679162 -6.287521533708
  39   2.204149935349  0.496327501861 -6.326944170464
  40   0.410964354575 -3.629444655634 -6.227124263409
  41   1.241722735280  2.249300151989 -6.354670426483
  42   1.621169679032  1.729260546515 -6.355102978482
  43  -0.045148494142  3.361418546703 -6.335961307627
  44   2.402625887449 -0.224838830662 -6.316550189515
  45   2.445060656980 -0.421395327731 -6.303721625130
  46   2.508239386501 -1.118376080621 -6.293279858892
  47   2.026417857131 -3.264623356091 -6.199481163395
  48   2.000326301077 -3.322462654266 -6.201884786504
  49   2.110473839054 -3.079005173567 -6.224249334447
  50  -1.407558614352  3.894460789574 -6.318525369741
  51   0.460662883858  3.012288789649 -6.295249950426
  52  -1.721775698940  3.443781449683 -6.349904103522
  53  -0.980765877532  3.800353440898 -6.340231436069
  54  -0.825261571399  3.748523129879 -6.338387490866
  55  -1.406139449309  3.896055543678 -6.319658155221
  56   0.277452276315 -3.563352393521 -6.237342878439
  57   0.823088446067  2.696792722636 -6.319267983813
  58   0.886118657713  2.636825388886 -6.415412527738
  59   0.053267492389  3.300140637663 -6.331946364376
  60   1.878283867337  1.272561487297 -6.353942973446
  61   1.960155850872  1.105344947885 -6.343941930493
  62   1.909885325767  1.208750212472 -6.427121238713
  63   1.966718987314  1.092220094022 -6.372586348304
  64  -1.739884182441 -1.477159359610 -6.313415856709
  65  -1.654785371578 -1.640114358912 -6.306906494259
  66  -2.349474423195  0.512108708619 -6.305628078289
  67  -2.344720034654  0.453894939234 -6.312800689525
  68   1.775693977068  1.466014143246 -6.359368243237
  69   1.704439014434  1.590951859072 -6.358969753817
  70   0.582966923554  2.912981936098 -6.277413948567
  71   0.697543341939  2.813201165032 -6.299181931059
  72  -0.084424410378 -3.341833150177 -6.242153013154
  73  -0.063791553766 -3.356117111214 -6.242771851193
  74  -2.074907265355  2.638921702525 -6.379574141786
  75  -2.098874316567  2.560953641624 -6.378802317120
  76  -1.799926645268 -1.352218358149 -6.314401130073
  77  -1.905532690853 -1.117747976152 -6.310806885640
  78  -1.840179953822 -1.276793679771 -6.399623042562
  79  -2.357063656522  0.691851207727 -6.317086387060
  80   2.184504700243 -2.901515748945 -6.243750571912
  81  -1.541729265360  3.727717691507 -6.339390952526
  82  -1.617579842997  3.616509219752 -6.346263455866
  83  -1.626406859791  3.606308750413 -6.393896780640
  84   2.481057120437 -0.658850195871 -6.275135856013
  85   2.472333555955 -0.585306495935 -6.286068210625
  86   2.461221948274 -1.841967016825 -6.261311340507
  87   2.477004608305 -1.718152942786 -6.272881262728
  88  -1.950995044967 -1.012406853022 -6.307665491573
  89   2.506114789740 -1.334963114812 -6.293130673435
  90   2.509428495347 -1.194452356535 -6.294753191989
  91  -2.340998666237  1.272995764963 -6.347005435017
  92  -2.322198769455  1.490846655217 -6.348317894489
  93   1.611032018213 -3.961998935570 -6.179168579809
  94   1.633224737570 -3.937338826251 -6.183556661831
  95   1.608631590421 -3.967444452693 -6.282406479493
  96   2.263423995589 -2.686905669456 -6.260345970888
  97   2.282321389425 -2.631078720876 -6.357727809274
  98   2.345748755338 -2.401565851358 -6.267509155061
  99   2.336488646205 -2.444941508291 -6.348236290364
 100   2.310790128269 -2.533276749602 -6.266208032029
 101   2.313136356713 -2.527140020367 -6.292115220620
 102   2.103167319625  0.778012264928 -6.310894822462
 103   2.068997956535  0.862107827748 -6.396441351664
 104   1.420646393016  2.020829528421 -6.349995051524
 105   1.336632313562  2.130850752987 -6.353649920214
 106  -1.439947141267 -2.000956550101 -6.272175535737
 107  -1.455658626380 -1.978968562029 -6.276308514335
 108  -1.433695360900 -2.021119153990 -6.398994544516
 109  -1.857607203700  3.182548653149 -6.351735735338
 110   2.375800621676 -0.113313459493 -6.321473476852
 111   2.316200306914  0.118755894465 -6.328477440034
 112  -2.299278525946  0.169236357421 -6.329452802876
 113  -2.323493459180  0.309550232556 -6.322751920036
 114  -2.352518352903  1.086809100876 -6.342359130271
 115  -2.357721071069  0.909725253861 -6.333480623105
 116  -1.412050478444  3.893029140758 -6.431598626814
 117   1.324726079485 -3.930593592092 -6.230814258456
 118  -0.487170831574 -3.038784465439 -6.216988075403
 119  -0.556181632181 -2.981784637066 -6.229949676865
 120  -0.524457600233 -3.017203531883 -6.342288350311
 121  -0.442539864969 -3.076700276337 -6.222116752888
 122  -0.442400434485 -3.078133306430 -6.239006285922
 123  -1.101674172523  3.836540090290 -6.339378644452
 124  -1.136725234103  3.846448849753 -6.338808029400
 125  -1.974714419516  2.917505048284 -6.401655436172
 126  -2.051520702292  2.710886641034 -6.379449384127
 127  -2.048838541729  2.718323969542 -6.379260938204
 128  -2.007168366794  2.839502948306 -6.460176886186
 129   0.946037144937 -3.839300556447 -6.220821503354
 130  -2.049019737105 -0.757616545832 -6.315744886996
 131  -0.622784968823  3.664284751253 -6.326672984665
 132  -0.615955333444  3.661138902038 -6.326548104670
 133  -0.623205410842  3.664477845477 -6.326707413690
 134  -0.487913566926  3.601965295703 -6.333391741838
 135  -0.675137831263  3.687342808353 -6.330411982431
 136  -0.795721302663  3.737143135766 -6.337184304628
 137  -0.695748830627  3.692512148594 -6.485596354090
 138  -0.834422382473 -2.726577596349 -6.269682117538
 139  -0.809947458281 -2.755883663934 -6.328849593300
 140   2.365281139946 -2.320174229570 -6.266948215580
 141   2.407701879336 -2.130116507772 -6.263535805713
 142   0.069752228099 -3.442389023021 -6.243440111025
 143   0.229452022234 -3.536562381246 -6.239381155118
 144   0.174362101569 -3.509176341477 -6.316652322517
 145  -0.269993894007 -3.208753982052 -6.234097193526
 146  -0.292123074849 -3.192337100778 -6.232841040258
 147  -0.394588479822 -3.123455953179 -6.351470544056
 148   1.512765722334  1.892048773687 -6.342436441081
 149   1.581358631253  1.791030100440 -6.351329042768
 150  -1.225599045825 -2.290624836696 -6.287477562933
 151  -1.651769710943 -1.650023754280 -6.337712404993
 152   2.151899955907  0.648928328050 -6.320355448146
 153   2.113749685423  0.752514565196 -6.313583321060
 154   2.111354152490  0.758595997974 -6.329487932951
 155  -2.279297695676  1.812401763419 -6.338511955574
 156  -2.280549259733  1.805998960462 -6.339015146679
 157  -2.255362121074  1.941557419721 -6.350225659831
 158  -2.279029098265  1.850923397947 -6.456615746428
 159  -2.253140388869  1.967675415182 -6.396276478039
 160  -1.066029883915 -2.477037782021 -6.284450461565
 161  -1.071903416104 -2.470281344802 -6.284613772399
 162  -1.156330224282 -2.376965499929 -6.337816033538
 163   2.253211461277  0.336824624538 -6.329071889112
 164   2.292136367849  0.206628018844 -6.329846618675
 165   0.389498636965 -3.622671007499 -6.292268475960
 166   0.301562115500 -3.580981340979 -6.329351058776
 167  -2.299261450465  1.689663458794 -6.345035975489
 168  -2.312192173407  1.588287199258 -6.347666612483
 169   1.963923080489 -3.393923098531 -6.202816591311
 170   1.916488121659 -3.483516103784 -6.203107164495
 171   1.086064755704  2.428674648824 -6.348418852059
 172   1.140545524523  2.367809821512 -6.351627121785
 173   1.250634302006 -3.920303557513 -6.333598971631
 174  -0.232098790070  3.469852520018 -6.338908648901
 175  -0.228877383364  3.468081297781 -6.338914962203
 176  -2.358340528775  0.862737823218 -6.330534974096
 177  -2.357864238141  0.721719164755 -6.319884472461
 178  -0.949526489705 -2.606664067733 -6.279045555327
 179  -0.873030124623 -2.687642086196 -6.273456870977
 180  -2.280398846752  0.073844523635 -6.332001959379
 181  -2.250887211080 -0.063745818569 -6.333786176387
 182  -2.267627470038  0.000598673970 -6.380283929828
 183  -2.251128375456 -0.066229576647 -6.346281714544
 184  -2.086390935140 -0.658280929237 -6.369014595046
 185   2.501387704089 -1.435197852790 -6.290110210172
 186   2.493700605973 -1.542941636646 -6.284809144775
 187   0.575339401667 -3.699908361767 -6.208653511018
 188   0.497426205150 -3.667281330999 -6.217825772589
 189   1.454685636092 -3.949009719835 -6.197086274328
 190   1.535595159960 -3.958309475119 -6.189134532456
 191   1.758104268754 -3.758019266106 -6.197616327128
 192   1.731832854182 -3.801643483822 -6.196205313234
 193   1.715290030138 -3.826812224415 -6.194713586065
 194   1.638334044503 -3.930875304111 -6.184360802536
 195   1.693922888581 -3.857154545740 -6.192218912741
 196   1.673640872904 -3.888750587886 -6.305957736140
 197  -2.212039477957  2.147466031344 -6.365483266791
 198  -2.233768579114  2.048691133502 -6.358791014982
 199  -2.247295700189  1.999356706201 -6.406624997869
 200  -1.330563115406  3.886511562340 -6.327460642931
 201  -1.391730409055  3.894976871706 -6.321557681281
 202  -1.411219253646  3.893042846386 -6.429240856540
 203   2.493233619034 -0.813391019626 -6.279301769643
 204   2.501265468887 -0.940830261621 -6.286531335027
 205  -1.481701151359  3.804784665900 -6.330772194946
 206  -1.423141316093  3.877431784529 -6.321627700113
 207  -1.441254584884  3.862195243606 -6.472280881298
 208   2.122422428081 -3.051413789662 -6.227571083865
 209   2.181315262516 -2.909567076770 -6.242977212379
 210  -1.311525197313 -2.179977368590 -6.284043073730
 211  -1.363997781094 -2.109774142659 -6.280646297581
 212  -1.360992841453 -2.119732073270 -6.344604217120
 213  -1.286707461268 -2.219583343370 -6.354402738230
 214  -1.337237534439 -2.155555727938 -6.389541724300
 215   1.005947515525  2.515307853864 -6.342172204955
 216   0.950095417657  2.573918181097 -6.336867833040
 217   0.938089205892  2.586025304052 -6.377659158981
 218   1.048080438988  2.470203702700 -6.422067697693
 219  -0.009351761878 -3.397229560307 -6.333754126977
 220   0.078291957397 -3.449408494086 -6.272733989257
 221   0.070367762851 -3.444075342955 -6.263111698172
 222   1.863609497851 -3.579686353686 -6.202459897307
 223   1.893060561896 -3.529881621080 -6.358642397218
 224   1.862696559683 -3.581286589316 -6.202432960242
 225   1.833699941362 -3.633646639544 -6.332570859317
 226  -0.583525082207 -2.957563678065 -6.234278004869
 227  -0.695873935518 -2.863867242424 -6.345447644679
 228  -0.739541574637 -2.817421725989 -6.258016688900
 229  -0.747572157225 -2.812175174331 -6.284863626674
 230   1.154014254378 -3.893004968975 -6.215648858499
 231   1.060242297168 -3.871450755097 -6.219343799895
 232   1.064788286425 -3.873739392001 -6.244559522836
 233   1.124262489421 -3.892701894475 -6.350269602923
 234   1.185546224507 -3.904484643977 -6.300814349664
 235  -2.189214672836 -0.309766423356 -6.329585988990
 236  -2.214558755834 -0.214695580190 -6.332463845260
 237  -2.224709536896 -0.183543431928 -6.372329213506
 238  -2.224631686186 -0.183985698453 -6.373160154787
 239   0.719876781422 -3.758742415790 -6.215093933597
 240   0.856713132678 -3.809434467056 -6.219558935952
 241   0.722816085832 -3.762272457759 -6.266980980219
 242   0.327125103219  3.113841867081 -6.311506133526
 243   0.326875206106  3.113552745984 -6.333189630415
 244   0.162778526098  3.227148680271 -6.324656844786
 245   0.936809089065 -3.838303432106 -6.261041401249
 246   0.872972685901 -3.821286978743 -6.343757412018
 247   1.628436547135  1.717198797025 -6.382035566572
 248   1.680035692609  1.631504980234 -6.420403477300
 249  -1.998289894573 -0.893023327253 -6.300851481709
 250  -1.957934147738 -0.995598837474 -6.306921994753
 251  -1.236225129481 -2.279439076135 -6.306094837736
 252  -1.273184747438 -2.237687522150 -6.360603823792
 253   2.008996421291  0.999057928246 -6.335087701639
 254   2.002764171625  1.014560211370 -6.386195378934
 255   2.010222267060  0.997956621099 -6.395880313425
 256   2.053944647453  0.897112827203 -6.325114289945
 257   2.051439145160  0.903978643336 -6.368703153286
 258  -1.463892049268 -1.966792304090 -6.278237730889
 259  -2.146942038551 -0.458438042685 -6.322894632053
 260  -2.119523243611 -0.546583145667 -6.316971856343
 261  -2.148536910493 -0.458110533317 -6.352214440319
 262  -2.109360856721 -0.585504172202 -6.352515600421
 263  -2.119182162930 -0.560713823094 -6.395585246306
 264  -1.836225232444  3.226738856101 -6.347011910864
 265  -1.852277615981  3.194267507242 -6.350708531064
 266  -1.789000879795  3.319561049611 -6.348539515622
 267  -1.743044112302  3.406504451177 -6.350060305328
 268   1.594334954340 -3.963194205602 -6.182405181351
 269   1.608233051211 -3.966674287234 -6.257982447048
 270   1.609968219113 -3.963207710672 -6.179955067897
 271   1.609549385987 -3.964383419043 -6.206388603997
 272  -2.072258082855  2.650612252098 -6.417942067632
 273  -2.056010516276  2.702033662908 -6.433307254206
 274  -0.257123427117  3.483112674682 -6.338566529651
 275  -0.428489581044  3.572208167398 -6.335220397902
 276  -0.346317698922  3.526387021827 -6.469930185944
 277   2.257734416318 -2.703981725728 -6.263002834747
 278   2.209431661633 -2.839129143702 -6.347239725313
 279  -1.573817044204 -1.786031262892 -6.297408757367
 280  -1.605571064215 -1.739641442875 -6.376587122679
 281  -1.512956169751 -1.891725814678 -6.288826933187
 282  -1.515747271150 -1.889040459848 -6.307663806824
 283   0.097406207654 -0.008042829669 -4.420628818203
 284   0.101255727851 -0.013480378191 -4.420628818203
 285   0.103242275166 -0.024196635006 -4.420628818203
 286   0.096723843233 -0.040604031616 -4.420628818203
 287   0.082747577073 -0.034255340114 -4.420628818203
 288   0.077321975826 -0.025928906252 -4.420628818203
 289   0.081634456320 -0.001287038099 -4.420628818203
 290   0.075815885882 -0.014145355843 -4.420628818203
 291  -0.692064033978  3.690531782466 -6.499424900710
 292  -1.242598127792  3.864506138489 -6.489221658503
 293  -0.959601218424  3.789412770372 -6.483736514636
 294  -0.861765132354  3.756686559467 -6.486903684516
 295  -1.416990753512  3.889973435958 -6.508175234619
 296  -1.027584811592  3.809757269209 -6.483329028111
 297  -1.157231639783  3.846283717588 -6.484251753205
 298  -1.347982389076  3.881582960673 -6.499412473715
 299  -1.386503124289  3.886559451419 -6.504084666330
 300  -0.345249115013  3.525639468653 -6.475972715805
 301  -0.062193262058  3.369068874160 -6.455751160449
 302   0.485359546394  2.989632291010 -6.467358146281
 303   0.342037012520  3.099230544758 -6.457508957070
 304   0.053397784547  3.297052032185 -6.452845500615
 305  -0.584598557804  3.642928940445 -6.503079560334
 306  -0.547930075547  3.626129329994 -6.498152135991
 307  -0.282413406009  3.492537700193 -6.470386956088
 308  -0.154222998538  3.422431075436 -6.460698253843
 309   0.241593624609  3.169907087273 -6.454669207424
 310   0.182568365222  3.210727443230 -6.453472494673
 311  -0.617781833880  3.657474763792 -6.507973964658
 312  -0.768051190405  3.272763531896 -6.828663042887
 313   0.875777031519  2.645907746659 -6.442364485322
 314   1.239851399058  2.250055933528 -6.448855983240
 315   0.577516924287  2.914635359083 -6.465268119403
 316   0.693881094814  2.813839636507 -6.454277185193
 317   1.421330222886  2.017848629351 -6.469811607311
 318   1.335577878057  2.130408497892 -6.458468592106
 319   1.135037195372  2.372874620716 -6.442489176491
 320   1.016620644341  2.502975258238 -6.439692965169
 321   1.048026652299  2.470054012832 -6.439630270748
 322   0.526094373083  2.956407073631 -6.471532504669
 323   0.519537034681  2.952315616316 -6.477114791638
 324   1.909858310456  1.208784480585 -6.427418365806
 325   1.764109876280  1.483485905899 -6.437517100877
 326   2.068164822448  0.862399146804 -6.431444964579
 327   2.015625950509  0.983968063442 -6.428044154405
 328   1.525598372949  1.871883385177 -6.473137972969
 329   1.550887143068  1.834721473713 -6.468106048345
 330   1.620531918218  1.727227966831 -6.455856721048
 331   1.680595932949  1.629562906513 -6.446841229875
 332   1.487543106642  1.924993794045 -6.481588338484
 333   1.134267333683  1.701896535018 -6.783689691936
 334   2.200481566554  0.507162491832 -6.416443367070
 335   2.402662035769 -0.229152766169 -6.414202584076
 336   2.449079548737 -0.445156834639 -6.423714503671
 337   2.483360923897 -0.680851096338 -6.447002406829
 338   2.471240550814 -0.578264410572 -6.434657365470
 339   2.364543862793 -0.070214026438 -6.410329608808
 340   2.335725388864  0.042036874238 -6.409090793946
 341   2.125517877609  0.717583671681 -6.430637773858
 342   2.165115788733  0.610465337014 -6.422278978450
 343   2.216172036668  0.456177940516 -6.414954584405
 344   2.288569132226  0.214385105696 -6.409482924625
 345   2.103616115620  0.772615129553 -6.436161283580
 346   2.099254761369  0.766841423747 -6.440833871206
 347   2.507455604626 -1.099269015933 -6.412179197262
 348   2.465285175316 -1.825001076210 -6.418513434685
 349   2.478143999656 -1.722552736016 -6.411683836636
 350   2.506434625417 -1.328286042125 -6.403617951424
 351   2.509222252897 -1.210151666922 -6.406090852630
 352   2.498910064091 -1.487843876268 -6.403509123449
 353   2.494955542368 -1.543865382489 -6.404599080424
 354   2.492668135386 -0.799523372237 -6.437242543616
 355   2.500715151644 -0.927804049586 -6.425039290168
 356   2.075170773793 -0.807636693839 -6.795739588366
 357   2.484313330354 -0.692875718143 -6.448818747683
 358   2.076416722188 -0.806221832522 -6.794727030673
 359   2.437461270379 -1.992219375640 -6.419636208804
 360   2.281243541335 -2.634407833228 -6.369475915992
 361   2.340160462406 -2.431366532339 -6.377123477838
 362   2.082328439037 -3.145076279919 -6.393977714385
 363   2.373946404307 -2.291303710921 -6.388309692101
 364   2.391220987280 -2.214607313645 -6.395492111029
 365   2.145590738737 -2.998810174872 -6.381538394350
 366   2.161692349814 -2.959879576991 -6.378862396879
 367   2.256148285922 -2.709627599138 -6.369460530652
 368   2.210042022452 -2.837726205402 -6.372338898589
 369   2.448284771065 -1.927630680178 -6.428895175093
 370   2.441227872171 -1.927704991274 -6.434957389346
 371   2.004868651508 -3.316745248588 -6.399182107062
 372   1.674668534665 -3.889040302275 -6.378743575512
 373   1.626681728256 -3.950084450486 -6.386654622970
 374   1.608330738535 -3.970690026171 -6.391026872715
 375   1.970581027250 -3.383942172982 -6.393238294956
 376   1.729981233796 -3.806303666023 -6.375709934711
 377   1.689934337919 -3.867286317573 -6.377374890240
 378   1.835133614420 -3.631670543474 -6.378473778891
 379   1.893399387777 -3.529568423749 -6.382629746081
 380   2.028167165964 -3.265296320577 -6.406067713643
 381   0.702416659677 -3.760500121101 -6.410926858961
 382   1.332811964771 -3.936798459258 -6.380737039307
 383   0.985666330414 -3.856916549632 -6.382141525004
 384   1.129787020794 -3.894980863548 -6.377222339118
 385   1.242918672655 -3.920276325753 -6.377417031604
 386   1.463670696998 -3.956753639429 -6.389194443779
 387   1.505697338706 -3.961862278999 -6.393061032511
 388   0.808575019384 -3.800044752559 -6.397122183039
 389   0.942440122500 -3.844808800969 -6.384228426823
 390   0.865223573270 -3.820618325810 -6.390223182951
 391   0.848194966463 -3.387390627071 -6.770148692766
 392   1.593104099791 -3.969747747186 -6.403526630722
 393   1.592642024882 -3.968583722587 -6.404464359195
 394   0.175344163490 -3.511712594181 -6.360936933777
 395  -0.191003802859 -3.272982009261 -6.367672943900
 396  -0.394404633770 -3.125384590504 -6.382743192269
 397  -0.264689283551 -3.220596079713 -6.372316541483
 398   0.396957329818 -3.629497585826 -6.376908092913
 399   0.297614754419 -3.580455769534 -6.366919985971
 400   0.633619036602 -3.732637911019 -6.411008834220
 401   0.480004125970 -3.666680073548 -6.388129418055
 402   0.091397254804 -3.461104806128 -6.359396918149
 403  -0.008475747612 -3.398807767352 -6.359136641041
 404   0.666769379559 -3.746306970586 -6.416371379525
 405   0.837891953837 -3.392982144987 -6.763145218167
 406  -0.528016736110 -3.017326539201 -6.395387902775
 407  -0.686227964092 -2.875003279258 -6.385484937686
 408  -1.442994182866 -2.010960795462 -6.448679926345
 409  -0.825483549339 -2.743961869618 -6.380249488726
 410  -1.335437991708 -2.160044358916 -6.423843873741
 411  -1.042913722205 -2.511484740641 -6.388889644923
 412  -1.161958931618 -2.375063084105 -6.399132982062
 413  -0.942327864604 -2.623245638022 -6.382350328265
 414  -0.897535969851 -2.670807703844 -6.380769238376
 415  -1.207633644700 -2.321109720356 -6.404035415573
 416  -1.270178903482 -2.244830678914 -6.412194856751
 417  -1.103761339623 -1.794435314181 -6.784636351423
 418  -0.506073209845 -3.035329131888 -6.397809493468
 419  -0.500795853605 -3.030630159137 -6.403838560317
 420  -1.839873842569 -1.278266777871 -6.408098154421
 421  -1.717794629645 -1.533062602954 -6.413843118738
 422  -1.935393130344 -1.057770534810 -6.410708118629
 423  -1.685373880637 -1.595894960372 -6.416993958369
 424  -2.019856647869 -0.850959827703 -6.416994879034
 425  -1.988787979623 -0.929108696219 -6.413984280747
 426  -1.499981224646 -1.925397394825 -6.445027659754
 427  -1.514811780565 -1.902143279603 -6.441741400827
 428  -1.577579741013 -1.795063499105 -6.430744311060
 429  -1.598234097233 -1.758481451742 -6.427578285528
 430  -1.462066994893 -1.982826897550 -6.454107881012
 431  -1.112079465186 -1.794882553630 -6.779331711633
 432  -2.357357075980  0.531491973663 -6.460419794068
 433  -2.348706045520  0.437856811067 -6.446912770668
 434  -2.168707267207 -0.395943272585 -6.403680071366
 435  -2.270412863179  0.008319048328 -6.413840323347
 436  -2.305640815744  0.183363915472 -6.424832241760
 437  -2.333858210346  0.342058039562 -6.437580946742
 438  -2.229351781431 -0.167948624758 -6.406952230165
 439  -2.043114926547 -0.787507287855 -6.414103171700
 440  -2.118309373910 -0.564638158533 -6.405394349063
 441  -2.085242517849 -0.666779529376 -6.408341850745
 442  -2.188291392643 -0.326531758115 -6.403837231658
 443  -2.196962979167 -0.293911158118 -6.404309289127
 444  -2.022804450137 -0.843034035658 -6.417452316913
 445  -2.001179194312 -0.843112288139 -6.433617141570
 446  -2.359705392976  0.581419293091 -6.468824821374
 447  -2.342470489085  1.314250530757 -6.444325649768
 448  -2.335971606497  1.389920501761 -6.445383701586
 449  -2.356610432382  1.090005020782 -6.445082026977
 450  -2.362345583977  0.913602090830 -6.449773234992
 451  -2.304196171979  1.691262621983 -6.454078657946
 452  -2.310622425031  1.639561041837 -6.451845995774
 453  -2.363818763876  0.828191595212 -6.453035707431
 454  -2.363925382271  0.780146952016 -6.455419838695
 455  -2.359639239672  0.579565307557 -6.468970242307
 456  -2.178977412470  2.301729460348 -6.448231769992
 457  -2.157433803899  2.376324220992 -6.450089006293
 458  -2.279261179440  1.850603068647 -6.460427319007
 459  -1.903762183207  3.092940697612 -6.504398560569
 460  -1.957105689104  2.967822652837 -6.487847531399
 461  -2.007133859454  2.840548707600 -6.474317509387
 462  -2.221344072373  2.125705825889 -6.450462749045
 463  -2.246309605220  2.014666734134 -6.453244394737
 464  -1.854872210770  3.202557160644 -6.520581950813
 465  -2.105955058104  2.544181895585 -6.456610608757
 466  -2.050776039780  2.718681084928 -6.464689028665
 467  -2.284177633987  1.820238409607 -6.462679738423
 468  -2.267021318923  1.822598718033 -6.475601528287
 469  -1.663882068252  3.553780779942 -6.497660782785
 470  -1.442366990405  3.862026223463 -6.506268800385
 471  -1.679060627233  3.528680859395 -6.498852180668
 472  -1.560094641091  3.709887666915 -6.496463098620
 473  -1.596319038574  3.656578727527 -6.496354489501
 474  -1.812042357048  3.289761563868 -6.517803564439
 475  -1.778025351162  3.355878025659 -6.510716984911
 476  -1.777283563498  3.357266460498 -6.510586327199
 477  -1.418970136018  3.887860514160 -6.510188097487
 478  -1.417978324998  3.884958648505 -6.512143772973
 479  -1.842317291476  3.228551881174 -6.525170070409
 480  -1.524720210682  3.075740573734 -6.803796243181
 481  -0.131028588633  2.424330730279 -6.952976119685
 482  -1.011910322836  2.888095832539 -6.953718953271
 483  -0.779050320298  3.267105220915 -6.835295551375
 484  -0.787835129691  3.268699417257 -6.836017314754
 485   0.029684914476  2.283234485576 -6.952801330057
 486   1.341939545050  0.393270149232 -6.950861230064
 487   1.131865860825  1.696346518021 -6.787002980285
 488   1.134316231743  1.689401363551 -6.787559871596
 489   1.350208730677  0.371742578992 -6.950842319005
 490   1.628545751989 -1.738467156654 -6.949242639956
 491   2.072182867354 -0.807962286363 -6.797502959661
 492   1.609713884541 -1.830021663533 -6.949187988697
 493   1.127358250201 -2.868598533912 -6.948696307129
 494   1.676037141158 -3.140101852687 -6.745664507462
 495   1.675206076916 -3.142184704473 -6.745622538327
 496   1.675652903702 -3.141562396955 -6.745575382024
 497   1.105149391693 -2.876708939275 -6.948701270379
 498   0.071382846891 -2.410169260232 -6.949519008389
 499   0.846798676631 -3.377231865711 -6.774720322276
 500  -0.032560534864 -2.326655597788 -6.949626674138
 501  -1.268245628846 -0.575996026289 -6.951433393822
 502  -1.102340146763 -1.793333097227 -6.785769764573
 503  -1.275977856296 -0.554051951086 -6.951452338092
 504  -1.510085044173  1.627160720837 -6.953080259765
 505  -1.908041373057  0.583931103978 -6.807818813667
 506  -1.911115980002  0.617682755372 -6.807999252520
 507  -1.914224516956  0.599706514766 -6.806558388727
 508  -1.484908268114  1.783500558822 -6.953176915180
 509  -1.046131545011  2.876243684315 -6.953727049416
 510  -1.517888884893  3.076833074726 -6.807828595315
 511  -1.507674285289  3.088703460337 -6.809274789283

   0    1    16    1
   0   23     7    3
   0  289     0    2
   1  131    17    1
   1   50    16    2
   1    0     0    1
   2   28    19    1
   2  283     1    1
   2    3     0    5
   3    2    19    0
   3   22    18    1
   3  132     0    6
   4    6    21    1
   4  284     2    0
   4    5     1    4
   5    4    21    0
   5  102    20    1
   5   29     1    5
   6    8    22    0
   6   27    21    2
   6    4     2    5
   7    9    23    1
   7  285     3    0
   7    8     2    3
   8    7    23    0
   8   25    22    1
   8    6     2    4
   9   11    24    0
   9   47    23    2
   9    7     3    5
  10   12    25    1
  10  286     4    0
  10   11     3    3
  11   10    25    0
  11   93    24    1
  11    9     3    4
  12   14    26    0
  12   21    25    2
  12   10     4    5
  13   15    27    1
  13  287     5    0
  13   14     4    3
  14   13    27    0
  14  118    26    1
  14   12     4    4
  15   17    28    1
  15  106    27    2
  15   13     5    5
  16   19    29    1
  16  288     6    0
  16   17     5    3
  17   16    29    0
  17   30    28    2
  17   15     5    4
  18   20    30    1
  18  290     7    0
  18   19     6    3
  19   18    30    0
  19   26    29    2
  19   16     6    4
  20   24    31    0
  20  155    30    2
  20   18     7    6
  21  187    59    1
  21   12    26   14
  21  239    25    3
  22   70    61    2
  22    3    19   13
  22   51    18    2
  23  266    63    2
  23    0    16    0
  23   24     7    4
  24   23    63    1
  24  264    31    1
  24   20     7    5
  25   37    65    2
  25    8    23   15
  25   86    22    2
  26   79    66    2
  26   19    30   14
  26   66    29    3
  27  203    68    2
  27    6    22   12
  27   84    21    3
  28   29    70    2
  28  104    19    2
  28    2     1    0
  29  148    70    3
  29    5    20    0
  29   28     1    6
  30   35    73    0
  30   17    29   15
  30  249    28    3
  31  230   118    3
  31  117    69    2
  31  189    25    9
  32   75   120    1
  32  456    92    2
  32  197    31   10
  33   80   122    1
  33  277    76    1
  33   96    23    8
  34  125   123    0
  34  109    97    0
  34  127    31    5
  35  260   124    1
  35  130    73    1
  35   30    29   14
  36  124   127    1
  36  292    71    1
  36  200    17   10
  37  141   128    1
  37  359    65    3
  37   25    23   14
  38  251   132    2
  38  210   104    0
  38  150    27    6
  39  334   135    0
  39  163    93    1
  39  152    21   12
  40  165   137    1
  40   56   109    1
  40  188    26   11
  41  314   138    1
  41  105   105    0
  41  172    19    5
  42  247   139    1
  42   69   108    1
  42  149    20    9
  43  301   141    1
  43   59    81    0
  43  175    18    7
  44   45   145    1
  44  335    78    1
  44  110    21    7
  45  336   145    2
  45   85   107    0
  45   44    21    6
  46  347   147    2
  46   90   111    1
  46  204    22    9
  47   48   149    2
  47    9    24   14
  47   49    23    3
  48  371   149    3
  48  169    60    1
  48   47    24   13
  49   47   149    1
  49  362    96    1
  49  208    23    4
  50   55   150    0
  50    1    17    0
  50  206    16    3
  51  302   151    1
  51   22    61    1
  51  242    18    3
  52  471   152    2
  52   82   101    0
  52  267    16    8
  53   54   153    3
  53  293    89    1
  53  123    17    7
  54  294   153    0
  54  136   119    0
  54   53    17    6
  55  201   154    1
  55  116   150    1
  55   50    17   13
  56  143   156    2
  56  166   109    2
  56   40    26   10
  57  216   158    2
  57   58   100    1
  57   71    19   10
  58   57   158    1
  58  217   136    1
  58  313   100    2
  59  244   159    1
  59  304    81    1
  59   43    18    6
  60   61   160    2
  60   62    84    2
  60   68    20    6
  61   63   160    3
  61  253   110    0
  61   60    20    5
  62   60   160    1
  62   63   155    5
  62  324    84    3
  63   62   160    0
  63  254   155    0
  63   61   110    3
  64  421   162    2
  64   76    86    1
  64   65    28    9
  65   64   162    1
  65  151   103    1
  65  279    28   10
  66  432   163    1
  66   26    66    1
  66   67    29    4
  67   66   163    0
  67  433   114    1
  67  113    29    5
  68  325   164    2
  68   60    84    1
  68   69    20    7
  69   68   164    1
  69  248   108    2
  69   42    20    8
  70   71   166    1
  70  315    61    3
  70   22    19   12
  71  316   166    2
  71   57   100    0
  71   70    19   11
  72  395   167    1
  72  145    99    0
  72   73    26    6
  73   72   167    0
  73  219   146    2
  73  142    26    7
  74  272   168    1
  74  126    79    0
  74   75    31    8
  75   74   168    0
  75  457   120    2
  75   32    31    9
  76   77   169    2
  76   78    86    2
  76   64    28    8
  77   78   169    0
  77   88   113    0
  77   76    28    7
  78   76   169    1
  78   77   113    4
  78  420    86    3
  79  177   170    0
  79  446    66    3
  79   26    30   13
  80  209   172    2
  80  278   122    2
  80   33    23    7
  81  472   173    3
  81  205    77    1
  81   82    16    6
  82   81   173    2
  82   83   101    1
  82   52    16    7
  83   82   173    1
  83  473   130    1
  83  469   101    2
  84  337   175    1
  84   27    68    1
  84   85    21    4
  85   84   175    0
  85  338   107    1
  85   45    21    5
  86  348   176    1
  86   25    65    1
  86   87    22    3
  87   86   176    0
  87  349   112    1
  87  186    22    4
  88  250   177    1
  88  422   113    1
  88   77    28    6
  89  350   178    1
  89  185    87    0
  89   90    22    7
  90   89   178    0
  90  351   111    2
  90   46    22    8
  91   92   179    3
  91  447    88    2
  91  114    30    8
  92  448   179    0
  92  168   115    0
  92   91    30    7
  93  270   180    2
  93   11    25   14
  93   94    24    2
  94   93   180    1
  94  373    85    1
  94  194    24    3
  95  374   180    5
  95  269   117    5
  95  271    58    1
  96   97   181    3
  96   33    76    0
  96  100    23    9
  97  101   181    0
  97  360   131    3
  97   96    76    5
  98  100   182    3
  98   99    94    2
  98  140    23   11
  99   98   182    2
  99  101   131    1
  99  361    94    3
 100  101   182    0
 100   96   181    2
 100   98    23   10
 101   99   182    1
 101  100   181    1
 101   97   131    2
 102  153   184    3
 102    5    21   15
 102  256    20    2
 103  257   184    0
 103  326   171    3
 103  154    74    1
 104  317   185    1
 104   28    70    1
 104  105    19    3
 105  104   185    0
 105  318   105    1
 105   41    19    4
 106  107   186    3
 106   15    28    0
 106  211    27    3
 107  108   186    4
 107  258    67    2
 107  106    28   14
 108  212   186    0
 108  408   134    3
 108  107    67    1
 109  265   187    1
 109  459    97    1
 109   34    31    4
 110  339   188    2
 110   44    78    0
 110  111    21    8
 111  110   188    1
 111  340   129    1
 111  164    21    9
 112  113   189    1
 112  436    80    1
 112  180    29    7
 113  437   189    2
 113   67   114    0
 113  112    29    6
 114  449   190    1
 114   91    88    1
 114  115    30    9
 115  114   190    0
 115  450   116    2
 115  176    30   10
 116  202   192    1
 116   55   154    0
 116  295   150    2
 117  173   193    0
 117   31   118    2
 117  382    69    3
 118  119   194    0
 118   14    27   16
 118  121    26    2
 119  120   194    1
 119  226   133    4
 119  118    27   15
 120  122   194    2
 120  119   133    3
 120  406    64    0
 121  118   194    4
 121  122   148    1
 121  146    26    3
 122  121   194    3
 122  147   148    2
 122  120    64    5
 123  296   196    2
 123   53    89    0
 123  124    17    8
 124  123   196    1
 124  297   127    2
 124   36    17    9
 125  460   197    0
 125  128   123    1
 125   34    97    4
 126  127   198    1
 126  273    79    1
 126   74    31    7
 127  128   198    2
 127   34   123    3
 127  126    31    6
 128  461   198    3
 128  125   197    3
 128  127   123    2
 129  245   199    3
 129  240   121    0
 129  231    25    6
 130  184   200    1
 130   35   124    0
 130  439    73    2
 131  132   201    4
 131  133    17    2
 131    1     0    0
 132  134   201    5
 132    3    18    0
 132  131     0    7
 133  131   201    3
 133  305    62    3
 133  135    17    3
 134  306   201    0
 134  275   140    0
 134  132    18   12
 135  137   202    2
 135  133    62    2
 135  136    17    4
 136  135   202    1
 136  137   119    1
 136   54    17    5
 137  136   202    0
 137  291   119    2
 137  135    62    1
 138  139   203    3
 138  179   143    2
 138  228    27   12
 139  229   203    0
 139  138   143    1
 139  409    98    3
 140  363   204    2
 140   98    94    1
 140  141    23   12
 141  140   204    1
 141  364   128    2
 141   37    23   13
 142  221   205    1
 142   73   146    1
 142  143    26    8
 143  142   205    0
 143  144   156    3
 143   56    26    9
 144  143   205    4
 144  394   156    4
 144  220    82    1
 145  146   206    0
 145  397    99    1
 145   72    26    5
 146  147   206    1
 146  121   148    0
 146  145    26    4
 147  396   206    2
 147  146   148    3
 147  122    64    4
 148  149   207    3
 148  328    70    4
 148   29    20   11
 149  329   207    0
 149   42   139    0
 149  148    20   10
 150  162   208    0
 150   38   132    1
 150  161    27    7
 151  423   209    2
 151   65   162    0
 151  280   103    2
 152  342   210    1
 152   39   135    3
 152  153    21   13
 153  152   210    0
 153  154   184    4
 153  102    21   14
 154  153   210    4
 154  103   184    5
 154  341    74    2
 155  157   211    3
 155   20    31   14
 155  156    30    3
 156  155   211    2
 156  158    72    5
 156  167    30    4
 157  159   211    4
 157  198   126    2
 157  155    31   13
 158  156   211    1
 158  159   183    4
 158  458    72    0
 159  158   211    0
 159  199   183    0
 159  157   126    1
 160  161   212    0
 160  411    75    2
 160  178    27    9
 161  162   212    1
 161  150   208    2
 161  160    27    8
 162  412   212    2
 162  161   208    1
 162  150   132    0
 163  164   213    1
 163  343    93    2
 163   39    21   11
 164  344   213    2
 164  111   129    0
 164  163    21   10
 165  166   214    1
 165  398   137    2
 165   40   109    0
 166  399   214    2
 166   56   156    1
 166  165   109    3
 167  451   215    2
 167  156    72    4
 167  168    30    5
 168  167   215    1
 168  452   115    1
 168   92    30    6
 169  170   216    0
 169  375    60    2
 169   48    24   12
 170  223   216    1
 170  222   144    1
 170  169    24   11
 171  172   217    4
 171  218    83    1
 171  215    19    7
 172  319   217    0
 172   41   138    0
 172  171    19    6
 173  234   218    1
 173  385   193    1
 173  117   118    1
 174  175   219    1
 174  307   102    3
 174  274    18    9
 175  308   219    2
 175   43   141    0
 175  174    18    8
 176  453   220    2
 176  115   116    1
 176  177    30   11
 177  176   220    1
 177  454   170    1
 177   79    30   12
 178  413   221    2
 178  160    75    1
 178  179    27   10
 179  178   221    1
 179  414   143    3
 179  138    27   11
 180  182   222    3
 180  112    80    0
 180  181    29    8
 181  180   222    2
 181  183   125    1
 181  236    29    9
 182  183   222    0
 182  435   174    4
 182  180    80    4
 183  181   222    1
 183  182   174    3
 183  237   125    2
 184  262   223    1
 184  441   200    2
 184  130   124    4
 185  186   224    3
 185  352    87    1
 185   89    22    6
 186  353   224    0
 186   87   112    0
 186  185    22    5
 187  188   225    1
 187  400    59    2
 187   21    26   13
 188  401   225    2
 188   40   137    0
 188  187    26   12
 189  386   226    2
 189   31    69    1
 189  190    25   10
 190  189   226    1
 190  387   117    1
 190  268    25   11
 191  225   227    1
 191  192    95    2
 191  224    24    8
 192  193   228    1
 192  376    95    3
 192  191    24    7
 193  377   228    2
 193  195   157    0
 193  192    24    6
 194  196   229    2
 194   94    85    0
 194  195    24    4
 195  194   229    1
 195  196   157    1
 195  193    24    5
 196  195   229    0
 196  372   157    2
 196  194    85    4
 197  462   230    3
 197   32    92    1
 197  198    31   11
 198  197   230    2
 198  199   126    3
 198  157    31   12
 199  198   230    1
 199  463   183    1
 199  159   126    0
 200  298   231    3
 200   36    71    0
 200  201    17   11
 201  200   231    2
 201  202   154    2
 201   55    17   12
 202  201   231    1
 202  299   192    2
 202  116   154    3
 203  204   232    1
 203  354    68    3
 203   27    22   11
 204  355   232    2
 204   46   147    1
 204  203    22   10
 205  206   233    2
 205  207    77    2
 205   81    16    5
 206  207   233    0
 206   50   150    7
 206  205    16    4
 207  205   233    1
 207  206   150    6
 207  470    77    3
 208  365   234    2
 208   49    96    0
 208  209    23    5
 209  208   234    1
 209  366   172    3
 209   80    23    6
 210  211   235    0
 210  213   104    1
 210   38    27    5
 211  212   235    1
 211  106   186    2
 211  210    27    4
 212  214   235    2
 212  211   186    1
 212  108   134    2
 213  210   235    4
 213  214   191    2
 213  252   104    2
 214  213   235    3
 214  410   191    3
 214  212   134    1
 215  218   236    3
 215  171    83    0
 215  216    19    8
 216  215   236    2
 216  217   158    3
 216   57    19    9
 217  216   236    1
 217   58   158    0
 217  320   136    2
 218  321   236    4
 218  171   217    3
 218  215    83    2
 219  403   237    1
 219   73   167    4
 219  221   146    3
 220  221   237    4
 220  144   205    3
 220  402    82    2
 221  219   237    0
 221  220   205    2
 221  142   146    0
 222  224   238    2
 222  223   144    2
 222  170    24   10
 223  222   238    1
 223  379   216    2
 223  170   144    0
 224  225   238    3
 224  191   227    0
 224  222    24    9
 225  378   238    4
 225  224   227    2
 225  191    95    1
 226  228   239    2
 226  227   133    5
 226  119    27   14
 227  226   239    1
 227  407   133    0
 227  229    98    1
 228  229   239    3
 228  138   203    2
 228  226    27   13
 229  227   239    0
 229  228   203    1
 229  139    98    2
 230  231   240    0
 230  234   118    4
 230   31    25    8
 231  232   240    1
 231  129   199    2
 231  230    25    7
 232  233   240    2
 232  231   199    1
 232  383    90    0
 233  234   240    3
 233  384   218    3
 233  232    90    3
 234  230   240    4
 234  233   218    2
 234  173   118    0
 235  236   241    3
 235  442    91    1
 235  259    29   11
 236  237   241    4
 236  181   125    0
 236  235    29   10
 237  238   241    5
 237  183   174    2
 237  236   125    3
 238  443   241    0
 238  438   195    1
 238  237   174    1
 239  241   242    2
 239   21    59    0
 239  240    25    4
 240  239   242    1
 240  246   121    1
 240  129    25    5
 241  388   242    3
 241  381   161    0
 241  239    59    6
 242  243   243    1
 242   51   151    0
 242  244    18    4
 243  309   243    2
 243  242   151    4
 243  303   106    0
 244  242   243    0
 244  310   159    2
 244   59    18    5
 245  246   244    1
 245  389   199    4
 245  129   121    3
 246  390   244    2
 246  240   242    0
 246  245   121    2
 247  248   245    1
 247  330   139    2
 247   42   108    0
 248  331   245    2
 248   69   164    0
 248  247   108    3
 249  424   246    2
 249   30    73    6
 249  250    28    4
 250  249   246    1
 250  425   177    2
 250   88    28    5
 251  252   247    0
 251  415   132    3
 251   38   104    4
 252  416   247    1
 252  213   191    1
 252  251   104    3
 253  256   248    4
 253  254   110    1
 253   61    20    4
 254  253   248    3
 254  255   155    1
 254   63   110    2
 255  254   248    2
 255  257   171    1
 255  327   155    2
 256  257   248    0
 256  102   184    2
 256  253    20    3
 257  255   248    1
 257  256   184    1
 257  103   171    2
 258  281   249    3
 258  426    67    3
 258  107    28   13
 259  261   250    3
 259  235    91    0
 259  260    29   12
 260  259   250    2
 260  262   124    2
 260   35    29   13
 261  263   250    4
 261  434   165    2
 261  259    91    4
 262  260   250    1
 262  263   223    2
 262  184   124    3
 263  262   250    0
 263  440   223    3
 263  261   165    1
 264  474   251    0
 264   24    63    0
 264  265    31    2
 265  264   251    4
 265  464   187    2
 265  109    31    3
 266  267   252    3
 266  475    63    3
 266   23    16   10
 267  476   252    0
 267   52   152    1
 267  266    16    9
 268  269   253    1
 268  190   117    0
 268  270    25   12
 269  271   253    2
 269  268   117    6
 269   95    58    0
 270  268   253    0
 270  271   180    3
 270   93    25   13
 271  270   253    3
 271   95   180    4
 271  269    58    2
 272  273   254    0
 272  465   168    2
 272   74    79    3
 273  466   254    1
 273  126   198    0
 273  272    79    2
 274  276   255    2
 274  174   102    2
 274  275    18   10
 275  274   255    1
 275  276   140    1
 275  134    18   11
 276  275   255    0
 276  300   140    2
 276  274   102    1
 277  278   256    1
 277   33   122    0
 277  367    76    2
 278  368   256    2
 278   80   172    1
 278  277   122    3
 279  280   257    0
 279   65   103    0
 279  281    28   11
 280  429   257    1
 280  151   209    1
 280  279   103    3
 281  279   257    5
 281  282   249    4
 281  258    28   12
 282  281   257    4
 282  427   249    0
 282  428   142    1
 283  289    57    7
 283  284     1    2
 283    2     0    4
 284  283    57    6
 284  285     2    1
 284    4     1    3
 285  284    57    5
 285  286     3    1
 285    7     2    2
 286  285    57    4
 286  287     4    1
 286   10     3    2
 287  286    57    3
 287  288     5    1
 287   13     4    2
 288  287    57    2
 288  290     6    1
 288   16     5    2
 289  290    57    0
 289    0     7    2
 289  283     0    3
 290  288    57    1
 290  289     7    1
 290   18     6    2
 291  294   119    3
 291  137    62    0
 291  311    32    1
 292   36   127    0
 292  298    71    2
 292  297    32   11
 293   53   153    2
 293  296    89    2
 293  294    32   14
 294  293   153    1
 294   54   119    4
 294  291    32    0
 295  116   192    0
 295  477   150    3
 295  299    32    8
 296  297   196    3
 296  123    89    3
 296  293    32   13
 297  124   196    0
 297  292   127    3
 297  296    32   12
 298  299   231    4
 298  200    71    3
 298  292    32   10
 299  202   231    0
 299  295   192    3
 299  298    32    9
 300  306   140    3
 300  276   102    0
 300  307    33   10
 301  308   141    2
 301   43    81    3
 301  304    33   13
 302  303   151    2
 302   51    61    0
 302  322    33    3
 303  243   151    3
 303  309   106    1
 303  302    33    2
 304   59   159    0
 304  301    81    2
 304  310    33   14
 305  133   201    2
 305  311    62    4
 305  306    33    8
 306  305   201    1
 306  134   140    4
 306  300    33    9
 307  174   219    0
 307  300   102    4
 307  308    33   11
 308  307   219    3
 308  175   141    3
 308  301    33   12
 309  310   243    3
 309  243   106    2
 309  303    33    1
 310  244   243    4
 310  304   159    3
 310  309    33    0
 311  291    62    5
 311  305    33    7
 311  312    32    2
 312  311    33    6
 312  483    32    3
 312  323     8    3
 313   58   136    0
 313  316   100    3
 313  320    34    1
 314  319   138    2
 314   41   105    3
 314  318    34    5
 315   70   166    0
 315  322    61    4
 315  316    34   12
 316  315   166    3
 316   71   100    4
 316  313    34    0
 317  318   185    2
 317  104    70    0
 317  332    34    7
 318  105   185    3
 318  314   105    2
 318  317    34    6
 319  321   217    1
 319  172   138    3
 319  314    34    4
 320  217   236    0
 320  313   136    3
 320  321    34    2
 321  320   236    5
 321  218   217    2
 321  319    34    3
 322  302    61    5
 322  315    34   11
 322  323    33    4
 323  322    34   10
 323  312    33    5
 323  333     8    4
 324   62   155    4
 324  325    84    4
 324  327    35    7
 325  331   164    3
 325   68    84    0
 325  324    35    6
 326  327   171    4
 326  103    74    0
 326  345    35    9
 327  255   171    0
 327  324   155    3
 327  326    35    8
 328  148   207    2
 328  332    70    5
 328  329    35    2
 329  328   207    1
 329  149   139    4
 329  330    35    3
 330  247   245    0
 330  329   139    3
 330  331    35    4
 331  330   245    3
 331  248   164    4
 331  325    35    5
 332  317    70    6
 332  328    35    1
 332  333    34    8
 333  332    35    0
 333  323    34    9
 333  487     8    5
 334  342   135    1
 334   39    93    0
 334  343    36    1
 335   44   145    0
 335  339    78    2
 335  336    36    6
 336  335   145    3
 336   45   107    3
 336  338    36    7
 337  338   175    2
 337   84    68    0
 337  357    36    9
 338   85   175    3
 338  336   107    2
 338  337    36    8
 339  340   188    3
 339  110    78    3
 339  335    36    5
 340  111   188    0
 340  344   129    2
 340  339    36    4
 341  154   210    3
 341  345    74    3
 341  342    36   14
 342  341   210    2
 342  152   135    2
 342  334    36    0
 343  163   213    0
 343  334    93    3
 343  344    36    2
 344  343   213    3
 344  164   129    3
 344  340    36    3
 345  326    74    4
 345  341    36   13
 345  346    35   10
 346  345    36   12
 346  488    35   11
 346  358     9    5
 347  355   147    3
 347   46   111    0
 347  351    37    1
 348  349   176    2
 348   86    65    0
 348  369    37    7
 349   87   176    3
 349  353   112    2
 349  348    37    6
 350  351   178    2
 350   89    87    3
 350  352    37    3
 351   90   178    3
 351  347   111    3
 351  350    37    2
 352  185   224    2
 352  350    87    2
 352  353    37    4
 353  352   224    1
 353  186   112    3
 353  349    37    5
 354  203   232    0
 354  357    68    4
 354  355    37   13
 355  354   232    3
 355  204   147    0
 355  347    37    0
 356  358    37   10
 356  370    10    3
 356  491     9    0
 357  337    68    5
 357  354    37   12
 357  358    36   10
 358  357    37   11
 358  346    36   11
 358  356     9    6
 359   37   128    0
 359  369    65    4
 359  364    38   12
 360  361   131    4
 360   97    76    4
 360  367    38    1
 361   99   131    0
 361  363    94    4
 361  360    38    0
 362   49   149    0
 362  365    96    2
 362  380    38    6
 363  364   204    3
 363  140    94    0
 363  361    38   14
 364  141   204    0
 364  359   128    3
 364  363    38   13
 365  366   234    3
 365  208    96    3
 365  362    38    5
 366  209   234    0
 366  368   172    4
 366  365    38    4
 367  277   256    0
 367  360    76    3
 367  368    38    2
 368  367   256    3
 368  278   172    0
 368  366    38    3
 369  348    65    5
 369  359    38   11
 369  370    37    8
 370  369    38   10
 370  356    37    9
 370  494    10    4
 371  380   149    4
 371   48    60    0
 371  375    39    9
 372  377   157    3
 372  196    85    3
 372  373    39    1
 373   94   180    0
 373  372    85    2
 373  374    39    2
 374  373   180    6
 374   95   117    4
 374  392    39    3
 375  169   216    4
 375  371    60    3
 375  379    39   10
 376  192   228    0
 376  378    95    4
 376  377    39   13
 377  376   228    3
 377  193   157    4
 377  372    39    0
 378  379   238    5
 378  225    95    0
 378  376    39   12
 379  223   238    0
 379  375   216    3
 379  378    39   11
 380  362   149    5
 380  371    39    8
 380  496    38    7
 381  388   161    1
 381  241    59    5
 381  404    40    5
 382  117   193    3
 382  386    69    4
 382  385    40   13
 383  232   199    0
 383  384    90    1
 383  389    40    1
 384  385   218    4
 384  233    90    2
 384  383    40    0
 385  173   218    0
 385  382   193    2
 385  384    40   14
 386  387   226    3
 386  189    69    0
 386  382    40   12
 387  190   226    0
 387  392   117    2
 387  386    40   11
 388  390   242    4
 388  241   161    2
 388  381    40    4
 389  245   244    0
 389  383   199    5
 389  390    40    2
 390  389   244    3
 390  246   242    5
 390  388    40    3
 391  393    40    8
 391  405    12    3
 391  499    11    0
 392  374   117    3
 392  387    40   10
 392  393    39    4
 393  392    40    9
 393  495    39    5
 393  391    11    5
 394  399   156    5
 394  144    82    0
 394  402    41    4
 395  403   167    2
 395   72    99    3
 395  397    41    7
 396  397   206    3
 396  147    64    3
 396  418    41    9
 397  145   206    4
 397  395    99    2
 397  396    41    8
 398  165   214    0
 398  401   137    3
 398  399    41    2
 399  398   214    3
 399  166   156    0
 399  394    41    3
 400  187   225    0
 400  404    59    3
 400  401    41    0
 401  400   225    3
 401  188   137    4
 401  398    41    1
 402  220   237    3
 402  394    82    3
 402  403    41    5
 403  402   237    2
 403  219   167    3
 403  395    41    6
 404  381    59    4
 404  400    41   13
 404  405    40    6
 405  404    41   12
 405  391    40    7
 405  419    12    4
 406  120   133    2
 406  418    64    1
 406  407    42    2
 407  406   133    1
 407  227    98    0
 407  409    42    3
 408  410   134    4
 408  108    67    0
 408  430    42   12
 409  139   143    0
 409  407    98    4
 409  414    42    4
 410  416   191    4
 410  214   134    0
 410  408    42   11
 411  160   212    4
 411  413    75    3
 411  412    42    7
 412  411   212    3
 412  162   132    5
 412  415    42    8
 413  414   221    3
 413  178    75    0
 413  411    42    6
 414  179   221    0
 414  409   143    4
 414  413    42    5
 415  251   247    3
 415  412   132    4
 415  416    42    9
 416  415   247    2
 416  252   191    0
 416  410    42   10
 417  419    42   15
 417  431    13    3
 417  502    12    6
 418  396    64    2
 418  406    42    1
 418  419    41   10
 419  418    42    0
 419  405    41   11
 419  417    12    5
 420   78   113    3
 420  421    86    4
 420  422    43    0
 421  423   162    3
 421   64    86    0
 421  420    43   13
 422   88   177    0
 422  420   113    2
 422  425    43    1
 423  429   209    3
 423  151   162    4
 423  421    43   12
 424  425   246    3
 424  249    73    5
 424  444    43    3
 425  250   246    0
 425  422   177    3
 425  424    43    2
 426  258   249    2
 426  430    67    4
 426  427    43    8
 427  426   249    1
 427  282   142    0
 427  428    43    9
 428  282   257    3
 428  427   142    2
 428  429    43   10
 429  428   257    2
 429  280   209    0
 429  423    43   11
 430  408    67    5
 430  426    43    7
 430  431    42   13
 431  430    43    6
 431  417    42   14
 431  445    13    4
 432  433   163    2
 432   66    66    0
 432  455    44    9
 433   67   163    3
 433  437   114    2
 433  432    44    8
 434  440   165    3
 434  261    91    3
 434  442    44    1
 435  438   174    5
 435  182    80    3
 435  436    44    5
 436  112   189    0
 436  435    80    2
 436  437    44    6
 437  436   189    3
 437  113   114    3
 437  433    44    7
 438  443   195    2
 438  238   174    0
 438  435    44    4
 439  130   200    0
 439  444    73    3
 439  441    44   15
 440  441   223    4
 440  263   165    0
 440  434    44    0
 441  184   223    0
 441  439   200    3
 441  440    44   16
 442  235   241    2
 442  434    91    2
 442  443    44    2
 443  442   241    1
 443  238   195    0
 443  438    44    3
 444  424    73    4
 444  439    44   14
 444  445    43    4
 445  444    44   13
 445  431    43    5
 445  505    13    5
 446   79   170    3
 446  455    66    4
 446  454    45    1
 447   91   179    2
 447  449    88    3
 447  448    45    6
 448  447   179    1
 448   92   115    3
 448  452    45    7
 449  450   190    2
 449  114    88    0
 449  447    45    5
 450  115   190    3
 450  453   116    3
 450  449    45    4
 451  452   215    3
 451  167    72    3
 451  467    45    9
 452  168   215    0
 452  448   115    2
 452  451    45    8
 453  454   220    3
 453  176   116    0
 453  450    45    3
 454  177   220    0
 454  446   170    2
 454  453    45    2
 455  432    66    5
 455  446    45    0
 455  507    44   10
 456   32   120    0
 456  462    92    3
 456  457    46    0
 457   75   168    4
 457  456   120    3
 457  465    46    1
 458  158   183    3
 458  467    72    1
 458  463    46   12
 459  109   187    0
 459  460    97    2
 459  464    46    6
 460  461   197    1
 460  125    97    3
 460  459    46    5
 461  466   198    4
 461  128   197    2
 461  460    46    4
 462  463   230    4
 462  197    92    0
 462  456    46   14
 463  199   230    0
 463  458   183    2
 463  462    46   13
 464  265   251    3
 464  459   187    3
 464  479    46    7
 465  272   254    3
 465  457   168    3
 465  466    46    2
 466  465   254    2
 466  273   198    5
 466  461    46    3
 467  451    72    2
 467  458    46   11
 467  468    45   10
 468  467    46   10
 468  506    45   11
 468  480    14    3
 469   83   130    0
 469  471   101    3
 469  473    47    7
 470  207   150    5
 470  472    77    4
 470  477    47   10
 471  476   152    3
 471   52   101    4
 471  469    47    6
 472  473   173    4
 472   81    77    0
 472  470    47    9
 473   83   173    0
 473  469   130    2
 473  472    47    8
 474  479   251    1
 474  264    63    5
 474  475    47    3
 475  266   252    2
 475  474    63    4
 475  476    47    4
 476  475   252    1
 476  267   152    0
 476  471    47    5
 477  470   150    4
 477  478    47   11
 477  295    32    7
 478  511    47   12
 478  477    32    6
 478  484    15    0
 479  464   251    2
 479  474    47    2
 479  480    46    8
 480  479    47    1
 480  468    46    9
 480  510    14    4
 481  485    56    0
 481  482    48    2
 481  483     8    1
 482  481    56   15
 482  484    48    3
 482  509    15    2
 483  481    48    1
 483  484    32    4
 483  312     8    2
 484  483    48    0
 484  478    32    5
 484  482    15    1
 485  486    56    1
 485  487    49    3
 485  481     8    0
 486  489    56    2
 486  485    49    2
 486  488     9    3
 487  488    49    0
 487  333    35   13
 487  485     8    6
 488  486    49    1
 488  487    35   12
 488  346     9    4
 489  490    56    3
 489  491    50    2
 489  486     9    2
 490  492    56    4
 490  489    50    1
 490  491    10    1
 491  490    50    0
 491  356    10    2
 491  489     9    1
 492  493    56    5
 492  494    51    3
 492  490    10    0
 493  497    56    6
 493  492    51    2
 493  495    11    3
 494  496    51    4
 494  370    38    9
 494  492    10    5
 495  493    51    1
 495  496    39    6
 495  393    11    4
 496  495    51    0
 496  380    39    7
 496  494    38    8
 497  498    56    7
 497  499    52    2
 497  493    11    2
 498  500    56    8
 498  497    52    1
 498  499    12    1
 499  498    52    0
 499  391    12    2
 499  497    11    1
 500  501    56    9
 500  502    53    2
 500  498    12    0
 501  503    56   10
 501  500    53    1
 501  502    13    1
 502  501    53    0
 502  417    13    2
 502  500    12    7
 503  504    56   11
 503  505    54    3
 503  501    13    0
 504  508    56   12
 504  503    54    2
 504  506    14    1
 505  507    54    4
 505  445    44   12
 505  503    13    6
 506  504    54    1
 506  507    45   12
 506  468    14    2
 507  506    54    0
 507  455    45   13
 507  505    44   11
 508  509    56   13
 508  510    55    3
 508  504    14    0
 509  482    56   14
 509  508    55    2
 509  511    15    3
 510  511    55    0
 510  480    47    0
 510  508    14    5
 511  509    55    1
 511  510    47   13
 511  478    15    4


   0   8    0.206613419569  0.482349912984  0.851263447059  3.746873754492
       131 1 0 289 283 2 3 132
   1   7    0.529601668599  0.374932253261  0.760886245165  3.315024688896
       28 2 283 284 4 5 29
   2   6    0.629159770430  0.116631737566  0.768475777800  3.335012378876
       4 284 285 7 8 6
   3   6    0.475816927562 -0.189035489799  0.858990008698  3.743577542083
       7 285 286 10 11 9
   4   6   -0.204857220858 -0.450980968670  0.868705752807  3.841728617603
       10 286 287 13 14 12
   5   6   -0.518401866743 -0.337796691989  0.785590796432  3.504130471873
       13 287 288 16 17 15
   6   5   -0.621674140918 -0.079457985076  0.779235324611  3.490718946386
       16 288 290 18 19
   7   7   -0.483274575739  0.218688573099  0.847715159969  3.787167383554
       18 290 289 0 23 24 20
   8   7    0.329819160120  0.374601963434 -0.866540645676 -6.889979728644
       485 481 483 312 323 333 487
   9   7    0.484398042906  0.185316244693 -0.854994985647 -6.665863734159
       356 491 489 486 488 346 358
  10   6    0.513941127051 -0.106220785350 -0.851223626719 -6.936997508851
       492 490 491 356 370 494
  11   6    0.142562987890 -0.389825857771 -0.909786565683 -7.600803993890
       391 499 497 493 495 393
  12   8   -0.340109810719 -0.424391810932 -0.839176326803 -6.830449924965
       500 498 499 391 405 419 417 502
  13   7   -0.521396173413 -0.184438718237 -0.833143678825 -6.559037177459
       503 501 502 417 431 445 505
  14   6   -0.516352091960  0.082625733185 -0.852381079884 -6.840854979502
       508 504 506 468 480 510
  15   5   -0.124170220303  0.359153918537 -0.924981199371 -7.594979360565
       478 484 482 509 511
  16  11   -0.444425255535  0.249962445772  0.860235414259  3.836395748156
       23 0 1 50 206 205 81 82 52 267 266
  17  14    0.149882676175  0.480429531747  0.864131152319  3.799989287158
       50 1 131 133 135 136 54 53 123 124 36 200 201 55
  18  13    0.269717219713  0.487587881440  0.830367797583  3.634368615080
       132 3 22 51 242 244 59 43 175 174 274 275 134
  19  14    0.499692890103  0.406975167393  0.764642549631  3.323162068801
       3 2 28 104 105 41 172 171 215 216 57 71 70 22
  20  12    0.581057229054  0.329016568209  0.744392768912  3.219744970797
       29 5 102 256 253 61 60 68 69 42 149 148
  21  16    0.639378584265  0.186716841838  0.745876562816  3.217160402156
       5 4 6 27 84 85 45 44 110 111 164 163 39 152 153 102
  22  13    0.619086606296 -0.005531972772  0.785303235179  3.383128797479
       6 8 25 86 87 186 185 89 90 46 204 203 27
  23  16    0.545244933216 -0.136548157448  0.827080747872  3.576799143822
       8 7 9 47 49 208 209 80 33 96 100 98 140 141 37 25
  24  15    0.427618902258 -0.229238486728  0.874409395326  3.805972677950
       9 11 93 94 194 195 193 192 191 224 222 170 169 48 47
  25  15   -0.138528990344 -0.451575978385  0.881412987526  3.880430531559
       11 10 12 21 239 240 129 231 230 31 189 190 268 270 93
  26  15   -0.289603176354 -0.454812014442  0.842185271639  3.712693886626
       12 14 118 121 146 145 72 73 142 143 56 40 188 187 21
  27  17   -0.470945550133 -0.390281632668  0.791132438983  3.503048241442
       14 13 15 106 211 210 38 150 161 160 178 179 138 228 226 119 118
  28  15   -0.586265578141 -0.275732513948  0.761750781187  3.381914390966
       106 15 17 30 249 250 88 77 76 64 65 279 281 258 107
  29  16   -0.631898826587 -0.145407533132  0.761288724641  3.390237890685
       17 16 19 26 66 67 113 112 180 181 236 235 259 260 35 30
  30  15   -0.611574102613  0.057531012091  0.789092706633  3.503444804461
       19 18 20 155 156 167 168 92 91 114 115 176 177 79 26
  31  15   -0.543391285612  0.175163469734  0.821001625815  3.647911534198
       20 24 264 265 109 34 127 126 74 75 32 197 198 157 155
  32  15    0.171917277383  0.590279001506 -0.788679370922 -7.185427993132
       294 291 311 312 483 484 478 477 295 299 298 292 297 296 293
  33  15    0.342926543364  0.518821027991 -0.783087560092 -6.782034481083
       310 309 303 302 322 323 312 311 305 306 300 307 308 301 304
  34  13    0.430136856709  0.408806496055 -0.804897219081 -6.643809512853
       316 313 320 321 319 314 318 317 332 333 323 322 315
  35  14    0.531826342470  0.252454305879 -0.808348665428 -6.516470865032
       333 332 328 329 330 331 325 324 327 326 345 346 488 487
  36  15    0.610744596298  0.165344161496 -0.774372227260 -6.396504124227
       342 334 343 344 340 339 335 336 338 337 357 358 346 345 341
  37  14    0.651495219774 -0.031240762147 -0.758009230413 -6.528428360661
       355 347 351 350 352 353 349 348 369 370 356 358 357 354
  38  15    0.637961398307 -0.212991752971 -0.740026869402 -6.730035783789
       361 360 367 368 366 365 362 380 496 494 370 369 359 364 363
  39  14    0.578562608071 -0.359955371901 -0.731913545975 -7.037470372632
       377 372 373 374 392 393 495 496 380 371 375 379 378 376
  40  15   -0.147812319058 -0.655376183463 -0.740698033266 -7.109277297713
       384 383 389 390 388 381 404 405 391 393 392 387 386 382 385
  41  14   -0.352948693986 -0.562715104436 -0.747515170851 -6.669103084508
       400 401 398 399 394 402 403 395 397 396 418 419 405 404
  42  16   -0.460148289177 -0.458619421611 -0.760218243722 -6.488661109370
       419 418 406 407 409 414 413 411 412 415 416 410 408 430 431 417
  43  14   -0.578750522215 -0.259865294822 -0.772992795298 -6.350418825220
       420 422 425 424 444 445 431 430 426 427 428 429 423 421
  44  17   -0.590555899797 -0.168409468153 -0.789228724928 -6.401391725107
       440 434 442 443 438 435 436 437 433 432 455 507 505 445 444 439 441
  45  14   -0.604699566385  0.040812614403 -0.795407294988 -6.595992522262
       455 446 454 453 450 449 447 448 452 451 467 468 506 507
  46  15   -0.607861478310  0.156171942573 -0.778533716379 -6.704147836217
       456 457 465 466 461 460 459 464 479 480 468 467 458 463 462
  47  14   -0.517069356064  0.349766448468 -0.781218735403 -7.179430051440
       510 480 479 474 475 476 471 469 473 472 470 477 478 511
  48   4    0.120711654011  0.227733729260 -0.966212215377 -7.254335660572
       484 483 481 482
  49   4    0.228454891135  0.157636371326 -0.960707623136 -7.046311703033
       487 488 486 485
  50   3    0.259764682576  0.033531403616 -0.965089609652 -7.071387293193
       491 490 489
  51   5    0.285402246193 -0.133001280274 -0.949134456920 -7.298524950245
       496 495 493 492 494
  52   3   -0.120937297007 -0.269649400417 -0.955334167215 -7.280380801790
       499 498 497
  53   3   -0.227689476423 -0.161703241986 -0.960213290815 -7.056765342991
       502 501 500
  54   5   -0.272487304514 -0.029963514254 -0.961692703878 -7.049450105115
       507 506 504 503 505
  55   4   -0.254246055289  0.101604975707 -0.961787592081 -7.246223883153
       510 511 509 508
  56  16    0.000477325177 -0.000695106836 -0.999999644494 -6.951225935749
       481 485 486 489 490 492 493 497 498 500 501 503 504 508 509 482
  57   8    0.000000000000  0.000000000000  1.000000000000  4.420628818203
       289 290 288 287 286 285 284 283
  58   3    0.293861036185 -0.955210226641  0.034915817802 -4.043102300849
       269 95 271
  59   7   -0.375088179583 -0.926048304440  0.041753986409 -2.951254821866
       239 21 187 400 404 381 241
  60   4    0.890982408793 -0.453978212332  0.007357305796 -3.244952039544
       371 48 169 375
  61   6    0.631311116017  0.775444547988 -0.011490334606 -2.699019046576
       302 51 22 70 315 322
  62   6    0.404234475963  0.914360336213 -0.023230669478 -3.245705730975
       291 137 135 133 305 311
  63   6   -0.890245256800  0.453602614631  0.041328570572 -2.836035055778
       264 24 23 266 475 474
  64   6   -0.630739355303 -0.774742249681  0.044071671531 -2.388835851758
       120 406 418 396 147 122
  65   6    0.986399430932 -0.164181882121  0.007776389918 -2.681475142417
       348 86 25 37 359 369
  66   6   -0.998174954990 -0.039218400794  0.045920325234 -2.035545949876
       432 66 26 79 446 455
  67   6   -0.830736369269 -0.555080295688  0.041987499466 -2.044228516352
       408 108 107 258 426 430
  68   6    0.996911840841  0.078458663428  0.003319597099 -2.400871792612
       337 84 27 203 354 357
  69   5   -0.148591994490 -0.988351460464  0.032890876729 -3.483027283236
       386 189 31 117 382
  70   7    0.813569212183  0.581385144918 -0.009820909145 -2.393037159462
       317 104 28 29 148 328 332
  71   4    0.164021548406  0.985436151170 -0.044861159441 -3.895525193787
       200 36 292 298
  72   6   -0.986599614066  0.156262027698  0.046940177083 -2.234643585580
       158 458 467 451 167 156
  73   7   -0.937073433674 -0.345704641165  0.048802468993 -1.873769572815
       30 35 130 439 444 424 249
  74   5    0.929607535327  0.368057660425 -0.019062761227 -2.362595315274
       326 103 154 341 345
  75   4   -0.743762455408 -0.666169220344  0.055099725878 -2.096727834285
       413 178 160 411
  76   6    0.948596862161 -0.316475855387  0.002650670749 -2.980823554096
       96 33 277 367 360 97
  77   5   -0.789949474473  0.612747622113  0.022807441198 -3.357453087953
       472 81 205 207 470
  78   4    0.972321762963  0.233433802279 -0.009952347558 -2.346504958339
       110 44 335 339
  79   4   -0.950670806721  0.308891669737  0.028477247314 -2.606021984232
       74 126 273 272
  80   5   -0.980131654794 -0.194960307799  0.036502296546 -1.989561730949
       180 112 436 435 182
  81   4    0.529061169141  0.848321277942 -0.021101864780 -2.961377160910
       43 59 304 301
  82   4   -0.515421153638 -0.856111680027  0.037600873707 -2.676865291444
       394 144 220 402
  83   3    0.734316530029  0.678795218227  0.004035522074 -2.420468856635
       215 171 218
  84   5    0.883458131897  0.467767002349 -0.026377276163 -2.422247137362
       325 68 60 62 324
  85   5    0.785244825443 -0.619037105966  0.013550850625 -3.636047653517
       194 94 373 372 196
  86   5   -0.900635197684 -0.432478861819  0.042641233248 -1.936629295032
       421 64 76 78 420
  87   4    0.998889873961 -0.047106450662  0.000044778224 -2.565936265346
       89 185 352 350
  88   4   -0.997159671060  0.062735968904  0.041674795945 -2.149701926334
       449 114 91 447
  89   4    0.286388879530  0.957619239163 -0.030770155466 -3.553501036855
       123 53 293 296
  90   4   -0.256180194657 -0.966188333380  0.029185823714 -3.287731523214
       232 383 384 233
  91   5   -0.961286734047 -0.271110898103  0.049261504992 -1.876639144426
       259 235 442 434 261
  92   4   -0.971311790023  0.233191329229  0.046639152390 -2.352469739145
       462 197 32 456
  93   4    0.955786894907  0.294038442508 -0.003578526472 -2.275278125440
       334 39 163 343
  94   5    0.972276084015 -0.233422835733  0.013892307637 -2.754225559849
       363 140 98 99 361
  95   5    0.856708637989 -0.515780551563  0.004553265315 -3.416276971926
       378 225 191 192 376
  96   4    0.917751955483 -0.397146735136  0.002412255813 -3.144693863299
       208 49 362 365
  97   5   -0.916853182376  0.396757801282  0.044311274970 -2.684400573707
       34 109 459 460 125
  98   5   -0.684057742967 -0.728447508796  0.037805174463 -2.322304156735
       407 227 229 139 409
  99   4   -0.580761321071 -0.812696255795  0.047340086246 -2.469421658736
       72 145 397 395
 100   5    0.678743345563  0.734260414498 -0.013004405244 -2.620992269620
       71 57 58 313 316
 101   5   -0.855719679878  0.515185150353  0.048250288343 -2.941157709912
       52 82 83 469 471
 102   5    0.467764546614  0.883453493820 -0.026575424526 -3.125344934918
       300 276 274 174 307
 103   4   -0.874217052840 -0.480604891825  0.069017986627 -1.799598586592
       279 65 151 280
 104   5   -0.788424021561 -0.611564359544  0.066155849030 -1.951508228803
       38 210 213 252 251
 105   4    0.780387480744  0.625208265648 -0.010488301264 -2.441955621984
       41 105 318 314
 106   3    0.574837951348  0.817911672614 -0.024121059074 -2.887274649269
       243 303 309
 107   4    0.986429121108  0.164186823921  0.000525243776 -2.339380483897
       45 85 338 336
 108   4    0.856717507572  0.515785891486  0.000162365223 -2.279780791660
       247 42 69 248
 109   4   -0.446321839384 -0.893230214153  0.054190407015 -2.721056861987
       165 40 56 166
 110   4    0.908023321119  0.418604484683  0.016246036649 -2.139505664821
       61 253 254 63
 111   4    0.999868363331  0.015707187410 -0.004066973467 -2.515937269738
       347 46 90 351
 112   4    0.995500025564 -0.094102458356  0.011154659707 -2.557568710769
       186 87 349 353
 113   5   -0.917164387388 -0.396892471716  0.035858784170 -1.965014618016
       77 88 422 420 78
 114   4   -0.987788165274 -0.148507306847  0.047118153170 -1.951232476273
       113 67 433 437
 115   4   -0.994177302002  0.101861460517  0.035153023280 -2.237374558304
       92 168 452 448
 116   4   -0.999066281893  0.015694587308  0.040252258481 -2.114860487511
       453 176 115 450
 117   7   -0.086247543693 -0.995822132866  0.029994014414 -3.623693883026
       268 190 387 392 374 95 269
 118   5   -0.210167285876 -0.976185716158  0.053769503588 -3.223547446340
       234 173 117 31 230
 119   5    0.360558489336  0.931986771445 -0.037392962151 -3.433029987558
       54 136 137 291 294
 120   4   -0.958191787323  0.278380448117  0.066127337860 -2.302230339153
       456 32 75 457
 121   4   -0.316096250475 -0.947459043832  0.049035912309 -3.033497582140
       129 240 246 245
 122   4    0.938050528005 -0.346065110294  0.017324732204 -2.945117848564
       277 33 80 278
 123   4   -0.934384982545  0.353074662780  0.047570861859 -2.570708343069
       34 125 128 127
 124   5   -0.945920016280 -0.315582792039  0.075118733816 -1.702868768893
       130 35 260 262 184
 125   4   -0.970311641992 -0.232951214930  0.065031137759 -1.787018410232
       236 181 183 237
 126   4   -0.976981905997  0.202323226318  0.067614106854 -2.166905308688
       199 159 157 198
 127   4    0.210372098352  0.977137029837 -0.030770199147 -3.714418717143
       292 36 124 297
 128   4    0.979194962851 -0.202781528360  0.007541649947 -2.742320438845
       359 37 141 364
 129   4    0.964409694754  0.263832637333 -0.017500861195 -2.375851517068
       164 111 340 344
 130   3   -0.835568167523  0.548865697010  0.023922459478 -3.185395228772
       469 83 473
 131   5    0.960254408998 -0.278979695109 -0.009044319618 -2.983128038655
       361 99 101 97 360
 132   6   -0.764516477616 -0.642643238332  0.050241652835 -2.093151963417
       162 150 38 251 415 412
 133   6   -0.666464318907 -0.744091926097  0.046395227567 -2.300357153493
       227 407 406 120 119 226
 134   5   -0.813155066305 -0.581089191904  0.033379472655 -2.126672078766
       410 214 212 108 408
 135   4    0.946085268764  0.323917387363  0.000436338734 -2.243322200851
       39 334 342 152
 136   4    0.712150183337  0.701050701319 -0.037013923780 -2.717057443000
       313 58 217 320
 137   5   -0.404049896157 -0.913942824934  0.038107665471 -2.913753628444
       188 40 165 398 401
 138   4    0.760368728826  0.649416245120 -0.009896302220 -2.467786935683
       172 41 314 319
 139   5    0.839982510111  0.542369836598 -0.016258630196 -2.402978205545
       149 42 247 330 329
 140   5    0.446755289608  0.894097684220 -0.031607630076 -3.202714365940
       134 275 276 300 306
 141   4    0.502199294624  0.864599402557 -0.016240122430 -2.986503712661
       175 43 301 308
 142   3   -0.859919795888 -0.508555149624  0.043699020940 -1.988463604954
       427 282 428
 143   5   -0.711651461689 -0.700559752683  0.052613971498 -2.174075558485
       409 139 138 179 414
 144   3    0.876247543506 -0.481721163515  0.011617362924 -3.285337692212
       223 170 222
 145   4    0.977560908292  0.210463356996 -0.008935655584 -2.357835326709
       335 44 45 336
 146   4   -0.541621685483 -0.838823828693  0.054959387114 -2.506642978806
       221 142 73 219
 147   4    0.999228997666  0.039259814243 -0.000277863335 -2.464146962633
       355 204 46 347
 148   4   -0.605503130464 -0.793399204256  0.062319031480 -2.321254534780
       146 121 122 147
 149   6    0.911365889843 -0.411497477821  0.009057625424 -3.134039812425
       362 49 47 48 371 380
 150   8   -0.739470212909  0.672866122090  0.020856317137 -3.529517228398
       50 55 116 295 477 470 207 206
 151   5    0.606588501486  0.794821381057 -0.017588691834 -2.784389555735
       242 51 302 303 243
 152   4   -0.868150205368  0.495184134586  0.033285038286 -2.988709062296
       476 267 52 471
 153   4    0.316372949997  0.948288416101 -0.025636622226 -3.456085469314
       54 294 293 53
 154   4    0.070593731640  0.997033128227 -0.030683322362 -3.979139923922
       116 55 201 202
 155   6    0.904329914633  0.425545356258 -0.033144460573 -2.454567939898
       63 254 255 327 324 62
 156   6   -0.488247524916 -0.871828688101  0.039103618980 -2.727264775925
       399 166 56 143 144 394
 157   5    0.818071370253 -0.574950188729  0.013838845800 -3.517728389901
       193 195 196 372 377
 158   4    0.695888742233  0.718101475590  0.008314396424 -2.456807917837
       217 58 57 216
 159   4    0.555451899746  0.831292514044 -0.020638390512 -2.903650918993
       304 59 244 310
 160   4    0.898019729659  0.439935326091  0.004180191423 -2.220020025731
       63 62 60 61
 161   3   -0.353212141502 -0.934748809425  0.038546677861 -3.019900986027
       241 381 388
 162   5   -0.885744778061 -0.460107570398  0.061296099382 -1.833757767276
       151 65 64 421 423
 163   4   -0.995477119185 -0.086217662269  0.039897617622 -2.043115676781
       67 66 432 433
 164   5    0.868491010375  0.495378526330 -0.017985565043 -2.382783013288
       248 69 68 325 331
 165   4   -0.957659579863 -0.286400943957  0.029370536201 -2.002202300026
       440 263 261 434
 166   4    0.655350060019  0.755224064595 -0.012365722353 -2.659626224192
       315 70 71 316
 167   5   -0.568279503738 -0.822231995925  0.031511117221 -2.599041587840
       73 72 395 403 219
 168   5   -0.955526992042  0.293958485946  0.023591863431 -2.607857284335
       75 74 272 465 457
 169   3   -0.909407827456 -0.410613378753  0.066136650593 -1.774492987661
       77 78 76
 170   4   -0.999126235080 -0.023545714716  0.034530648601 -2.120580915610
       79 177 454 446
 171   5    0.917596960513  0.397079662823 -0.018535356194 -2.359392040613
       327 255 257 103 326
 172   5    0.929774563228 -0.368123791450  0.002033652551 -3.086516262712
       368 278 80 209 366
 173   5   -0.826633315206  0.561779420903  0.032882281573 -3.160146221498
       473 83 82 81 472
 174   6   -0.973766481853 -0.225706951327  0.028900016306 -2.023614189164
       438 238 237 183 182 435
 175   4    0.993066963225  0.117537220663 -0.001734447951 -2.397300335850
       85 84 337 338
 176   4    0.992041879396 -0.125324034017  0.012115940839 -2.596616306472
       87 86 348 349
 177   4   -0.923502269068 -0.382527164730  0.028574941306 -2.008780302808
       422 88 250 425
 178   4    0.999721349799 -0.023559739372  0.001470182499 -2.527615792824
       90 89 350 351
 179   4   -0.994944423008  0.086171525780  0.051575801199 -2.111507664097
       92 448 447 91
 180   7    0.744775119409 -0.667076237878  0.017869369543 -3.732394061332
       373 94 93 270 271 95 374
 181   4    0.955656407749 -0.293998299417  0.016906515552 -2.847160705831
       97 101 100 96
 182   4    0.966252390428 -0.256197179076  0.026820205546 -2.713763854875
       100 101 99 98
 183   5   -0.979866165889  0.194907498772  0.043282373641 -2.314444699187
       159 199 463 458 158
 184   6    0.923855767427  0.382673588545  0.007172560367 -2.195482729367
       103 257 256 102 153 154
 185   4    0.794900062304  0.606648549115 -0.010555984359 -2.422235656189
       105 104 317 318
 186   5   -0.817084195934 -0.574256390997  0.051019742782 -2.005615356597
       108 212 211 106 107
 187   4   -0.910876880401  0.411276681592  0.033982347321 -2.785112613938
       459 109 265 464
 188   4    0.968581068317  0.248689349822 -0.002078793619 -2.286116692412
       340 111 110 339
 189   4   -0.984312494993 -0.171790030979  0.040213150289 -1.979608226665
       436 112 113 437
 190   4   -0.998675944691  0.031384655929  0.040759794753 -2.124999361782
       115 114 449 450
 191   5   -0.794380514675 -0.606252042900  0.037657115975 -2.128473790761
       416 252 213 214 410
 192   4    0.117406632576  0.991963630046 -0.047157600592 -3.999257985849
       295 116 202 299
 193   4   -0.179574350807 -0.983255559700  0.031008980163 -3.433679980886
       117 173 385 382
 194   5   -0.642314654833 -0.764125580329  0.059531350341 -2.264824212495
       118 119 120 122 121
 195   3   -0.968438773048 -0.248652814607  0.017266170530 -2.090128072372
       443 238 438
 196   4    0.271230395542  0.961710440003 -0.039333219073 -3.640181305761
       297 124 123 296
 197   4   -0.929487100603  0.368009976945  0.024947678895 -2.749436101652
       125 460 461 128
 198   6   -0.940637272423  0.338650256100  0.022749192784 -2.702651969074
       273 126 127 128 461 466
 199   6   -0.271240352935 -0.961745746258  0.038389979081 -3.197010322305
       383 232 231 129 245 389
 200   4   -0.942598100613 -0.331016892238  0.044007246841 -1.904247442599
       439 130 184 441
 201   6    0.418581677311  0.907973848105 -0.019309856964 -3.188555499685
       134 306 305 133 131 132
 202   3    0.382606526130  0.923693864435 -0.020047218477 -3.274570939925
       137 136 135
 203   4   -0.694317609866 -0.716480192758  0.067669712692 -2.108625408456
       139 229 228 138
 204   4    0.975762417909 -0.218108741418  0.017784282783 -2.702549545978
       364 141 140 363
 205   5   -0.508191535955 -0.859304958752  0.057761151724 -2.561986173970
       143 142 221 220 144
 206   5   -0.593490355845 -0.803521726157  0.046065530625 -2.451365315518
       145 146 147 396 397
 207   4    0.827067990543  0.562074825957 -0.005516252708 -2.349619573498
       149 329 328 148
 208   3   -0.758676013282 -0.647970529468  0.067415872101 -1.990214202995
       150 162 161
 209   4   -0.879016472852 -0.474291553512  0.048760257608 -1.925496625516
       429 280 151 423
 210   5    0.938153638632  0.346103149813 -0.008964374499 -2.300066945154
       153 152 342 341 154
 211   5   -0.980588725788  0.187057303625  0.058781936154 -2.201486604957
       159 158 156 155 157
 212   5   -0.754376794449 -0.654614836439  0.048939431041 -2.118136459150
       160 161 162 412 411
 213   4    0.957965038571  0.286492295481 -0.015004982700 -2.349963078473
       343 163 164 344
 214   4   -0.439690136787 -0.897519236020  0.033642303531 -2.868471800072
       398 165 166 399
 215   4   -0.991032949834  0.125196576572  0.046685217760 -2.193964552087
       452 168 167 451
 216   5    0.883747679534 -0.467920309931  0.006373576122 -3.284163889594
       169 170 223 379 375
 217   5    0.744870412330  0.667161589338 -0.007967593538 -2.479877562113
       172 319 321 218 171
 218   5   -0.217987522163 -0.975220114134  0.037777892613 -3.311266188365
       385 173 234 233 384
 219   4    0.481488996638  0.875825233525 -0.033143723964 -3.137326418579
       307 174 175 308
 220   4   -0.999001557283 -0.000000000000  0.044675368451 -2.073166878390
       454 177 176 453
 221   4   -0.727699715294 -0.683355518127  0.058977624619 -2.101925239087
       414 179 178 413
 222   4   -0.975803712674 -0.210085042677  0.060591989356 -1.826039435817
       182 183 181 180
 223   5   -0.950333836793 -0.308782181571  0.038976441491 -1.937791799140
       441 184 262 263 440
 224   4    0.997442512060 -0.070622717570  0.010993948243 -2.527194861725
       186 353 352 185
 225   4   -0.389666234165 -0.920228036460  0.036614025522 -2.953245270708
       400 187 188 401
 226   4   -0.117467374852 -0.992476838943  0.034512896257 -3.534543185108
       387 190 189 386
 227   3    0.860669042534 -0.508998252855  0.013022204677 -3.345264529986
       224 191 225
 228   4    0.835794106586 -0.549014111234  0.005631790282 -3.499715882751
       376 192 193 377
 229   3    0.799450732511 -0.600244588735  0.024185945938 -3.519679366232
       196 195 194
 230   5   -0.974650219360  0.217860135588  0.050930454770 -2.299615045578
       463 199 198 197 462
 231   5    0.133004675400  0.990231180414 -0.041856488843 -3.936419102612
       299 202 201 200 298
 232   4    0.998024850544  0.062790401383  0.001939894338 -2.425054779457
       354 203 204 355
 233   3   -0.780065341490  0.624950183440  0.030583185326 -3.340009410228
       206 207 205
 234   4    0.923847896729 -0.382670328395  0.008275474319 -3.076944908536
       366 209 208 365
 235   5   -0.798437666921 -0.599483957574  0.055823620923 -2.003234540583
       210 211 212 214 213
 236   6    0.723546048589  0.690228602368 -0.008098891566 -2.515351339425
       320 217 216 215 218 321
 237   5   -0.528864454892 -0.848005857169  0.034473969296 -2.667466734433
       221 219 403 402 220
 238   6    0.868616901929 -0.495450333604  0.005800397774 -3.356342771977
       379 223 222 224 225 378
 239   4   -0.671930526470 -0.738442006748  0.056681304397 -2.222710563922
       229 227 226 228
 240   5   -0.225544716690 -0.973066553691  0.047655669765 -3.231660201229
       230 231 232 233 234
 241   6   -0.965585747490 -0.256020421904  0.045800740298 -1.903281292614
       238 443 442 235 236 237
 242   6   -0.345779132983 -0.937275352584  0.044178101275 -2.999487204465
       246 240 239 241 388 390
 243   5    0.568474596977  0.822514272343 -0.017518686724 -2.857710987417
       244 242 243 309 310
 244   4   -0.301336559978 -0.952817351540  0.036542745186 -3.146111641808
       389 245 246 390
 245   4    0.852464300153  0.522390794995 -0.020309462528 -2.414848578430
       330 247 248 331
 246   4   -0.929058290984 -0.367840199206  0.039297325643 -1.937411060429
       425 250 249 424
 247   4   -0.774805076818 -0.630790504634  0.042195167978 -2.129595300566
       251 252 416 415
 248   5    0.914550643034  0.404318609729  0.011116795958 -2.170840804179
       256 257 255 254 253
 249   5   -0.839161335111 -0.541839610617  0.047096603071 -1.998443912335
       282 427 426 258 281
 250   5   -0.954661301054 -0.293692164624  0.048648871603 -1.876640451801
       263 262 260 259 261
 251   5   -0.897472225930  0.439667106781  0.035163033142 -2.843471893692
       264 474 479 464 265
 252   4   -0.882873148138  0.467457269392  0.044930007673 -2.845973853450
       267 476 475 266
 253   4   -0.007846100848 -0.998976046080  0.044556683662 -3.671159292587
       270 268 269 271
 254   4   -0.953453765316  0.301537831226  0.000923982398 -2.769132076223
       272 273 466 465
 255   3    0.460876021321  0.887224109061 -0.020656071090 -3.102729398322
       276 275 274
 256   4    0.940873442814 -0.338735282673  0.003946248844 -3.015460999751
       367 277 278 368
 257   6   -0.867170377183 -0.494625250456  0.057977569338 -1.883075227690
       279 280 429 428 282 281
