42
   8  33
      0.1956126581     2.6155803796    -5.0508032277
      1.2938161191     3.1128482352    -4.4713704236
       

   8  34
      2.1320922453     2.0753102146    -5.0911480387
      1.2924741867     3.1122928122    -4.4698034237
       

   8  48
      0.9146533923     2.0012823662    -5.3768515006
      2.1465691797     2.0740399985    -5.0892767216
       
   8  55
      0.1776336910     2.6238019911    -5.0489262672
      0.9112420171     1.9988765945    -5.3798827017
       

   9  35
      2.1544014713     2.0538858343    -5.0904897579
      3.3669673706     1.5861022375    -4.4924438220
       

     9  36
      3.2226607854     0.2172690994    -5.1218343953
      3.3651177381     1.5866383848    -4.4920570963
       

     9  48
      2.3671060325     0.9892530460    -5.3715281557
      2.1473043391     2.0721485784    -5.0888254228
       

     9  49
      2.3689686340     0.9894738336    -5.3702083380
      3.2215039972     0.2162339466    -5.1229879971
       

    10  37
      3.2136277506     0.2132482101    -5.1219300960
      3.6810848169    -1.0566691446    -4.5090268930
       

    10  38
      2.6188855822    -1.7368439285    -5.1192166066
      3.6808742678    -1.0539298944    -4.5086398324
       

    10  49
      2.5962058522    -0.6916798107    -5.3664269246
      3.2140326158     0.2224065272    -5.1243304523
       

    10  50
      2.6156694322    -1.7366926699    -5.1217082040
      2.6002625806    -0.6936711526    -5.3621059995
       

   11  39
      2.0635868832    -2.9835899416    -4.5307951766
      2.6240901006    -1.7331608356    -5.1163982695
   11  40
      0.8268616499    -2.8358426366    -5.1049027699
      2.0644382593    -2.9816111385    -4.5313424274
    11  50
      1.6465216995    -1.9513528286    -5.3563597193
      2.6229538223    -1.7283546008    -5.1208533638
       
    11  51
      0.8245788244    -2.8334332069    -5.1075031012
      1.6563053588    -1.9410051086    -5.3581662847
    12  41
      0.7994540422    -2.8392535510    -5.1010796046
     -0.3229108897    -3.3032138099    -4.5107661076
    12  42
     -1.1851588615    -2.2983989041    -5.1026946339
     -0.3221009125    -3.3034915642    -4.5102557903
   12  51
     -0.1566421457    -2.2294754219    -5.3756479833
      0.8025442280    -2.8336581006    -5.1075389027
    12  52
     -1.1965427890    -2.2986177182    -5.0998750397
     -0.1595526850    -2.2284855927    -5.3739828847
   13  43
     -1.1993269213    -2.3008231728    -5.0941682055
     -2.3894276445    -1.7255419401    -4.4702094290
    13  44
     -2.1865642850    -0.5554930637    -5.1083047489
     -2.3889092396    -1.7258477405    -4.4697698368
    13  52
     -1.1950939162    -2.2998000127    -5.0988563499
     -1.4136401888    -1.3043646799    -5.3627176004
    13  53
     -2.1848828300    -0.5536063294    -5.1101289822
     -1.4140325188    -1.3016065965    -5.3623719125
   14  45
     -2.1416660253    -0.2618676559    -5.1165700309
     -2.7448300441     0.6528309441    -4.3965866975
   14  46
     -1.7630992170     1.3157125718    -5.0793549710
     -2.7442843756     0.6513753783    -4.3950420513
   14  53
     -2.1405174379    -0.4587366222    -5.1330746165
     -1.6869216401     0.2896995963    -5.3609956959
   14  54
     -1.6861017975     0.2883933710    -5.3608239884
     -1.7600742418     1.3158870301    -5.0820813244
   15  32
      0.1678435154     2.6176192042    -5.0509018562
     -1.0717999851     2.5065796941    -4.5402021078
    15  47
     -1.7435544221     1.3690876578    -5.0695939537
     -1.2617956696     2.3696523270    -4.5515906785
    15  54
     -1.7420610152     1.3640049767    -5.0752988713
     -0.6468188283     1.6756467216    -5.3698884201
   15  55
     -0.6458097083     1.6782949818    -5.3672740606
      0.1756024799     2.6228365457    -5.0501403790
    15 300
     -1.2618666195     2.3696763042    -4.5551449453
     -1.0718216357     2.5068531234    -4.5397072018
   46  54
     -1.7389530700     1.3659373833    -5.0754112244
     -1.7592624494     1.3104843637    -5.0825385092
   48  56
      0.9263258093     2.0300929369    -5.3676330506
      2.3825784717     0.9984664683    -5.3671589957
    49  56
      2.6021668919    -0.6862889970    -5.3668117589
      2.3864595557     0.9972400538    -5.3657503515
    50  56
      1.6396932605    -1.9351470249    -5.3648764866
      2.5956358813    -0.6884674403    -5.3667028450
    51  56
     -0.1543864989    -2.2702879617    -5.3643525426
      1.6522996548    -1.9346189543    -5.3622106504
       
    52  56
     -1.4123266696    -1.3021098566    -5.3642348041
     -0.1548562777    -2.2676498587    -5.3617948984
    53  56
     -1.4137055911    -1.3023407415    -5.3625276407
     -1.6799721267     0.2888273787    -5.3645973297
    54  56
     -1.6832100424     0.2863748628    -5.3634904273
     -0.6547332127     1.6839881692    -5.3660329895
    55  56
     -0.6517002804     1.6843669780    -5.3658985279
      0.9236839399     2.0336139492    -5.3676244849
       
