0.698953 1.801780 -3.387811
0.621530 2.422459 -3.771686   
   

1.065585 0.460204 -2.831971
0.867562 1.083156 -3.053302   
   

1.419965 0.071495 -3.011709
2.174633 -0.626559 -3.499568   
   

2.175388 -0.628150 -3.501584
2.594026 -0.947914 -3.825379   
   

2.731588 -0.962311 -4.001338
2.584001 -0.939063 -3.816461   
   

0.872135 1.066693 -3.045724
0.691312 1.864748 -3.427314   
   

1.524157 -0.045250 -3.062960
1.063925 0.463839 -2.832610   
   

0.692788 2.581191 -3.994321
0.622236 2.410855 -3.762630   
   

1.594215 -1.649494 -3.332105
2.387485 -1.574898 -3.761573   
   

1.833540 -1.622929 -3.458365
1.519754 -1.693895 -3.336899   
   

1.519754 -1.693895 -3.336899
1.198066 -1.789834 -3.239404   
   

0.241166 -2.515339 -3.463864
0.608549 -2.135879 -3.257690   
   

-0.134525 -3.002082 -3.785476
-0.081277 -2.930789 -3.737012   
   

2.547508 -1.694798 -4.004155
2.347878 -1.554236 -3.711140   
   

1.198066 -1.789834 -3.239404
0.972485 -1.874805 -3.191664   
   

0.972485 -1.874805 -3.191664
0.610945 -2.1