8
2 5
-0.031400 0.013500 0.903200
-0.072700 0.935700 0.992300
   
    
3 5
0.076300 0.964400 0.979800
1.026200 1.093800 0.942600
   
    
4 5
1.070900 1.033200 0.908400
1.082900 0.097500 0.962900
   
    
1 5
0.952500 -0.049600 1.027900
0.074500 0.020900 1.044600
   
    
0 2
0.005200 0.048200 -0.012700
-0.082900 0.933700 -0.027100
   
    
0 3
0.005900 0.959900 -0.087000
1.061200 0.980700 -0.083900
   
    
0 4
1.021400 1.069700 -0.026200
1.075800 0.011300 -0.014700
   
    
0 1
0.966200 -0.083700 0.007700
0.075700 -0.021900 -0.046400
   
    
