512
-0.025597 0.281094 -4.554607
-0.158276 0.646058 -4.729203
0.173600 0.459530 -4.704062
0.176719 0.496787 -4.725930
0.424970 0.102984 -4.703333
0.439963 0.112953 -4.718681
2.350210 -0.649174 -6.165394
0.465427 -0.282108 -4.678010
0.486691 -0.292810 -4.693795
1.976694 -3.177435 -6.152307
0.303028 -0.585378 -4.654793
0.316749 -0.618761 -4.669740
0.561540 -3.571342 -6.143968
-0.023309 -0.538743 -4.707539
-0.023753 -0.544925 -4.710854
-1.384651 -1.927558 -6.203050
-0.304024 -0.186261 -4.741215
-0.306451 -0.187989 -4.743560
-0.386032 0.278032 -4.759298
-2.260014 0.521989 -6.229485
-0.415147 0.310274 -4.784214
0.580951 -3.702149 -6.207934
0.580959 2.914623 -6.276975
-1.829696 3.239488 -6.346297
-1.834645 3.229805 -6.346620
2.451842 -1.897990 -6.254311
-2.350385 0.540824 -6.300899
2.483078 -0.684731 -6.270390
1.508709 1.897732 -6.342026
1.510279 1.895535 -6.342036
-2.032939 -0.798012 -6.293127
1.332710 -3.931002 -6.207031
-2.182914 2.270162 -6.372384
2.258245 -2.702423 -6.259493
-1.972652 2.918918 -6.371633
-2.042406 -0.772780 -6.296166
-1.288109 3.879293 -6.330811
2.436080 -1.992935 -6.259596
-1.230629 -2.284645 -6.287522
2.204150 0.496328 -6.326944
0.410964 -3.629445 -6.227124
1.241723 2.249300 -6.354670
1.621170 1.729261 -6.355103
-0.045148 3.361419 -6.335961
2.402626 -0.224839 -6.316550
2.445061 -0.421395 -6.303722
2.508239 -1.118376 -6.293280
2.026418 -3.264623 -6.199481
2.000326 -3.322463 -6.201885
2.110474 -3.079005 -6.224249
-1.407559 3.894461 -6.318525
0.460663 3.012289 -6.295250
-1.721776 3.443781 -6.349904
-0.980766 3.800353 -6.340231
-0.825262 3.748523 -6.338387
-1.406139 3.896056 -6.319658
0.277452 -3.563352 -6.237343
0.823088 2.696793 -6.319268
0.886119 2.636825 -6.415413
0.053267 3.300141 -6.331946
1.878284 1.272561 -6.353943
1.960156 1.105345 -6.343942
1.909885 1.208750 -6.427121
1.966719 1.092220 -6.372586
-1.739884 -1.477159 -6.313416
-1.654785 -1.640114 -6.306906
-2.349474 0.512109 -6.305628
-2.344720 0.453895 -6.312801
1.775694 1.466014 -6.359368
1.704439 1.590952 -6.358970
0.582967 2.912982 -6.277414
0.697543 2.813201 -6.299182
-0.084424 -3.341833 -6.242153
-0.063792 -3.356117 -6.242772
-2.074907 2.638922 -6.379574
-2.098874 2.560954 -6.378802
-1.799927 -1.352218 -6.314401
-1.905533 -1.117748 -6.310807
-1.840180 -1.276794 -6.399623
-2.357064 0.691851 -6.317086
2.184505 -2.901516 -6.243751
-1.541729 3.727718 -6.339391
-1.617580 3.616509 -6.346263
-1.626407 3.606309 -6.393897
2.481057 -0.658850 -6.275136
2.472334 -0.585306 -6.286068
2.461222 -1.841967 -6.261311
2.477005 -1.718153 -6.272881
-1.950995 -1.012407 -6.307665
2.506115 -1.334963 -6.293131
2.509428 -1.194452 -6.294753
-2.340999 1.272996 -6.347005
-2.322199 1.490847 -6.348318
1.611032 -3.961999 -6.179169
1.633225 -3.937339 -6.183557
1.608632 -3.967444 -6.282406
2.263424 -2.686906 -6.260346
2.282321 -2.631079 -6.357728
2.345749 -2.401566 -6.267509
2.336489 -2.444942 -6.348236
2.310790 -2.533277 -6.266208
2.313136 -2.527140 -6.292115
2.103167 0.778012 -6.310895
2.068998 0.862108 -6.396441
1.420646 2.020830 -6.349995
1.336632 2.130851 -6.353650
-1.439947 -2.000957 -6.272176
-1.455659 -1.978969 -6.276309
-1.433695 -2.021119 -6.398995
-1.857607 3.182549 -6.351736
2.375801 -0.113313 -6.321473
2.316200 0.118756 -6.328477
-2.299279 0.169236 -6.329453
-2.323493 0.309550 -6.322752
-2.352518 1.086809 -6.342359
-2.357721 0.909725 -6.333481
-1.412050 3.893029 -6.431599
1.324726 -3.930594 -6.230814
-0.487171 -3.038784 -6.216988
-0.556182 -2.981785 -6.229950
-0.524458 -3.017204 -6.342288
-0.442540 -3.076700 -6.222117
-0.442400 -3.078133 -6.239006
-1.101674 3.836540 -6.339379
-1.136725 3.846449 -6.338808
-1.974714 2.917505 -6.401655
-2.051521 2.710887 -6.379449
-2.048839 2.718324 -6.379261
-2.007168 2.839503 -6.460177
0.946037 -3.839301 -6.220822
-2.049020 -0.757617 -6.315745
-0.622785 3.664285 -6.326673
-0.615955 3.661139 -6.326548
-0.623205 3.664478 -6.326707
-0.487914 3.601965 -6.333392
-0.675138 3.687343 -6.330412
-0.795721 3.737143 -6.337184
-0.695749 3.692512 -6.485596
-0.834422 -2.726578 -6.269682
-0.809947 -2.755884 -6.328850
2.365281 -2.320174 -6.266948
2.407702 -2.130117 -6.263536
0.069752 -3.442389 -6.243440
0.229452 -3.536562 -6.239381
0.174362 -3.509176 -6.316652
-0.269994 -3.208754 -6.234097
-0.292123 -3.192337 -6.232841
-0.394588 -3.123456 -6.351471
1.512766 1.892049 -6.342436
1.581359 1.791030 -6.351329
-1.225599 -2.290625 -6.287478
-1.651770 -1.650024 -6.337712
2.151900 0.648928 -6.320355
2.113750 0.752515 -6.313583
2.111354 0.758596 -6.329488
-2.279298 1.812402 -6.338512
-2.280549 1.805999 -6.339015
-2.255362 1.941557 -6.350226
-2.279029 1.850923 -6.456616
-2.253140 1.967675 -6.396276
-1.066030 -2.477038 -6.284450
-1.071903 -2.470281 -6.284614
-1.156330 -2.376965 -6.337816
2.253211 0.336825 -6.329072
2.292136 0.206628 -6.329847
0.389499 -3.622671 -6.292268
0.301562 -3.580981 -6.329351
-2.299261 1.689663 -6.345036
-2.312192 1.588287 -6.347667
1.963923 -3.393923 -6.202817
1.916488 -3.483516 -6.203107
1.086065 2.428675 -6.348419
1.140546 2.367810 -6.351627
1.250634 -3.920304 -6.333599
-0.232099 3.469853 -6.338909
-0.228877 3.468081 -6.338915
-2.358341 0.862738 -6.330535
-2.357864 0.721719 -6.319884
-0.949526 -2.606664 -6.279046
-0.873030 -2.687642 -6.273457
-2.280399 0.073845 -6.332002
-2.250887 -0.063746 -6.333786
-2.267627 0.000599 -6.380284
-2.251128 -0.066230 -6.346282
-2.086391 -0.658281 -6.369015
2.501388 -1.435198 -6.290110
2.493701 -1.542942 -6.284809
0.575339 -3.699908 -6.208654
0.497426 -3.667281 -6.217826
1.454686 -3.949010 -6.197086
1.535595 -3.958309 -6.189135
1.758104 -3.758019 -6.197616
1.731833 -3.801643 -6.196205
1.715290 -3.826812 -6.194714
1.638334 -3.930875 -6.184361
1.693923 -3.857155 -6.192219
1.673641 -3.888751 -6.305958
-2.212039 2.147466 -6.365483
-2.233769 2.048691 -6.358791
-2.247296 1.999357 -6.406625
-1.330563 3.886512 -6.327461
-1.391730 3.894977 -6.321558
-1.411219 3.893043 -6.429241
2.493234 -0.813391 -6.279302
2.501265 -0.940830 -6.286531
-1.481701 3.804785 -6.330772
-1.423141 3.877432 -6.321628
-1.441255 3.862195 -6.472281
2.122422 -3.051414 -6.227571
2.181315 -2.909567 -6.242977
-1.311525 -2.179977 -6.284043
-1.363998 -2.109774 -6.280646
-1.360993 -2.119732 -6.344604
-1.286707 -2.219583 -6.354403
-1.337238 -2.155556 -6.389542
1.005948 2.515308 -6.342172
0.950095 2.573918 -6.336868
0.938089 2.586025 -6.377659
1.048080 2.470204 -6.422068
-0.009352 -3.397230 -6.333754
0.078292 -3.449408 -6.272734
0.070368 -3.444075 -6.263112
1.863609 -3.579686 -6.202460
1.893061 -3.529882 -6.358642
1.862697 -3.581287 -6.202433
1.833700 -3.633647 -6.332571
-0.583525 -2.957564 -6.234278
-0.695874 -2.863867 -6.345448
-0.739542 -2.817422 -6.258017
-0.747572 -2.812175 -6.284864
1.154014 -3.893005 -6.215649
1.060242 -3.871451 -6.219344
1.064788 -3.873739 -6.244560
1.124262 -3.892702 -6.350270
1.185546 -3.904485 -6.300814
-2.189215 -0.309766 -6.329586
-2.214559 -0.214696 -6.332464
-2.224710 -0.183543 -6.372329
-2.224632 -0.183986 -6.373160
0.719877 -3.758742 -6.215094
0.856713 -3.809434 -6.219559
0.722816 -3.762272 -6.266981
0.327125 3.113842 -6.311506
0.326875 3.113553 -6.333190
0.162779 3.227149 -6.324657
0.936809 -3.838303 -6.261041
0.872973 -3.821287 -6.343757
1.628437 1.717199 -6.382036
1.680036 1.631505 -6.420403
-1.998290 -0.893023 -6.300851
-1.957934 -0.995599 -6.306922
-1.236225 -2.279439 -6.306095
-1.273185 -2.237688 -6.360604
2.008996 0.999058 -6.335088
2.002764 1.014560 -6.386195
2.010222 0.997957 -6.395880
2.053945 0.897113 -6.325114
2.051439 0.903979 -6.368703
-1.463892 -1.966792 -6.278238
-2.146942 -0.458438 -6.322895
-2.119523 -0.546583 -6.316972
-2.148537 -0.458111 -6.352214
-2.109361 -0.585504 -6.352516
-2.119182 -0.560714 -6.395585
-1.836225 3.226739 -6.347012
-1.852278 3.194268 -6.350709
-1.789001 3.319561 -6.348540
-1.743044 3.406504 -6.350060
1.594335 -3.963194 -6.182405
1.608233 -3.966674 -6.257982
1.609968 -3.963208 -6.179955
1.609549 -3.964383 -6.206389
-2.072258 2.650612 -6.417942
-2.056011 2.702034 -6.433307
-0.257123 3.483113 -6.338567
-0.428490 3.572208 -6.335220
-0.346318 3.526387 -6.469930
2.257734 -2.703982 -6.263003
2.209432 -2.839129 -6.347240
-1.573817 -1.786031 -6.297409
-1.605571 -1.739641 -6.376587
-1.512956 -1.891726 -6.288827
-1.515747 -1.889040 -6.307664
0.097406 -0.008043 -4.420629
0.101256 -0.013480 -4.420629
0.103242 -0.024197 -4.420629
0.096724 -0.040604 -4.420629
0.082748 -0.034255 -4.420629
0.077322 -0.025929 -4.420629
0.081634 -0.001287 -4.420629
0.075816 -0.014145 -4.420629
-0.692064 3.690532 -6.499425
-1.242598 3.864506 -6.489222
-0.959601 3.789413 -6.483737
-0.861765 3.756687 -6.486904
-1.416991 3.889973 -6.508175
-1.027585 3.809757 -6.483329
-1.157232 3.846284 -6.484252
-1.347982 3.881583 -6.499412
-1.386503 3.886559 -6.504085
-0.345249 3.525639 -6.475973
-0.062193 3.369069 -6.455751
0.485360 2.989632 -6.467358
0.342037 3.099231 -6.457509
0.053398 3.297052 -6.452846
-0.584599 3.642929 -6.503080
-0.547930 3.626129 -6.498152
-0.282413 3.492538 -6.470387
-0.154223 3.422431 -6.460698
0.241594 3.169907 -6.454669
0.182568 3.210727 -6.453472
-0.617782 3.657475 -6.507974
-0.768051 3.272764 -6.828663
0.875777 2.645908 -6.442364
1.239851 2.250056 -6.448856
0.577517 2.914635 -6.465268
0.693881 2.813840 -6.454277
1.421330 2.017849 -6.469812
1.335578 2.130408 -6.458469
1.135037 2.372875 -6.442489
1.016621 2.502975 -6.439693
1.048027 2.470054 -6.439630
0.526094 2.956407 -6.471533
0.519537 2.952316 -6.477115
1.909858 1.208784 -6.427418
1.764110 1.483486 -6.437517
2.068165 0.862399 -6.431445
2.015626 0.983968 -6.428044
1.525598 1.871883 -6.473138
1.550887 1.834721 -6.468106
1.620532 1.727228 -6.455857
1.680596 1.629563 -6.446841
1.487543 1.924994 -6.481588
1.134267 1.701897 -6.783690
2.200482 0.507162 -6.416443
2.402662 -0.229153 -6.414203
2.449080 -0.445157 -6.423715
2.483361 -0.680851 -6.447002
2.471241 -0.578264 -6.434657
2.364544 -0.070214 -6.410330
2.335725 0.042037 -6.409091
2.125518 0.717584 -6.430638
2.165116 0.610465 -6.422279
2.216172 0.456178 -6.414955
2.288569 0.214385 -6.409483
2.103616 0.772615 -6.436161
2.099255 0.766841 -6.440834
2.507456 -1.099269 -6.412179
2.465285 -1.825001 -6.418513
2.478144 -1.722553 -6.411684
2.506435 -1.328286 -6.403618
2.509222 -1.210152 -6.406091
2.498910 -1.487844 -6.403509
2.494956 -1.543865 -6.404599
2.492668 -0.799523 -6.437243
2.500715 -0.927804 -6.425039
2.075171 -0.807637 -6.795740
2.484313 -0.692876 -6.448819
2.076417 -0.806222 -6.794727
2.437461 -1.992219 -6.419636
2.281244 -2.634408 -6.369476
2.340160 -2.431367 -6.377123
2.082328 -3.145076 -6.393978
2.373946 -2.291304 -6.388310
2.391221 -2.214607 -6.395492
2.145591 -2.998810 -6.381538
2.161692 -2.959880 -6.378862
2.256148 -2.709628 -6.369461
2.210042 -2.837726 -6.372339
2.448285 -1.927631 -6.428895
2.441228 -1.927705 -6.434957
2.004869 -3.316745 -6.399182
1.674669 -3.889040 -6.378744
1.626682 -3.950084 -6.386655
1.608331 -3.970690 -6.391027
1.970581 -3.383942 -6.393238
1.729981 -3.806304 -6.375710
1.689934 -3.867286 -6.377375
1.835134 -3.631671 -6.378474
1.893399 -3.529568 -6.382630
2.028167 -3.265296 -6.406068
0.702417 -3.760500 -6.410927
1.332812 -3.936798 -6.380737
0.985666 -3.856917 -6.382142
1.129787 -3.894981 -6.377222
1.242919 -3.920276 -6.377417
1.463671 -3.956754 -6.389194
1.505697 -3.961862 -6.393061
0.808575 -3.800045 -6.397122
0.942440 -3.844809 -6.384228
0.865224 -3.820618 -6.390223
0.848195 -3.387391 -6.770149
1.593104 -3.969748 -6.403527
1.592642 -3.968584 -6.404464
0.175344 -3.511713 -6.360937
-0.191004 -3.272982 -6.367673
-0.394405 -3.125385 -6.382743
-0.264689 -3.220596 -6.372317
0.396957 -3.629498 -6.376908
0.297615 -3.580456 -6.366920
0.633619 -3.732638 -6.411009
0.480004 -3.666680 -6.388129
0.091397 -3.461105 -6.359397
-0.008476 -3.398808 -6.359137
0.666769 -3.746307 -6.416371
0.837892 -3.392982 -6.763145
-0.528017 -3.017327 -6.395388
-0.686228 -2.875003 -6.385485
-1.442994 -2.010961 -6.448680
-0.825484 -2.743962 -6.380249
-1.335438 -2.160044 -6.423844
-1.042914 -2.511485 -6.388890
-1.161959 -2.375063 -6.399133
-0.942328 -2.623246 -6.382350
-0.897536 -2.670808 -6.380769
-1.207634 -2.321110 -6.404035
-1.270179 -2.244831 -6.412195
-1.103761 -1.794435 -6.784636
-0.506073 -3.035329 -6.397809
-0.500796 -3.030630 -6.403839
-1.839874 -1.278267 -6.408098
-1.717795 -1.533063 -6.413843
-1.935393 -1.057771 -6.410708
-1.685374 -1.595895 -6.416994
-2.019857 -0.850960 -6.416995
-1.988788 -0.929109 -6.413984
-1.499981 -1.925397 -6.445028
-1.514812 -1.902143 -6.441741
-1.577580 -1.795063 -6.430744
-1.598234 -1.758481 -6.427578
-1.462067 -1.982827 -6.454108
-1.112079 -1.794883 -6.779332
-2.357357 0.531492 -6.460420
-2.348706 0.437857 -6.446913
-2.168707 -0.395943 -6.403680
-2.270413 0.008319 -6.413840
-2.305641 0.183364 -6.424832
-2.333858 0.342058 -6.437581
-2.229352 -0.167949 -6.406952
-2.043115 -0.787507 -6.414103
-2.118309 -0.564638 -6.405394
-2.085243 -0.666780 -6.408342
-2.188291 -0.326532 -6.403837
-2.196963 -0.293911 -6.404309
-2.022804 -0.843034 -6.417452
-2.001179 -0.843112 -6.433617
-2.359705 0.581419 -6.468825
-2.342470 1.314251 -6.444326
-2.335972 1.389921 -6.445384
-2.356610 1.090005 -6.445082
-2.362346 0.913602 -6.449773
-2.304196 1.691263 -6.454079
-2.310622 1.639561 -6.451846
-2.363819 0.828192 -6.453036
-2.363925 0.780147 -6.455420
-2.359639 0.579565 -6.468970
-2.178977 2.301729 -6.448232
-2.157434 2.376324 -6.450089
-2.279261 1.850603 -6.460427
-1.903762 3.092941 -6.504399
-1.957106 2.967823 -6.487848
-2.007134 2.840549 -6.474318
-2.221344 2.125706 -6.450463
-2.246310 2.014667 -6.453244
-1.854872 3.202557 -6.520582
-2.105955 2.544182 -6.456611
-2.050776 2.718681 -6.464689
-2.284178 1.820238 -6.462680
-2.267021 1.822599 -6.475602
-1.663882 3.553781 -6.497661
-1.442367 3.862026 -6.506269
-1.679061 3.528681 -6.498852
-1.560095 3.709888 -6.496463
-1.596319 3.656579 -6.496354
-1.812042 3.289762 -6.517804
-1.778025 3.355878 -6.510717
-1.777284 3.357266 -6.510586
-1.418970 3.887861 -6.510188
-1.417978 3.884959 -6.512144
-1.842317 3.228552 -6.525170
-1.524720 3.075741 -6.803796
-0.131029 2.424331 -6.952976
-1.011910 2.888096 -6.953719
-0.779050 3.267105 -6.835296
-0.787835 3.268699 -6.836017
0.029685 2.283234 -6.952801
1.341940 0.393270 -6.950861
1.131866 1.696347 -6.787003
1.134316 1.689401 -6.787560
1.350209 0.371743 -6.950842
1.628546 -1.738467 -6.949243
2.072183 -0.807962 -6.797503
1.609714 -1.830022 -6.949188
1.127358 -2.868599 -6.948696
1.676037 -3.140102 -6.745665
1.675206 -3.142185 -6.745623
1.675653 -3.141562 -6.745575
1.105149 -2.876709 -6.948701
0.071383 -2.410169 -6.949519
0.846799 -3.377232 -6.774720
-0.032561 -2.326656 -6.949627
-1.268246 -0.575996 -6.951433
-1.102340 -1.793333 -6.785770
-1.275978 -0.554052 -6.951452
-1.510085 1.627161 -6.953080
-1.908041 0.583931 -6.807819
-1.911116 0.617683 -6.807999
-1.914225 0.599707 -6.806558
-1.484908 1.783501 -6.953177
-1.046132 2.876244 -6.953727
-1.517889 3.076833 -6.807829
-1.507674 3.088703 -6.809275
768
0 1
0 23
0 289
1 131
1 50
2 28
2 283
2 3
3 22
3 132
4 6
4 284
4 5
5 102
5 29
6 8
6 27
7 9
7 285
7 8
8 25
9 11
9 47
10 12
10 286
10 11
11 93
12 14
12 21
13 15
13 287
13 14
14 118
15 17
15 106
16 19
16 288
16 17
17 30
18 20
18 290
18 19
19 26
20 24
20 155
21 187
21 239
22 70
22 51
23 266
23 24
24 264
25 37
25 86
26 79
26 66
27 203
27 84
28 29
28 104
29 148
30 35
30 249
31 230
31 117
31 189
32 75
32 456
32 197
33 80
33 277
33 96
34 125
34 109
34 127
35 260
35 130
36 124
36 292
36 200
37 141
37 359
38 251
38 210
38 150
39 334
39 163
39 152
40 165
40 56
40 188
41 314
41 105
41 172
42 247
42 69
42 149
43 301
43 59
43 175
44 45
44 335
44 110
45 336
45 85
46 347
46 90
46 204
47 48
47 49
48 371
48 169
49 362
49 208
50 55
50 206
51 302
51 242
52 471
52 82
52 267
53 54
53 293
53 123
54 294
54 136
55 201
55 116
56 143
56 166
57 216
57 58
57 71
58 217
58 313
59 244
59 304
60 61
60 62
60 68
61 63
61 253
62 63
62 324
63 254
64 421
64 76
64 65
65 151
65 279
66 432
66 67
67 433
67 113
68 325
68 69
69 248
70 71
70 315
71 316
72 395
72 145
72 73
73 219
73 142
74 272
74 126
74 75
75 457
76 77
76 78
77 78
77 88
78 420
79 177
79 446
80 209
80 278
81 472
81 205
81 82
82 83
83 473
83 469
84 337
84 85
85 338
86 348
86 87
87 349
87 186
88 250
88 422
89 350
89 185
89 90
90 351
91 92
91 447
91 114
92 448
92 168
93 270
93 94
94 373
94 194
95 374
95 269
95 271
96 97
96 100
97 101
97 360
98 100
98 99
98 140
99 101
99 361
100 101
102 153
102 256
103 257
103 326
103 154
104 317
104 105
105 318
106 107
106 211
107 108
107 258
108 212
108 408
109 265
109 459
110 339
110 111
111 340
111 164
112 113
112 436
112 180
113 437
114 449
114 115
115 450
115 176
116 202
116 295
117 173
117 382
118 119
118 121
119 120
119 226
120 122
120 406
121 122
121 146
122 147
123 296
123 124
124 297
125 460
125 128
126 127
126 273
127 128
128 461
129 245
129 240
129 231
130 184
130 439
131 132
131 133
132 134
133 305
133 135
134 306
134 275
135 137
135 136
136 137
137 291
138 139
138 179
138 228
139 229
139 409
140 363
140 141
141 364
142 221
142 143
143 144
144 394
144 220
145 146
145 397
146 147
147 396
148 149
148 328
149 329
150 162
150 161
151 423
151 280
152 342
152 153
153 154
154 341
155 157
155 156
156 158
156 167
157 159
157 198
158 159
158 458
159 199
160 161
160 411
160 178
161 162
162 412
163 164
163 343
164 344
165 166
165 398
166 399
167 451
167 168
168 452
169 170
169 375
170 223
170 222
171 172
171 218
171 215
172 319
173 234
173 385
174 175
174 307
174 274
175 308
176 453
176 177
177 454
178 413
178 179
179 414
180 182
180 181
181 183
181 236
182 183
182 435
183 237
184 262
184 441
185 186
185 352
186 353
187 188
187 400
188 401
189 386
189 190
190 387
190 268
191 225
191 192
191 224
192 193
192 376
193 377
193 195
194 196
194 195
195 196
196 372
197 462
197 198
198 199
199 463
200 298
200 201
201 202
202 299
203 204
203 354
204 355
205 206
205 207
206 207
207 470
208 365
208 209
209 366
210 211
210 213
211 212
212 214
213 214
213 252
214 410
215 218
215 216
216 217
217 320
218 321
219 403
219 221
220 221
220 402
222 224
222 223
223 379
224 225
225 378
226 228
226 227
227 407
227 229
228 229
230 231
230 234
231 232
232 233
232 383
233 234
233 384
235 236
235 442
235 259
236 237
237 238
238 443
238 438
239 241
239 240
240 246
241 388
241 381
242 243
242 244
243 309
243 303
244 310
245 246
245 389
246 390
247 248
247 330
248 331
249 424
249 250
250 425
251 252
251 415
252 416
253 256
253 254
254 255
255 257
255 327
256 257
258 281
258 426
259 261
259 260
260 262
261 263
261 434
262 263
263 440
264 474
264 265
265 464
266 267
266 475
267 476
268 269
268 270
269 271
270 271
272 273
272 465
273 466
274 276
274 275
275 276
276 300
277 278
277 367
278 368
279 280
279 281
280 429
281 282
282 427
282 428
283 289
283 284
284 285
285 286
286 287
287 288
288 290
289 290
291 294
291 311
292 298
292 297
293 296
293 294
295 477
295 299
296 297
298 299
300 306
300 307
301 308
301 304
302 303
302 322
303 309
304 310
305 311
305 306
307 308
309 310
311 312
312 483
312 323
313 316
313 320
314 319
314 318
315 322
315 316
317 318
317 332
319 321
320 321
322 323
323 333
324 325
324 327
325 331
326 327
326 345
328 332
328 329
329 330
330 331
332 333
333 487
334 342
334 343
335 339
335 336
336 338
337 338
337 357
339 340
340 344
341 345
341 342
343 344
345 346
346 488
346 358
347 355
347 351
348 349
348 369
349 353
350 351
350 352
352 353
354 357
354 355
356 358
356 370
356 491
357 358
359 369
359 364
360 361
360 367
361 363
362 365
362 380
363 364
365 366
366 368
367 368
369 370
370 494
371 380
371 375
372 377
372 373
373 374
374 392
375 379
376 378
376 377
378 379
380 496
381 388
381 404
382 386
382 385
383 384
383 389
384 385
386 387
387 392
388 390
389 390
391 393
391 405
391 499
392 393
393 495
394 399
394 402
395 403
395 397
396 397
396 418
398 401
398 399
400 404
400 401
402 403
404 405
405 419
406 418
406 407
407 409
408 410
408 430
409 414
410 416
411 413
411 412
412 415
413 414
415 416
417 419
417 431
417 502
418 419
420 421
420 422
421 423
422 425
423 429
424 425
424 444
426 430
426 427
427 428
428 429
430 431
431 445
432 433
432 455
433 437
434 440
434 442
435 438
435 436
436 437
438 443
439 444
439 441
440 441
442 443
444 445
445 505
446 455
446 454
447 449
447 448
448 452
449 450
450 453
451 452
451 467
453 454
455 507
456 462
456 457
457 465
458 467
458 463
459 460
459 464
460 461
461 466
462 463
464 479
465 466
467 468
468 506
468 480
469 471
469 473
470 472
470 477
471 476
472 473
474 479
474 475
475 476
477 478
478 511
478 484
479 480
480 510
481 485
481 482
481 483
482 484
482 509
483 484
485 486
485 487
486 489
486 488
487 488
489 490
489 491
490 492
490 491
492 493
492 494
493 497
493 495
494 496
495 496
497 498
497 499
498 500
498 499
500 501
500 502
501 503
501 502
503 504
503 505
504 508
504 506
505 507
506 507
508 509
508 510
509 511
510 511
258
8 3 0 2 507 6 7 9 274 
7 5 6 508 11 12 14 58 
6 11 509 18 19 15 10 
6 18 510 24 25 21 17 
6 24 511 30 31 27 23 
6 30 512 36 37 33 29 
5 36 513 40 41 35 
7 40 514 2 1 50 43 39 
7 729 731 538 539 551 562 736 
7 590 741 737 738 576 577 588 
6 742 743 590 589 604 745 
6 629 751 746 747 631 627 
8 752 753 629 628 644 657 659 755 
7 756 757 659 658 673 688 759 
6 760 761 713 714 728 765 
5 726 732 733 766 725 
11 1 0 4 115 397 179 180 119 120 484 49 
14 4 3 275 278 282 125 121 123 261 77 79 391 126 114 
13 9 8 48 117 450 135 98 99 346 348 495 280 276 
14 7 5 59 225 92 93 340 342 412 130 132 157 47 8 
12 14 13 220 466 141 137 139 155 95 96 302 60 
16 12 10 16 57 185 104 100 102 236 238 327 86 87 310 219 13 
13 15 20 53 188 190 365 194 195 106 107 394 56 16 
16 19 17 22 109 113 402 176 69 71 210 213 215 291 80 52 20 
15 21 26 203 205 383 381 378 376 377 420 339 336 111 108 22 
15 25 23 28 46 445 270 271 430 63 65 372 374 488 202 26 
15 27 32 252 258 298 161 162 164 294 128 89 90 368 45 28 
17 31 29 34 228 404 83 84 306 322 324 354 286 287 425 254 251 32 
15 34 33 38 62 461 191 172 169 146 147 149 502 472 230 227 
16 37 35 42 55 151 153 239 241 357 359 437 439 475 75 61 38 
15 41 39 44 314 316 334 201 197 199 244 246 351 174 54 42 
15 43 51 482 233 73 74 265 166 167 66 68 387 318 313 44 
15 515 516 537 538 734 726 724 521 522 524 517 518 523 519 520 
15 536 531 529 530 550 539 537 533 534 525 526 535 527 528 532 
13 540 541 549 548 542 543 546 547 561 551 550 544 545 
14 561 557 558 559 560 554 552 553 555 556 575 576 739 562 
15 563 564 574 571 570 565 566 567 568 569 591 577 575 572 573 
14 578 579 583 584 585 582 580 581 603 589 588 591 586 587 
15 594 595 602 601 600 597 598 615 748 604 603 592 593 599 596 
14 607 608 609 610 630 631 749 615 605 606 611 614 612 613 
15 620 621 626 625 616 617 643 628 627 630 624 623 618 619 622 
14 641 638 639 632 633 642 634 635 636 637 660 644 643 640 
16 660 645 646 647 650 655 652 653 654 656 651 648 649 672 658 657 
14 662 664 666 667 687 673 672 668 669 670 671 665 663 661 
17 677 678 686 682 679 680 681 676 674 675 699 762 688 687 683 684 685 
14 689 690 698 695 694 691 692 693 696 697 712 713 763 699 
15 701 702 711 708 707 705 706 710 727 714 712 703 704 709 700 
14 728 727 721 722 723 719 715 716 720 717 718 724 725 767 
4 734 731 730 732 
4 739 738 735 736 
3 743 740 741 
5 749 747 744 745 748 
3 753 750 751 
3 757 754 755 
5 763 761 758 759 762 
4 767 766 764 765 
16 729 735 737 740 742 744 746 750 752 754 756 758 760 764 733 730 
8 514 513 512 511 510 509 508 507 
3 207 208 489 
7 46 45 369 640 617 448 444 
4 110 111 337 606 
6 116 48 47 158 544 530 
6 284 281 278 277 533 516 
6 51 50 49 485 722 481 
6 256 645 637 301 259 255 
6 187 53 52 81 592 581 
6 150 55 54 175 689 675 
6 232 229 230 473 668 649 
6 184 57 56 395 586 569 
5 371 65 64 250 618 
7 224 59 58 60 303 557 547 
4 79 78 517 390 
6 320 703 697 333 316 315 
7 61 76 273 683 667 460 62 
5 222 223 312 572 556 
4 353 324 323 652 
6 71 70 499 595 212 209 
5 178 179 398 400 717 
4 102 101 565 235 
4 166 266 491 165 
5 241 240 680 361 356 
4 98 136 528 97 
4 296 297 419 633 
3 342 341 411 
5 154 139 138 143 552 
5 205 204 608 385 382 
5 145 146 170 173 661 
4 194 366 584 193 
4 243 199 198 691 
4 123 122 519 260 
4 434 620 436 433 
5 439 438 678 478 474 
4 386 68 67 700 
4 85 86 328 564 
5 290 215 214 217 596 
5 424 375 376 379 612 
4 113 112 597 401 
5 73 234 705 263 72 
5 427 428 288 289 647 
4 161 299 635 160 
5 132 131 134 540 159 
5 119 181 183 715 118 
5 497 494 348 347 526 
4 149 148 308 501 
5 83 405 409 463 82 
4 92 226 543 91 
3 452 531 451 
4 104 186 567 103 
4 94 95 156 457 
4 88 89 129 330 
4 141 467 144 140 
4 105 106 196 579 
4 190 189 582 367 
5 172 192 662 173 171 
4 153 152 676 242 
4 201 335 693 200 
4 350 246 245 695 
7 374 373 624 610 206 207 487 
5 344 249 64 63 431 
5 125 283 284 515 124 
4 67 66 168 701 
4 270 446 454 269 
4 70 69 177 498 
4 72 264 267 74 
5 76 75 476 363 272 
4 359 358 362 440 
4 321 317 318 388 
4 78 77 262 518 
4 81 80 292 593 
4 238 237 571 329 
3 183 182 716 
5 217 216 211 212 594 
6 305 84 82 464 654 326 
6 427 646 256 253 254 426 
5 410 407 231 232 648 
4 85 563 309 87 
4 134 133 414 541 
5 90 88 331 638 370 
4 93 91 542 343 
5 96 94 458 559 304 
5 280 496 497 525 279 
4 99 97 527 349 
3 505 506 670 
5 289 285 286 355 650 
3 338 339 421 
4 101 100 103 566 
4 293 164 163 417 
4 396 107 105 578 
4 258 257 259 300 
6 112 109 108 110 605 598 
8 114 127 248 521 718 400 399 115 
5 117 116 529 452 449 
4 486 120 118 719 
4 124 520 122 121 
4 127 126 392 247 
6 144 468 470 553 143 142 
6 332 129 128 295 296 632 
5 381 384 385 607 380 
4 133 131 130 413 
4 136 135 453 532 
4 142 138 137 140 
3 448 616 447 
5 148 147 145 663 307 
4 151 150 674 152 
5 156 155 154 554 459 
4 480 477 478 677 
4 158 157 159 545 
5 162 160 634 416 163 
5 167 165 492 702 168 
3 171 170 169 
4 174 352 690 175 
5 470 469 221 222 555 
5 500 177 176 403 601 
5 182 181 180 178 720 
6 443 441 362 360 361 679 
4 185 184 568 186 
4 188 187 580 189 
4 192 191 462 664 
4 195 193 583 196 
4 200 692 198 197 
7 204 203 202 490 208 206 609 
4 211 218 210 209 
4 218 216 214 213 
5 321 389 704 320 319 
6 221 471 220 219 311 223 
4 225 224 546 226 
5 231 406 228 227 229 
4 234 233 483 706 
4 237 236 235 570 
4 240 239 242 681 
4 244 243 694 245 
5 465 409 408 410 651 
4 248 247 393 522 
4 249 345 619 250 
5 251 253 255 257 252 
3 442 443 682 
4 262 261 260 523 
4 263 707 268 264 
6 266 265 267 268 708 493 
6 434 432 271 269 455 621 
4 273 272 364 684 
6 279 534 277 275 274 276 
3 283 282 281 
4 288 429 287 285 
4 292 291 290 599 
5 294 293 418 297 295 
5 298 300 301 636 299 
4 304 558 303 302 
3 305 325 306 
4 503 308 307 665 
5 310 309 573 312 311 
5 319 315 314 313 317 
5 322 325 326 653 323 
4 328 327 329 574 
4 331 330 332 639 
4 335 334 333 696 
5 336 338 422 611 337 
5 343 548 415 341 340 
5 345 344 435 436 622 
4 347 346 349 535 
4 352 351 350 698 
4 355 354 353 655 
4 360 358 357 356 
5 364 363 479 480 685 
4 367 585 366 365 
4 369 368 370 641 
4 373 372 371 623 
3 377 375 423 
4 379 378 380 613 
3 384 383 382 
5 389 388 387 386 709 
5 393 392 391 390 524 
4 395 394 396 587 
3 399 398 397 
4 403 402 401 600 
5 404 406 407 408 405 
6 414 413 412 411 415 549 
5 417 416 642 419 418 
6 422 421 420 423 424 614 
4 428 426 425 429 
5 430 432 433 435 431 
6 442 686 438 437 440 441 
6 446 445 444 447 625 456 
5 450 449 451 536 453 
4 455 454 456 626 
4 458 457 459 560 
4 462 461 460 666 
4 463 465 656 464 
5 471 469 468 467 466 
5 505 669 473 472 504 
5 479 476 475 474 477 
5 481 721 710 483 482 
4 486 723 485 484 
4 488 487 489 490 
4 491 493 711 492 
3 496 495 494 
4 499 498 500 602 
6 501 503 671 506 504 502 
