118
3.358991 -0.882277 -5.636689
3.477359 -1.033742 -5.756625
3.556374 -1.033165 -5.809348
3.552940 -1.033519 -5.807173
0.829683 -1.414725 -4.232378
0.506226 -0.831062 -3.694656
0.668956 -1.120155 -3.929990
0.672106 -1.133941 -3.941209
0.171798 -0.237677 -3.260443
0.488949 -0.805897 -3.674168
-0.941058 -3.327903 -5.725389
0.170324 -0.235566 -3.258927
-1.061173 -3.415083 -5.807338
-1.588025 -0.760364 -4.224340
-1.251393 -0.576044 -3.888914
-1.267530 -0.580170 -3.901620
-0.943299 -0.407105 -3.650919
-0.945420 -0.408028 -3.652390
-3.389611 1.048652 -5.679213
-0.371646 -0.089954 -3.265686
-0.396197 -0.101261 -3.280598
-3.496226 1.207302 -5.788078
-0.858932 1.602311 -4.226110
-0.543852 1.046497 -3.682027
-0.708201 1.361500 -3.929415
-0.708245 1.364560 -3.931855
-0.246530 0.515354 -3.314133
-0.530066 1.026431 -3.666349
0.940670 3.473360 -5.654720
0.360140 0.299082 -3.268778
1.016888 3.581470 -5.745515
-0.245274 0.513381 -3.312790
0.960788 3.500365 -5.677079
0.435854 0.343492 -3.314420
1.028957 0.658867 -3.678147
0.992381 0.641193 -3.655379
1.069412 3.248636 -5.515999
1.722969 1.032239 -4.176840
1.406657 0.860270 -3.927201
1.401635 0.858300 -3.923783
2.368980 -0.633760 -6.902290
2.635361 -0.906265 -6.689223
2.627426 -0.904703 -6.694333
-0.618874 -2.602515 -6.689578
-0.544302 -2.554015 -6.698951
0.850172 -1.606052 -6.896655
-0.944609 -2.549227 -6.659585
-2.689669 0.763689 -6.677889
-0.938098 -2.516459 -6.681183
-2.681337 0.760200 -6.683721
-1.684502 -0.675528 -6.892536
-2.331905 0.832449 -6.887149
-2.624888 1.084444 -6.657741
0.678722 2.819678 -6.686541
-2.597135 1.078927 -6.676018
0.675740 2.812745 -6.691331
-0.815306 1.789916 -6.893408
0.734904 2.455977 -6.898403
2.747802 -0.588031 -6.681029
0.994259 2.728460 -6.683763
2.737415 -0.583659 -6.688157
0.991826 2.716808 -6.691336
1.696603 0.937250 -6.898215
2.367959 -0.633409 -6.902767
-0.681413 -2.246613 -6.898361
0.845425 -1.600910 -6.900554
-0.682068 -2.246411 -6.898360
-1.676863 -0.673434 -6.897100
-2.312371 0.826834 -6.896337
-0.812214 1.781822 -6.898518
1.691541 0.933214 -6.901953
0.733314 2.450969 -6.900739
1.110333 3.633608 -6.109033
3.567864 -0.965914 -5.804071
3.567774 -0.966672 -5.804041
3.564744 -0.990703 -5.805442
3.559135 -1.032972 -5.811234
3.537448 -0.995418 -6.124968
3.534776 -1.019470 -6.122052
3.567939 -0.962932 -5.807497
3.540816 -0.976538 -6.112064
-0.993664 -3.447301 -5.828558
-1.038053 -3.469807 -5.842055
-1.051558 -3.476514 -5.848245
-1.055357 -3.478375 -5.850371
-1.059074 -3.480180 -5.852694
-1.051996 -3.461713 -6.072455
-1.069635 -3.471658 -6.062868
3.555695 -1.047879 -5.830757
3.533872 -1.041250 -6.101290
-1.089452 -3.450194 -5.849574
-3.536349 1.129360 -5.806195
-3.556550 1.167636 -5.820217
-3.564199 1.182206 -5.827881
-3.564423 1.182634 -5.828138
-1.070389 -3.485436 -5.863296
-1.073187 -3.473837 -6.058305
-3.567165 1.205348 -5.836921
-3.558516 1.210126 -5.834540
-3.556866 1.191606 -6.058725
-3.538302 1.200565 -6.068568
-3.574187 1.201320 -5.840595
-3.563770 1.188666 -6.050523
1.101612 3.640074 -6.106699
1.108266 3.638023 -6.106718
1.090044 3.644190 -6.096657
-0.006063 0.089390 -3.060951
-0.025133 0.094843 -3.060951
-0.002151 0.101292 -3.060951
-0.021513 0.106186 -3.060951
1.072902 3.649331 -5.804424
1.118865 3.630454 -5.799210
1.133517 3.624875 -5.800918
1.120114 3.629960 -5.799213
1.147690 3.622785 -5.827968
1.064464 3.654641 -5.819550
1.127126 3.642614 -5.917740
1.082520 3.657520 -5.896582
177
0 29
0 34
0 75
1 3
1 5
1 6
2 76
2 8
2 3
3 4
4 7
4 81
5 9
5 6
6 7
7 10
8 11
8 9
9 10
10 82
11 106
11 83
12 85
12 16
12 14
13 15
13 90
13 91
14 17
14 15
15 18
16 20
16 17
17 18
18 92
19 107
19 84
19 20
20 93
21 97
21 23
21 24
22 25
22 98
22 30
23 27
23 24
24 25
25 28
26 94
26 31
26 27
27 28
28 32
29 33
29 108
30 32
30 110
31 109
31 32
33 36
33 35
34 35
34 39
35 36
36 111
37 112
37 38
37 73
38 39
38 74
39 113
40 60
40 42
40 63
41 42
41 44
41 78
42 45
43 86
43 64
43 44
44 45
45 65
46 48
46 47
46 87
47 99
47 49
48 66
48 50
49 51
49 50
50 67
51 54
51 68
52 54
52 53
52 100
53 103
53 55
54 56
55 57
55 56
56 69
57 61
57 71
58 77
58 60
58 59
59 61
59 72
60 62
61 62
62 70
63 65
63 70
64 66
64 65
66 67
67 68
68 69
69 71
70 71
72 104
72 80
73 74
73 79
74 75
75 76
76 88
77 78
77 80
78 89
79 80
79 114
81 82
81 88
82 83
83 84
84 85
85 95
86 87
86 89
87 96
88 89
90 91
90 95
91 92
92 93
93 94
94 101
95 96
96 102
97 98
97 101
98 115
99 100
99 102
100 105
101 102
103 104
103 105
104 116
105 117
106 107
106 108
107 109
108 109
110 111
110 115
111 113
112 114
112 113
114 116
115 117
116 117
65
5 66 68 127 135 172 
6 9 11 137 130 6 8 
3 26 27 146 
5 43 44 57 170 156 
5 107 109 111 125 132 
6 77 133 143 79 81 76 
6 86 144 153 158 87 85 
5 98 159 162 99 97 
4 78 75 76 82 
5 90 84 85 88 92 
5 101 96 97 100 103 
5 113 110 109 108 112 
4 68 67 70 126 
5 5 14 10 9 3 
5 11 10 15 19 136 
7 24 29 25 26 147 141 22 
5 27 25 30 34 148 
6 41 47 42 43 154 39 
5 44 42 48 53 56 
5 71 69 67 66 173 
6 70 69 63 1 2 128 
3 4 13 5 
5 15 14 13 12 18 
4 23 32 28 24 
4 30 29 28 33 
3 40 46 41 
5 48 47 46 45 52 
6 64 62 63 71 171 65 
5 1 62 61 54 0 
6 7 17 12 4 3 8 
6 18 17 16 21 138 19 
6 36 37 31 23 22 140 
6 33 32 31 38 149 34 
7 49 51 45 40 39 155 151 
5 52 51 50 59 53 
3 60 61 64 
5 72 74 116 114 112 
5 74 73 78 83 115 
5 82 81 80 118 83 
4 89 90 93 119 
5 92 91 95 120 93 
5 95 94 101 104 121 
5 103 102 106 122 104 
5 106 105 113 114 123 
9 115 118 117 119 120 121 122 123 116 
4 168 167 165 166 
6 125 124 163 174 135 134 
10 130 145 133 131 132 134 127 126 128 129 
11 144 142 143 145 137 136 138 139 140 141 152 
9 153 152 147 146 148 149 150 151 160 
9 159 157 158 160 155 154 156 175 164 
5 163 161 162 164 176 
8 174 176 175 170 169 171 173 172 
9 0 55 166 20 16 7 6 129 2 
6 21 20 165 35 36 139 
8 38 37 35 167 58 50 49 150 
10 59 58 168 55 54 60 65 169 57 56 
7 107 131 77 75 73 72 108 
7 79 142 86 84 89 117 80 
7 87 157 98 96 94 91 88 
8 99 161 124 111 110 105 102 100 
8 
8 
8 
8 
