192
-0.113535 -2.731431 -4.472518
-0.059270 2.801225 -3.994162
-2.620862 1.416328 -4.018742
2.548091 -1.689453 -4.003162
-0.781092 -2.971372 -3.985567
0.699470 2.612417 -4.076983
-2.825076 0.645510 -4.024849
-2.749449 0.923536 -4.011252
2.681296 -1.154266 -3.992402
-0.251843 -3.129395 -3.968707
0.706789 2.599417 -4.073528
0.533238 2.643295 -4.005417
0.683367 2.605180 -4.017950
0.166579 2.388570 -3.566045
0.239142 0.045662 -2.007860
0.225742 -0.015814 -1.962836
0.258580 -0.022217 -1.988854
2.344327 -1.312918 -3.627562
0.114951 -0.445026 -1.974435
0.105760 -0.428398 -1.960771
0.111030 -0.438932 -1.969167
0.103605 -0.424593 -1.957693
0.103823 -0.429464 -1.961178
-0.411048 -2.800507 -3.633505
-0.400249 -2.799405 -3.628995
-0.302305 -0.380824 -2.006407
-2.491110 0.854100 -3.677603
-0.208528 0.153213 -1.998286
-0.169016 0.084288 -1.946500
-0.207959 0.152249 -1.997553
2.740712 -0.946004 -4.026784
2.731588 -0.962311 -4.001338
1.186262 1.760805 -4.024241
0.692683 2.574490 -3.987259
0.691486 2.576117 -3.986896
0.625801 2.406475 -3.762444
0.692403 1.861778 -3.423911
0.862154 1.112535 -3.065858
1.067948 0.463320 -2.836447
1.419965 0.071495 -3.011709
2.584001 -0.939063 -3.816461
2.174633 -0.626559 -3.499568
-0.133792 -3.167363 -3.978643
2.545640 -1.690406 -4.000443
-0.134868 -3.166755 -3.977234
2.378226 -1.573231 -3.754889
1.833540 -1.622929 -3.458365
1.519754 -1.693895 -3.336899
1.198066 -1.789834 -3.239404
0.972485 -1.874805 -3.191664
0.610945 -2.132251 -3.256525
0.265287 -2.487484 -3.445725
-0.134525 -3.002082 -3.785476
-0.081277 -2.930789 -3.737012
-0.785771 -2.958462 -3.971791
-2.814395 0.632138 -4.008095
-0.693755 -2.778826 -3.718378
-0.742388 -2.178108 -3.340943
-0.833692 -1.688275 -3.101301
-0.918758 -1.294543 -2.924075
-1.014888 -0.960449 -2.805279
-1.088177 -0.739010 -2.739169
-1.249596 -0.542228 -2.807425
-1.438486 -0.335296 -2.904453
-2.618157 0.612223 -3.763902
-1.973115 0.148156 -3.254236
-0.060601 2.800280 -3.992541
-2.598696 1.425059 -3.994949
-0.482563 2.161765 -3.397207
-0.109976 2.553079 -3.672182
-0.177873 2.479265 -3.618433
-2.418671 1.358674 -3.756520
-1.999084 1.423749 -3.520273
-1.598782 1.512417 -3.333522
-1.308734 1.592329 -3.220976
-1.074084 1.665581 -3.142429
-0.703310 1.954549 -3.270083
-0.888173 1.805296 -3.198912
-0.161679 0.098035 -1.955051
0.186835 2.373691 -3.556294
-0.157768 0.128840 -1.976562
0.199027 2.369380 -3.555883
-0.158322 0.061346 -1.931067
-0.162744 0.079266 -1.942214
-0.162626 0.073972 -1.938678
0.218470 -0.015553 -1.957834
2.343765 -1.265851 -3.614150
0.225543 -0.015847 -1.962675
2.339253 -1.290612 -3.615388
-0.026864 -0.150950 -1.815145
0.211306 -0.017684 -1.953351
0.096538 -0.404649 -1.943695
0.097687 -0.410284 -1.947222
-0.388651 -2.718363 -3.571710
-0.032874 -0.174426 -1.815145
0.095021 -0.399990 -1.940886
-0.284579 -0.314080 -1.956362
-0.324423 -0.347404 -2.000632
-0.387200 -0.384201 -2.063368
-0.980236 -0.680923 -2.633279
-0.398345 -0.353755 -2.057989
-0.301655 -0.307066 -1.965824
-0.296612 -0.305459 -1.961387
-2.418989 0.965560 -3.627521
-2.414602 0.980261 -3.627081
-0.042101 -0.146326 -1.815145
-0.156137 0.056034 -1.927941
-0.048151 -0.170097 -1.815145
-0.277452 -0.305104 -1.947969
-0.280329 -0.306251 -1.949731
-0.291591 -0.305231 -1.957582
2.683026 -1.252854 -4.128025
2.319466 -0.979377 -4.480594
2.665240 -1.323955 -4.129002
1.430803 -2.324049 -4.121030
2.563403 -1.693193 -4.085876
2.043344 -1.552054 -4.482419
2.217308 -1.460649 -4.472170
2.568261 -1.680630 -4.094430
0.882577 -2.626237 -4.116529
-0.139335 -3.184134 -4.071590
-0.113592 -2.733062 -4.471205
-0.405044 -3.110579 -4.109159
-0.113458 -2.734466 -4.469993
-0.144238 -3.183242 -4.074630
-0.455354 -3.095537 -4.110657
-0.551454 -2.650712 -4.445494
-0.619852 -3.043439 -4.100885
-0.789668 -2.987262 -4.078739
-2.837539 0.644215 -4.094990
-0.552907 -2.633032 -4.459297
-0.783902 -2.989769 -4.082507
-2.761686 0.959407 -4.136771
-2.429104 0.697942 -4.476124
-2.836241 0.652591 -4.100255
-2.729512 1.083281 -4.139516
-2.322291 1.175479 -4.471868
-1.573420 2.001822 -4.147911
-2.635644 1.421126 -4.111594
-2.204465 1.275130 -4.472644
-2.641278 1.406494 -4.121882
-1.098500 2.259081 -4.146972
-0.123684 2.398340 -4.471829
0.257913 2.744788 -4.143348
-0.051145 2.821222 -4.107201
-0.051213 2.821190 -4.107239
-0.062867 2.426653 -4.473603
0.326967 2.726256 -4.144017
2.750506 -0.958224 -4.092331
0.697133 2.618556 -4.105034
0.469463 2.299297 -4.466507
2.750273 -0.960000 -4.093429
2.319522 -0.974803 -4.480952
0.470235 2.300899 -4.465021
0.688110 2.622198 -4.111164
0.101814 2.013021 -4.621526
0.975846 0.740086 -4.619958
0.470317 2.292973 -4.468934
0.522096 2.193384 -4.473339
1.172526 0.400520 -4.619526
1.921605 -1.136743 -4.617515
2.275571 -0.906832 -4.485543
2.314470 -0.970443 -4.483216
2.206387 -1.440641 -4.485032
1.914949 -1.167640 -4.617467
0.850740 -1.867463 -4.616010
2.208765 -1.456911 -4.479937
2.071009 -1.534482 -4.483470
-0.023088 -2.670210 -4.482585
0.804812 -1.892460 -4.615955
-0.105217 -2.720496 -4.477796
-0.250462 -2.346165 -4.614871
-0.536621 -2.615638 -4.476574
-0.266272 -2.342212 -4.614870
-1.058327 -1.099250 -4.616425
-0.545594 -2.617159 -4.473487
-0.760452 -2.210943 -4.487647
-1.314114 -0.645365 -4.617005
-2.421752 0.703936 -4.481251
-2.043604 0.826602 -4.618926
-2.425687 0.697911 -4.479075
-2.349947 0.573382 -4.483306
-2.037501 0.849634 -4.618963
-1.132091 1.481908 -4.620257
-2.307618 1.212598 -4.473851
-2.275380 1.231167 -4.474932
-2.307555 1.213928 -4.473514
-0.056863 2.423524 -4.475469
0.081182 2.018770 -4.621526
-0.851971 1.632007 -4.620589
-0.059000 2.424965 -4.474732
-0.062221 2.426254 -4.473900
277
0 172
0 121
0 170
1 66
1 11
1 144
2 7
2 67
2 138
3 8
3 43
3 115
4 9
4 54
4 128
5 12
5 149
5 10
6 55
6 7
6 129
8 31
9 44
10 33
10 32
11 12
12 34
13 79
13 69
14 37
14 85
14 36
15 16
15 87
15 38
16 39
16 41
17 45
17 88
18 20
18 49
18 48
19 21
19 20
19 47
20 50
21 92
21 22
22 51
23 56
23 24
24 93
24 52
25 96
25 57
26 103
26 64
27 29
27 75
28 84
28 29
28 73
30 31
30 148
30 32
31 40
32 33
33 34
34 35
35 81
35 36
36 37
37 38
38 39
39 41
40 86
40 41
42 44
42 120
42 43
43 45
44 52
45 46
46 91
46 47
47 48
48 49
49 50
50 51
51 53
52 53
54 55
54 56
55 64
56 57
57 58
58 59
59 97
59 60
60 61
61 99
61 62
62 63
63 101
63 65
64 65
65 102
66 69
66 67
67 71
68 78
68 76
68 70
69 70
71 104
71 72
72 82
72 73
73 74
74 75
75 77
76 77
76 83
78 83
78 80
79 81
79 80
81 90
82 106
82 84
83 84
85 90
85 87
86 88
86 87
88 95
89 105
89 94
89 90
91 95
91 92
92 93
93 108
94 107
94 95
96 109
96 97
97 98
98 99
99 100
100 101
101 102
102 110
103 104
103 110
104 106
105 107
105 106
107 108
108 109
109 110
111 112
111 113
111 151
112 163
112 152
113 118
113 117
114 115
114 116
114 119
115 118
116 168
116 167
117 166
117 118
119 120
119 123
120 124
121 123
121 122
122 125
122 124
123 124
125 127
125 126
126 127
126 130
127 131
128 131
128 129
129 134
130 175
130 131
132 133
132 135
132 134
133 134
133 180
135 140
135 136
136 184
136 178
137 138
137 139
137 141
138 140
139 142
139 185
140 186
141 145
141 142
142 146
143 190
143 147
143 144
144 145
145 146
146 191
147 154
147 153
148 149
148 151
149 154
150 157
150 187
150 153
151 152
152 162
153 154
155 188
155 156
155 157
156 159
156 158
157 158
158 161
159 160
159 161
160 162
160 164
161 162
163 164
163 166
164 165
165 169
165 167
166 167
168 170
168 169
169 171
170 171
171 173
172 173
172 175
173 174
174 177
174 176
175 176
176 181
177 179
177 181
178 180
178 179
179 182
180 181
182 183
182 184
183 189
183 185
184 186
185 186
187 190
187 188
188 189
189 191
190 191
98
12 64 66 67 68 70 71 72 73 74 76 65 62 
12 90 81 77 79 80 82 84 85 86 87 88 89 
12 105 93 91 92 94 95 96 98 99 101 102 104 
12 112 113 107 108 109 115 117 118 119 120 121 111 
8 1 2 248 172 169 170 177 179 
4 207 204 205 211 
7 169 173 247 174 175 171 168 
4 178 183 177 176 
10 198 265 259 258 192 193 189 190 191 197 
6 204 208 271 209 206 203 
4 210 217 212 211 
11 222 227 228 241 236 235 224 226 229 223 221 
4 233 234 236 238 
5 173 172 249 245 246 
4 256 257 259 261 
7 268 269 208 207 212 218 275 
4 110 111 122 123 
4 
4 
4 
4 
4 
4 
4 
4 
4 
4 
4 
4 
4 
4 
4 
4 
4 
4 
4 
4 
4 
4 
4 
4 
4 
4 
4 
4 
4 
4 
4 
4 
4 
4 
4 
4 
4 
4 
4 
4 
4 
4 
4 
4 
4 
4 
4 
4 
4 
4 
4 
4 
4 
4 
4 
4 
4 
4 
4 
4 
4 
4 
4 
4 
4 
4 
4 
4 
4 
4 
4 
4 
4 
4 
4 
4 
4 
4 
4 
4 
4 
