456
0.577354 -0.147550 -1.376511
2.506523 2.840249 -3.551168
1.147537 0.353707 -1.899705
1.179643 0.388300 -1.931390
2.992270 0.552384 -3.518296
1.128814 -0.222008 -1.853397
1.210310 -0.226142 -1.924230
0.986713 -0.814847 -1.901535
1.004184 -0.838977 -1.922727
1.524190 -3.667880 -3.534016
0.411418 -1.064215 -1.730062
0.409154 -1.021577 -1.708577
0.406844 -1.041238 -1.716791
0.304708 -1.191959 -1.822801
-0.015330 -0.575294 -1.856307
-0.085414 -0.621781 -1.916223
-0.115028 -0.023443 -1.931185
-0.153291 -0.021467 -1.963438
-1.714842 1.374746 -3.617166
0.099961 0.531671 -1.924896
0.050327 0.591787 -1.982165
-0.558395 3.507721 -3.701040
0.679985 0.703991 -1.697561
0.701301 0.817164 -1.745980
0.647032 0.872657 -1.795894
0.591830 -4.628870 -3.608632
-1.641181 -3.372662 -3.674703
-1.665324 -3.323394 -3.676467
3.108688 -0.559968 -3.632146
1.563894 -3.797542 -3.616937
2.994072 1.942108 -3.676695
-2.081544 -2.191121 -3.683496
-2.144589 0.275627 -3.691801
-1.293213 2.594920 -3.707758
-0.565565 3.529656 -3.715496
2.835189 -1.648621 -3.663287
2.798570 -1.755610 -3.662898
3.175211 0.602113 -3.682199
-1.832087 1.450368 -3.733840
-2.226164 -0.981432 -3.728617
-2.227559 -0.892705 -3.728308
-0.339252 -5.219255 -3.592348
-0.600364 -4.959668 -3.632573
-1.268611 -4.066737 -3.685591
0.433708 4.425175 -3.672635
0.653707 4.579938 -3.661671
1.951261 -3.364930 -3.637295
1.407835 4.781856 -3.631326
-0.278949 3.828288 -3.724042
1.035053 -4.290452 -3.632928
-0.247015 3.858762 -3.723598
-2.219574 -0.397514 -3.736305
1.011708 4.802881 -3.629264
0.754686 4.645187 -3.653722
-0.339605 -5.219435 -3.592592
-0.406796 -5.158701 -3.605114
-1.268876 2.637489 -3.713291
2.138675 3.818895 -3.700084
2.962274 -1.232798 -3.670772
1.981317 4.050477 -3.694287
-1.381113 2.440539 -3.723061
3.115948 1.340538 -3.714258
3.174332 0.636203 -3.685285
0.707900 -4.545589 -3.617691
-2.214670 -0.319293 -3.734423
-2.196481 -0.109159 -3.725036
1.559433 -3.802202 -3.617325
-1.783800 -3.070880 -3.695751
-1.965619 -2.602356 -3.705284
-2.019486 -2.436526 -3.701415
2.965492 2.052668 -3.684455
2.917100 2.218694 -3.692064
-1.861160 1.371457 -3.737721
2.603608 -2.243799 -3.662492
2.547999 3.153983 -3.691936
2.444289 3.335774 -3.698949
1.374521 4.817361 -3.625074
3.171778 0.043832 -3.683774
3.176316 0.162006 -3.686865
3.115148 -0.520655 -3.637621
3.140605 -0.339825 -3.658977
-2.227585 -0.891050 -3.728380
-2.227625 -0.653860 -3.735547
1.786970 4.315812 -3.679444
1.838623 4.246931 -3.683998
2.780686 -1.807645 -3.665189
-1.634325 1.940098 -3.748096
0.172232 -4.916380 -3.612227
1.252591 4.928797 -3.595316
1.228992 4.918126 -3.599481
1.262307 4.933155 -3.602606
0.088460 4.156945 -3.707982
-0.016765 4.068376 -3.715354
3.178616 0.453121 -3.686501
3.178581 0.307471 -3.687685
-1.332074 -3.959457 -3.687336
-1.417907 -3.808983 -3.687927
-0.994287 -4.470007 -3.658174
-0.982733 -4.485906 -3.657973
-2.033836 0.827285 -3.741409
-2.060351 0.713156 -3.734135
-1.142412 2.825314 -3.726473
-1.194775 2.752133 -3.723156
-2.157140 0.195732 -3.700236
-2.185622 -0.016853 -3.718436
-2.136083 0.328825 -3.698389
-2.104829 0.499110 -3.716135
2.371194 3.459361 -3.702207
2.267693 3.622453 -3.702396
-2.094775 -2.127514 -3.690573
-2.113675 -2.028973 -3.700200
2.219447 -2.986150 -3.614565
2.151980 -3.090167 -3.624338
3.091743 -0.660856 -3.642230
3.060799 -0.821781 -3.654960
-1.899030 -2.791980 -3.706258
-1.856603 -2.899107 -3.703489
2.981806 -1.159293 -3.669583
3.026382 -0.980437 -3.664160
-1.575169 -3.507454 -3.680517
-1.483914 -3.686619 -3.686196
-2.194204 -1.469382 -3.732469
-2.168892 -1.666746 -3.723671
-2.142715 -1.848166 -3.713152
-2.184814 -1.587910 -3.862098
3.136040 1.171141 -3.712525
0.307157 4.332472 -3.688393
0.407752 4.406885 -3.676228
2.047318 -3.237236 -3.632858
2.137615 -3.111211 -3.625906
2.622092 3.002113 -3.678753
2.609618 3.028518 -3.681283
3.013456 1.865822 -3.684858
3.046844 1.720466 -3.697342
1.148989 -4.194626 -3.634716
1.211564 -4.138606 -3.633987
0.458700 -4.723892 -3.611710
0.326500 -4.816705 -3.613979
0.321283 -4.818164 -3.664836
2.780689 2.622000 -3.696626
2.737425 2.731482 -3.693262
1.668247 -3.687785 -3.625573
1.768845 -3.578687 -3.632370
1.770597 -3.575347 -3.668579
3.173144 0.639644 -3.730328
3.174290 0.484831 -3.832201
-2.225428 -1.027537 -3.730891
3.161312 -0.126054 -3.675792
3.152495 -0.230046 -3.668740
2.553833 -2.350000 -3.656470
2.526929 -2.396711 -3.805186
-1.992835 0.974855 -3.745243
-1.943828 1.129829 -3.744333
-1.946481 1.120474 -3.805081
2.372378 -2.713557 -3.626944
2.445899 -2.571202 -3.640496
2.447308 -2.566640 -3.671054
2.268072 -2.902849 -3.603650
2.265737 -2.906983 -3.604237
2.348409 -2.758339 -3.622003
1.337251 -4.022532 -3.630728
1.415531 -3.947974 -3.627555
2.964659 2.054484 -3.699212
-1.818736 1.486502 -3.735853
-1.757097 1.645831 -3.742582
-1.109503 -4.308737 -3.672353
-1.078290 -4.354626 -3.669236
-2.212132 -1.267174 -3.867688
-2.209338 -1.322387 -3.735912
-2.208089 -1.338025 -3.752575
-2.221491 -1.150805 -3.735323
-2.220640 -1.157371 -3.781052
2.806910 2.549139 -3.696967
2.860006 2.394145 -3.695710
-0.563773 3.531702 -3.715638
-0.524460 3.575024 -3.717988
1.642356 4.505306 -3.665448
1.610426 4.544554 -3.661395
1.655438 4.488117 -3.831753
-0.816662 3.242315 -3.729257
-0.855874 3.195629 -3.730559
-2.068061 -2.256506 -3.690377
-2.064386 -2.272365 -3.691767
-0.832575 -4.685805 -3.652955
-0.768127 -4.763571 -3.647928
-1.677598 -3.298356 -3.678743
-1.732005 -3.182926 -3.687730
-1.774384 -3.095189 -3.797415
-1.579081 2.057418 -3.745415
-1.494001 2.231096 -3.738894
-1.495906 2.227167 -3.766993
-1.626391 1.960665 -3.870018
3.166085 0.805303 -3.697234
3.157077 0.930357 -3.703553
3.154435 0.946458 -3.765047
3.135729 1.165641 -3.751374
3.146119 1.027614 -3.828537
2.855902 -1.587868 -3.666219
2.896868 -1.458019 -3.669654
2.854859 -1.586748 -3.714348
-0.221967 -5.156912 -3.600529
-0.086087 -5.074947 -3.605043
0.882612 -4.412792 -3.627572
0.791869 -4.483326 -3.623228
0.842419 -4.437754 -3.811285
2.937763 -1.304081 -3.826002
2.898638 -1.446399 -3.735250
2.885382 -1.481957 -3.804501
3.078206 1.567671 -3.707235
3.095859 1.474501 -3.711994
2.667006 2.901832 -3.685737
2.642660 2.958250 -3.682489
-1.003955 3.009602 -3.730944
-0.936201 3.096931 -3.731801
2.678196 -2.071123 -3.667171
2.677517 -2.071026 -3.691963
2.741145 -1.912152 -3.666871
-1.704316 1.776229 -3.746282
-1.683893 1.825539 -3.747323
-1.735496 1.701662 -3.848451
0.567306 -0.135485 -1.368380
0.567624 -0.140802 -1.368380
0.561143 -0.147661 -1.368380
0.554105 -0.131449 -1.368380
0.554040 -0.128209 -1.368380
0.559400 -0.118302 -1.368380
0.556549 -0.121483 -1.368380
1.263034 4.932428 -3.869383
-0.579618 3.510214 -3.892265
1.410679 4.777774 -3.859949
1.340500 4.852489 -3.863937
1.598484 4.557881 -3.860281
1.651875 4.492288 -3.862074
1.263793 4.931644 -3.869681
2.115905 3.851354 -3.863566
1.978949 4.052811 -3.874313
2.533756 3.178170 -3.857480
2.439410 3.343599 -3.852728
1.900445 4.160812 -3.883881
2.369438 3.461920 -3.851197
2.301832 3.568446 -3.853272
2.584388 3.074542 -3.866802
1.896405 4.166182 -3.884459
2.917666 2.203789 -3.873866
2.766757 2.646612 -3.865794
2.710567 2.788324 -3.869100
2.976104 1.991625 -3.888075
2.931365 2.156445 -3.876545
2.822993 2.490358 -3.866415
2.857007 2.390892 -3.868141
2.673722 2.877127 -3.872390
2.633992 2.968707 -3.877076
2.631852 2.973241 -3.877437
2.623882 2.973393 -3.883340
3.111746 1.349102 -3.842947
3.009586 1.861846 -3.881615
3.036332 1.747694 -3.869815
3.165453 0.744701 -3.850559
3.156782 0.885479 -3.845725
3.163148 0.794711 -3.848224
3.129182 1.202135 -3.841309
3.145973 1.023961 -3.842788
3.079444 1.541863 -3.852617
3.094158 1.465441 -3.847263
2.987961 1.945072 -3.891912
3.164941 0.004211 -3.839540
3.173511 0.223957 -3.841442
3.114917 -0.501979 -3.858362
3.129161 -0.402550 -3.851280
3.173990 0.255841 -3.842303
3.173727 0.480717 -3.851169
3.156272 -0.132974 -3.840896
3.145603 -0.255092 -3.844365
3.169587 0.603280 -3.859063
3.153850 0.607302 -3.871275
2.828187 -1.653916 -3.838293
3.094601 -0.624166 -3.856906
3.070453 -0.751652 -3.848059
2.998992 -1.072093 -3.833793
3.020476 -0.985358 -3.836069
2.937659 -1.303845 -3.830622
2.884716 -1.480602 -3.832769
2.810767 -1.704600 -3.840568
3.106194 -0.553960 -3.863042
2.528207 -2.392690 -3.823722
2.606306 -2.226933 -3.820706
2.654802 -2.114794 -3.821789
2.776924 -1.804049 -3.833615
2.407579 -2.633296 -3.833325
2.408260 -2.631989 -3.833255
2.297831 -2.835674 -3.847366
2.729368 -1.930170 -3.827369
2.731300 -1.925276 -3.827549
2.807563 -1.713965 -3.840471
1.928817 -3.384337 -3.830234
2.215691 -2.981172 -3.838545
2.184517 -3.029599 -3.835495
2.066163 -3.201449 -3.829500
2.102926 -3.149958 -3.830485
1.847325 -3.479516 -3.836869
1.685468 -3.660036 -3.854011
1.746727 -3.594068 -3.846428
2.241482 -2.936532 -3.843195
1.558933 -3.791927 -3.871704
2.276372 -2.873806 -3.850572
1.087182 -4.240381 -3.843781
0.636951 -4.586830 -3.872572
0.845418 -4.433668 -3.854000
1.539340 -3.812423 -3.872713
1.118661 -4.213932 -3.843377
1.242149 -4.103197 -3.846838
0.600065 -4.613044 -3.876500
1.311680 -4.038808 -3.850260
1.404701 -3.949826 -3.856892
1.540893 -3.810786 -3.872933
-0.350911 -5.217619 -3.854287
0.170760 -4.908212 -3.855053
0.269684 -4.844170 -3.859539
0.348295 -4.790474 -3.865369
-0.240434 -5.159293 -3.848631
-0.134694 -5.095599 -3.849577
0.540849 -4.654364 -3.883356
0.252541 -4.173949 -4.409419
-0.592690 -4.973640 -3.865535
-0.392971 -5.179829 -3.869170
-0.816124 -4.711879 -3.879580
-0.804008 -4.726498 -3.878572
-0.365537 -5.204869 -3.871581
-0.365349 -5.203952 -3.872232
-1.269867 -4.067962 -3.876144
-1.314377 -3.992699 -3.876079
-1.428638 -3.792412 -3.879059
-1.000941 -4.466133 -3.901695
-1.562991 -3.533906 -3.892792
-1.474335 -3.707777 -3.882267
-1.127004 -4.285629 -3.886985
-1.056121 -4.390016 -3.893970
-0.980396 -4.493556 -3.904979
-1.970881 -2.588173 -3.872311
-2.016898 -2.446624 -3.878795
-1.895959 -2.801493 -3.866804
-1.847156 -2.924766 -3.867834
-2.063984 -2.274561 -3.893449
-1.710656 -3.232401 -3.881661
-1.774129 -3.097328 -3.872881
-1.604004 -3.450237 -3.899100
-1.599304 -3.449872 -3.902803
-2.211874 -1.269770 -3.871751
-2.102013 -2.100650 -3.891192
-2.137135 -1.915812 -3.878113
-2.193474 -1.504379 -3.866897
-2.152226 -1.819704 -3.873911
-2.184760 -1.589414 -3.866814
-2.221125 -1.098048 -3.878758
-2.083451 -2.190587 -3.898762
-2.224732 -0.980109 -3.885822
-2.078731 -2.210956 -3.900900
-2.222588 -0.465117 -3.867140
-2.210377 -0.271371 -3.869319
-2.199963 -0.151173 -3.873036
-2.228409 -0.790685 -3.875716
-2.228376 -0.648722 -3.869889
-2.165082 0.130998 -3.890449
-2.176427 0.046714 -3.884477
-2.226024 -0.939879 -3.883854
-2.225102 -0.968340 -3.885795
-1.861705 1.365937 -3.886361
-1.938694 1.141366 -3.875156
-2.028468 0.845778 -3.869605
-2.059264 0.712729 -3.874755
-2.129181 0.357061 -3.898392
-2.102873 0.501646 -3.887100
-1.995503 0.964445 -3.869386
-1.968637 1.049357 -3.871838
-1.816331 1.488691 -3.895105
-2.139775 0.289665 -3.904982
-1.387911 2.425455 -3.898165
-1.488915 2.238429 -3.886410
-1.785142 1.573333 -3.891321
-1.557463 2.101346 -3.881862
-1.626992 1.959426 -3.878221
-1.669343 1.861587 -3.879853
-1.734018 1.705482 -3.884607
-1.807118 1.513661 -3.895176
-1.263213 2.644020 -3.901126
-1.137771 2.827187 -3.888622
-1.213745 2.720718 -3.893987
-0.781774 3.279197 -3.886649
-0.875125 3.168237 -3.883425
-0.984169 3.031915 -3.882976
-0.944818 3.082659 -3.882373
-0.662198 3.415777 -3.893523
-1.303024 2.574046 -3.910948
-0.303267 3.801111 -3.872954
-0.198657 3.900940 -3.871594
0.088282 4.154008 -3.880497
-0.025532 4.058442 -3.874036
0.330661 4.347872 -3.900132
0.382471 4.386082 -3.906294
-0.504099 3.593698 -3.885157
-0.571995 3.518624 -3.892298
0.681860 4.596780 -3.884794
1.014961 4.802990 -3.870796
0.742135 4.635721 -3.881136
1.238622 4.921383 -3.875270
1.241698 4.922770 -3.875498
0.418380 4.411253 -3.911365
1.009359 3.326942 -4.623840
1.668811 2.565636 -4.622955
1.469548 3.699703 -4.416727
1.482109 3.674532 -4.419148
1.471173 3.697797 -4.416732
1.670976 2.560861 -4.622949
2.380632 1.838757 -4.373846
2.410990 1.750075 -4.368207
2.411347 1.788034 -4.364755
1.767180 -1.312338 -4.617193
2.462665 -0.436713 -4.360588
2.450969 -0.487354 -4.362264
2.465142 -0.458310 -4.357858
2.065003 0.598671 -4.620166
2.069260 0.599258 -4.618245
1.752052 -1.354917 -4.617124
1.754513 -2.491527 -4.348754
1.694094 -2.567649 -4.356558
1.745245 -2.523349 -4.345213
0.249083 -4.173289 -4.411604
0.229997 -4.182991 -4.412884
0.836209 -3.023880 -4.614275
0.837787 -3.030734 -4.611992
-0.559976 -4.088201 -4.401638
-0.576626 -4.053148 -4.405051
-0.561353 -4.086854 -4.401570
-0.088894 -3.717154 -4.612882
-0.090819 -3.733001 -4.608782
-1.218331 -0.922369 -4.616628
-1.489382 -2.101470 -4.384059
-1.511359 -2.026219 -4.381547
-1.512430 -2.064010 -4.377458
-0.806491 -2.853242 -4.613898
-0.806573 -2.853350 -4.613852
-1.221478 -0.802479 -4.616806
-0.914906 1.013921 -4.619640
-1.575734 0.165426 -4.379830
-1.569724 0.190006 -4.380726
-1.576574 0.174364 -4.378762
-0.911918 1.022060 -4.619654
-0.847624 2.220662 -4.368269
-0.815015 2.250913 -4.374246
-0.846590 2.223993 -4.367910
1.001940 3.328235 -4.623839
0.675097 3.821874 -4.415863
0.696151 3.837370 -4.415328
0.682403 3.830629 -4.414682
0.095896 2.743642 -4.622616
0.092759 2.753829 -4.619015
684
0 221
0 7
0 5
1 3
1 130
1 23
2 4
2 220
2 3
3 30
4 6
4 37
5 35
5 6
6 28
7 9
7 8
8 157
8 36
9 10
9 29
10 12
10 25
11 13
11 222
11 12
12 41
13 26
13 97
14 15
14 223
14 27
15 39
15 31
16 18
16 224
16 17
17 32
17 40
18 20
18 38
19 21
19 226
19 20
20 33
21 24
21 34
22 23
22 24
22 225
23 88
24 44
25 136
25 63
26 27
26 119
27 185
28 113
28 79
29 66
29 141
30 132
30 70
31 109
31 181
32 105
32 103
33 56
33 60
34 174
34 179
35 36
35 197
36 85
37 93
37 62
38 163
38 72
39 40
39 146
40 81
41 54
41 200
42 184
42 323
42 55
43 329
43 95
43 165
44 45
44 127
45 401
45 53
46 142
46 294
46 128
47 177
47 229
47 76
48 393
48 50
48 175
49 202
49 305
49 134
50 92
50 394
51 357
51 64
51 82
52 402
52 89
52 53
53 403
54 55
54 315
55 324
56 102
56 384
57 108
57 234
57 59
58 198
58 205
58 117
59 235
59 84
60 376
60 189
61 254
61 125
61 209
62 144
62 192
63 306
63 203
64 65
64 358
65 359
65 104
66 161
66 308
67 187
67 116
67 186
68 69
68 338
68 115
69 339
69 182
70 162
70 71
71 243
71 173
72 366
72 152
73 285
73 149
73 214
74 236
74 131
74 75
75 237
75 107
76 230
76 90
77 265
77 147
77 78
78 266
78 94
79 267
79 80
80 268
80 148
81 82
81 360
82 361
83 84
83 178
83 176
84 238
85 216
85 287
86 191
86 188
86 218
87 316
87 201
87 137
88 90
88 89
89 404
90 227
91 395
91 126
91 92
92 396
93 94
93 145
94 269
95 96
95 330
96 331
96 120
97 166
97 98
98 332
98 183
99 368
99 151
99 100
100 369
100 106
101 385
101 212
101 102
102 386
103 362
103 104
104 363
105 106
105 370
106 371
107 239
107 108
108 240
109 110
109 348
110 349
110 123
111 112
111 295
111 158
112 296
112 129
113 114
113 276
114 277
114 118
115 340
115 116
116 341
117 278
117 118
118 279
119 333
119 120
120 334
121 168
121 124
121 122
122 124
122 123
123 351
124 352
125 193
125 195
126 127
126 397
127 398
128 297
128 129
129 298
130 211
130 131
131 241
132 133
132 255
133 256
133 208
134 309
134 135
135 310
135 160
136 137
136 311
137 138
138 318
138 317
139 244
139 172
139 140
140 245
140 210
141 300
141 142
142 143
143 301
143 299
144 145
144 257
145 270
146 364
146 170
147 148
147 271
148 272
149 155
149 150
150 156
150 284
151 152
151 372
152 153
153 373
153 367
154 288
154 159
154 155
155 156
156 289
157 158
157 159
158 302
159 290
160 312
160 161
161 313
162 246
162 247
163 164
163 378
164 219
164 217
165 335
165 166
166 336
167 169
167 171
167 347
168 170
168 169
169 350
170 171
171 353
172 173
172 248
173 249
174 175
174 228
175 399
176 178
176 177
177 231
178 232
179 387
179 180
180 388
180 213
181 354
181 182
182 342
183 325
183 184
184 326
185 186
185 343
186 187
187 344
188 189
188 191
189 190
190 379
190 377
191 380
192 259
192 193
193 194
194 196
194 258
195 196
195 260
196 261
197 199
197 198
198 206
199 207
199 275
200 319
200 201
201 320
202 203
202 204
203 204
204 307
205 206
205 280
206 207
207 281
208 209
208 262
209 263
210 250
210 211
211 251
212 213
212 389
213 390
214 215
214 216
215 291
215 286
216 292
217 218
217 219
218 381
219 382
220 225
220 221
221 222
222 223
223 224
224 226
225 226
227 405
227 233
228 391
228 400
229 230
229 231
230 233
231 232
232 242
233 409
234 235
234 240
235 238
236 237
236 241
237 239
238 242
239 240
241 252
242 411
243 249
243 247
244 245
244 248
245 250
246 247
246 264
248 249
250 251
251 252
252 253
253 410
253 413
254 263
254 260
255 264
255 256
256 262
257 259
257 273
258 261
258 259
260 261
262 263
264 415
265 266
265 271
266 269
267 268
267 283
268 272
269 270
270 273
271 272
273 274
274 414
274 417
275 281
275 282
276 283
276 277
277 279
278 279
278 280
280 281
282 418
282 293
283 419
284 285
284 289
285 286
286 291
287 293
287 292
288 289
288 290
290 304
291 292
293 423
294 297
294 299
295 302
295 296
296 298
297 298
299 301
300 301
300 303
302 304
303 424
303 314
304 425
305 309
305 307
306 307
306 311
308 314
308 313
309 310
310 312
311 321
312 313
314 322
315 319
315 327
316 317
316 320
317 318
318 321
319 320
321 322
322 426
323 324
323 326
324 327
325 326
325 337
327 328
328 427
328 430
329 335
329 330
330 331
331 334
332 337
332 336
333 334
333 345
335 336
337 432
338 340
338 339
339 342
340 341
341 344
342 356
343 345
343 344
345 346
346 431
346 436
347 350
347 353
348 354
348 349
349 351
350 352
351 352
353 355
354 356
355 437
355 365
356 438
357 361
357 358
358 359
359 363
360 364
360 361
362 363
362 375
364 365
365 443
366 367
366 374
367 373
368 369
368 372
369 371
370 375
370 371
372 373
374 444
374 383
375 445
376 377
376 392
377 379
378 383
378 382
379 380
380 381
381 382
383 447
384 392
384 386
385 386
385 389
387 388
387 391
388 390
389 390
391 448
392 449
393 399
393 394
394 396
395 396
395 397
397 398
398 406
399 400
400 451
401 406
401 403
402 403
402 404
404 405
405 452
406 453
407 408
407 409
407 450
408 412
408 410
409 411
410 411
412 420
412 413
413 415
414 421
414 415
416 422
416 420
416 418
417 419
417 421
418 419
420 421
422 428
422 423
423 425
424 429
424 425
426 427
426 429
427 434
428 433
428 429
430 432
430 434
431 440
431 432
433 439
433 434
435 441
435 439
435 437
436 438
436 440
437 438
439 440
441 442
441 443
442 446
442 444
443 445
444 445
446 454
446 447
447 449
448 455
448 449
450 454
450 452
451 453
451 455
452 453
454 455
230
7 5 47 49 408 7 8 3 
7 7 409 0 2 13 10 6 
6 2 1 16 18 71 12 
8 1 0 410 24 25 21 19 15 
7 24 411 30 31 54 27 23 
8 30 412 35 36 38 78 32 29 
6 35 413 42 43 39 34 
6 42 414 49 48 45 41 
7 627 679 623 415 416 424 626 
5 628 629 446 447 633 
4 635 470 471 641 
6 637 639 480 481 493 645 
6 647 504 505 517 526 650 
4 651 533 534 655 
4 656 554 555 664 
6 660 662 565 566 577 668 
6 588 598 674 669 670 587 
6 417 418 617 681 676 607 
18 5 4 265 160 161 163 225 119 121 126 178 180 343 96 98 165 190 50 
12 3 9 62 151 153 336 281 282 284 394 264 4 
14 8 6 11 75 133 367 256 130 131 390 270 267 61 9 
12 10 14 58 172 174 295 167 168 170 198 74 11 
11 13 12 72 375 122 124 244 239 236 57 14 
11 18 17 313 308 309 298 157 158 400 182 73 
13 16 15 20 60 286 93 95 262 235 231 233 312 17 
13 19 22 53 135 382 102 104 272 274 317 140 59 20 
9 21 26 82 380 188 189 275 52 22 
11 25 23 28 206 208 354 83 85 114 81 26 
10 28 27 55 247 204 201 87 88 326 205 
13 31 29 33 64 351 149 145 147 241 143 144 356 56 
11 33 32 79 294 331 249 251 253 230 227 63 
10 38 37 66 219 139 136 108 109 175 80 
12 36 34 40 77 155 302 210 211 213 221 65 37 
12 39 44 68 128 360 185 186 404 324 321 76 40 
12 43 41 46 70 347 349 396 215 216 117 67 44 
12 46 45 51 90 258 195 196 105 100 101 339 69 
9 47 50 191 111 112 92 89 51 48 
8 424 421 419 420 422 423 434 630 
13 434 431 427 425 426 432 430 428 429 433 445 446 631 
14 437 438 442 435 436 440 441 459 634 447 445 444 443 439 
15 457 455 456 453 454 469 470 636 459 450 451 452 458 448 449 
13 466 462 460 461 468 465 463 464 482 640 471 469 467 
11 473 480 642 482 474 475 476 477 478 479 472 
13 483 484 489 490 491 506 646 493 487 488 492 486 485 
13 506 503 496 497 498 499 494 495 500 501 502 504 648 
12 517 511 512 516 514 513 507 508 509 510 515 525 
12 526 525 523 522 520 521 524 518 519 532 533 649 
9 534 532 529 527 528 530 531 544 654 
13 544 539 540 543 535 536 537 538 541 542 553 554 657 
12 553 551 552 549 548 545 546 547 550 567 663 555 
12 565 665 567 564 558 559 560 562 561 556 557 563 
12 577 576 572 573 568 569 570 571 574 575 589 671 
12 585 583 581 582 586 580 578 579 587 672 589 584 
11 593 594 597 596 595 592 590 591 608 675 598 
11 599 600 601 602 606 605 603 604 607 677 608 
11 617 616 609 610 611 612 613 614 615 624 680 
8 619 620 621 622 623 682 624 618 
5 631 629 625 626 630 
6 636 635 643 632 633 634 
6 640 642 639 638 643 641 
6 648 647 653 644 645 646 
6 650 649 651 659 652 653 
7 654 657 656 666 658 659 655 
6 663 665 662 661 666 664 
5 672 670 667 668 671 
6 677 676 683 673 674 675 
6 680 682 679 678 683 681 
15 627 625 628 632 638 637 644 652 658 661 660 667 669 673 678 
7 414 413 412 411 410 409 408 
5 53 52 276 510 134 
4 111 192 621 110 
5 208 207 539 531 353 
4 164 98 97 419 
4 233 232 496 314 
7 55 54 56 357 551 542 246 
6 58 57 237 474 464 171 
7 59 141 511 505 502 285 60 
7 150 62 61 268 450 441 319 
5 64 63 228 558 350 
6 218 66 65 222 584 575 
6 127 68 67 118 599 591 
4 194 195 259 613 
4 159 160 266 429 
6 70 69 340 417 604 346 
9 73 183 487 481 473 378 374 72 71 
5 74 199 290 132 75 
4 125 121 120 425 
7 154 77 76 322 593 588 579 
6 79 78 80 176 572 293 
5 379 82 81 115 518 
4 85 84 527 116 
4 240 147 146 545 
5 129 130 257 372 449 
5 157 299 301 483 156 
4 281 337 438 280 
3 251 250 252 
4 261 95 94 494 
4 104 103 507 271 
4 92 113 619 91 
4 86 87 202 536 
4 167 296 461 166 
4 214 215 397 602 
4 210 303 582 209 
5 243 124 123 387 478 
4 100 106 610 99 
4 108 137 569 107 
3 180 179 342 
3 185 361 184 
4 187 188 381 521 
4 163 162 430 224 
4 269 270 391 452 
4 330 556 333 328 
4 83 355 528 84 
4 223 213 212 583 
4 325 88 86 535 
5 359 142 143 242 549 
6 260 90 89 91 618 615 
4 274 273 514 316 
3 401 402 486 
5 93 287 289 495 94 
4 284 283 439 393 
4 373 369 370 455 
4 97 96 344 420 
4 149 352 547 148 
4 101 99 609 341 
4 307 308 315 490 
4 238 239 245 476 
4 153 152 435 338 
4 139 220 571 138 
3 324 405 323 
4 297 174 173 465 
3 305 306 580 
5 103 102 383 385 508 
4 170 169 462 200 
4 106 105 197 611 
4 107 568 177 109 
4 235 263 498 234 
3 363 364 592 
4 204 248 538 203 
4 229 230 254 560 
4 113 112 110 620 
5 116 529 519 115 114 
4 118 117 217 600 
4 120 119 226 426 
4 123 122 376 386 
4 349 348 605 398 
4 126 125 427 181 
3 278 279 522 
4 301 300 311 484 
4 330 329 335 557 
5 128 127 590 364 362 
4 131 129 448 392 
5 133 132 291 453 366 
5 385 384 135 134 509 
4 138 570 137 136 
4 141 140 318 512 
3 142 358 144 
4 146 145 148 546 
5 152 151 150 320 436 
5 306 304 155 154 578 
5 402 399 158 156 485 
4 161 159 428 162 
5 164 421 416 193 165 
4 168 166 460 169 
4 173 172 171 463 
4 177 573 176 175 
6 178 181 431 423 345 179 
4 183 182 403 488 
5 186 184 365 596 406 
4 377 378 472 389 
5 279 277 189 187 520 
6 193 415 622 192 191 190 
4 196 194 612 197 
5 199 198 200 466 292 
4 202 201 203 537 
5 207 206 205 327 540 
4 212 211 209 581 
4 216 214 601 217 
4 220 219 218 574 
4 222 221 223 585 
4 226 225 224 432 
4 227 229 559 228 
4 234 497 232 231 
4 237 236 238 475 
4 241 240 548 242 
4 245 244 243 477 
4 248 247 246 541 
6 250 249 332 333 561 255 
5 254 253 252 255 562 
5 369 371 257 256 368 
4 260 614 259 258 
4 263 262 261 499 
6 266 265 264 395 444 433 
4 269 451 268 267 
3 289 288 500 
4 271 513 273 272 
6 276 275 277 278 523 515 
4 283 282 280 437 
5 288 287 286 285 501 
5 290 292 467 454 291 
7 335 334 294 293 576 566 563 
4 295 297 468 296 
4 300 299 298 310 
5 304 305 586 303 302 
5 310 309 307 489 311 
6 315 313 312 314 503 491 
4 318 317 316 516 
3 320 319 440 
5 322 321 323 407 594 
4 326 325 543 327 
5 328 332 331 334 329 
4 338 442 337 336 
5 339 341 616 418 340 
5 344 343 342 345 422 
4 348 347 346 603 
5 352 351 350 564 550 
4 355 354 353 530 
5 358 359 552 357 356 
6 360 362 363 595 365 361 
5 370 368 367 366 456 
4 372 371 373 457 
5 377 388 376 375 374 
4 380 379 524 381 
3 384 383 382 
5 388 389 479 387 386 
4 391 390 392 458 
4 395 394 393 443 
4 398 606 397 396 
5 400 399 401 492 403 
5 404 406 597 407 405 
