0.567307 -0.133429 -1.368380
 1.150427 0.359298 -1.902313 
  

0.678799 0.693967 -1.692817
 0.559855 -0.117226 -1.368380 
  

0.698340 0.797562 -1.737119
 2.384571 2.667056 -3.415963 
  

1.150470 0.359344 -1.902356
 2.384571 2.667056 -3.415963 
  

1.150427 0.359298 -1.902313
 1.150470 0.359344 -1.902356 
  

0.678799 0.693967 -1.692817
 0.698340 0.797562 -1.737119 
  

0.567307 -0.133429 -1.368380
 0.559855 -0.117226 -1.368380 
  

0.567307 -0.133429 -1.368380
 1.150427 0.359298 -1.902313 
  

1.136639 -0.222902 -1.859981
 0.576819 -0.147175 -1.375956 
  

0.567753 -0.140887 -1.368380
 0.576819 -0.147175 -1.375956 
  

1.150427 0.359298 -1.902313
 3.050582 0.568251 -3.569470 
  

1.219376 -0.227110 -1.931880
 3.050582 0.568251 -3.569470 
  

1.136639 -0.222902 -1.859981
 1.219376 -0.227110 -1.931880 
  

0.567307 -0.133429 -1.368380
 0.567753 -0.140887 -1.368380 
  

1.136639 -0.222902 -1.859981
 0.576819 -0.147175 -1.375956 
  

0.991882 -0.823262 -1.907914
 0.576819 -0.147175 -1.375956 
  

1.136639 -0.222902 -1.859981
 2.834862 -1.649647 -3.662498 
  

0.997046 -0.830392 -1.914174
 2.803581 -1.741038 -3.662151 
  

0.991882 -0.823262 -1.907914
 0.997046 -0.830392 -1.914174 
  

2.834862 -1.649647 -3.662498
 2.803581 -1.741038 -3.662151 
  

0.567753 -0.140887 -1.368380
 0.576819 -0.147175 -1.375956 
  

0.991882 -0.823262 -1.907914
 0.576819 -0.147175 -1.375956 
  

0.409812 -1.014696 -1.705452
 0.560789 -0.148255 -1.368380 
  

0.991882 -0.823262 -1.907914
 1.539335 -3.699916 -3.556301 
  

0.409061 -1.059323 -1.726358
 1.539335 -3.699916 -3.556301 
  

0.406239 -1.045105 -1.718152
 0.409061 -1.059323 -1.726358 
  

0.409812 -1.014696 -1.705452
 0.406239 -1.045105 -1.718152 
  

0.567753 -0.140887 -1.368380
 0.560789 -0.148255 -1.368380 
  

0.409812 -1.014696 -1.705452
 0.560789 -0.148255 -1.368380 
  

0.002002 -0.563994 -1.841339
 0.554269 -0.133219 -1.368380 
  

0.409812 -1.014696 -1.705452
 0.319658 -1.160960 -1.803735 
  

-1.636254 -3.333784 -3.658380
 0.319658 -1.160960 -1.803735 
  

0.002002 -0.563994 -1.841339
 -1.636254 -3.333784 -3.658380 
  

0.560789 -0.148255 -1.368380
 0.554269 -0.133219 -1.368380 
  

0.002002 -0.563994 -1.841339
 0.554269 -0.133219 -1.368380 
  

-0.138262 -0.020644 -1.950564
 0.554177 -0.128597 -1.368380 
  

0.002002 -0.563994 -1.841339
 -0.094281 -0.627729 -1.923605 
  

-2.226260 -0.975683 -3.727472
 -0.094281 -0.627729 -1.923605 
  

-0.156630 -0.019700 -1.966039
 -2.227449 -0.900050 -3.727212 
  

-0.138262 -0.020644 -1.950564
 -0.156630 -0.019700 -1.966039 
  

0.554269 -0.133219 -1.368380
 0.554177 -0.128597 -1.368380 
  

-2.226260 -0.975683 -3.727472
 -2.227449 -0.900050 -3.727212 
  

1.482046 3.674667 -4.419134
 2.623896 2.973462 -3.883311 
  

2.380535 1.838920 -4.373875
 2.623896 2.973462 -3.883311 
  

1.668754 2.565762 -4.622955
 1.482046 3.674667 -4.419134 
  

2.380535 1.838920 -4.373875
 1.670963 2.560891 -4.622949 
  

1.668754 2.565762 -4.622955
 1.670963 2.560891 -4.622949 
  

3.153857 0.607333 -3.871270
 2.411299 1.751115 -4.367981 
  

2.462525 -0.436347 -4.360679
 3.153857 0.607333 -3.871270 
  

2.069241 0.599189 -4.618259
 2.411299 1.751115 -4.367981 
  

2.462525 -0.436347 -4.360679
 2.069241 0.599189 -4.618259 
  

2.451039 -0.487209 -4.362243
 2.810767 -1.704601 -3.840568 
  

1.754561 -2.490076 -4.349075
 2.807609 -1.713835 -3.840473 
  

1.767291 -1.312203 -4.617151
 2.451039 -0.487209 -4.362243 
  

1.754561 -2.490076 -4.349075
 1.752036 -1.355147 -4.617081 
  

1.767291 -1.312203 -4.617151
 1.752036 -1.355147 -4.617081 
  

2.810767 -1.704601 -3.840568
 2.807609 -1.713835 -3.840473 
  

1.694100 -2.567646 -4.356556
 1.559033 -3.791823 -3.871697 
  

0.252541 -4.173949 -4.409419
 1.540890 -3.810789 -3.872933 
  

0.249086 -4.173287 -4.411604
 0.252541 -4.173949 -4.409419 
  

0.837786 -3.030737 -4.611991
 1.694100 -2.567646 -4.356556 
  

0.249086 -4.173287 -4.411604
 0.837786 -3.030737 -4.611991 
  

1.559033 -3.791823 -3.871697
 1.540890 -3.810789 -3.872933 
  

0.229991 -4.182982 -4.412888
 -0.365444 -5.203406 -3.872491 
  

-0.559977 -4.088200 -4.401638
 -0.365444 -5.203406 -3.872491 
  

-0.090403 -3.733583 -4.608529
 0.229991 -4.182982 -4.412888 
  

-0.559977 -4.088200 -4.401638
 -0.090403 -3.733583 -4.608529 
  

-0.576624 -4.053158 -4.405049
 -1.599309 -3.449927 -3.902783 
  

-1.488630 -2.102303 -4.384312
 -1.599309 -3.449927 -3.902783 
  

-0.807023 -2.852844 -4.613703
 -0.576624 -4.053158 -4.405049 
  

-1.488630 -2.102303 -4.384312
 -0.807023 -2.852844 -4.613703 
  

-2.224731 -0.980110 -3.885822
 -1.511362 -2.026275 -4.381540 
  

-1.575729 0.165378 -4.379836
 -2.225102 -0.968342 -3.885795 
  

-1.218426 -0.922727 -4.616552
 -1.511362 -2.026275 -4.381540 
  

-1.575729 0.165378 -4.379836
 -1.221588 -0.802177 -4.616732 
  

-1.218426 -0.922727 -4.616552
 -1.221588 -0.802177 -4.616732 
  

-2.224731 -0.980110 -3.885822
 -2.225102 -0.968342 -3.885795 
  

1.150427 0.359298 -1.902313
 1.150470 0.359344 -1.902356 
  

1.150427 0.359298 -1.902313
 3.050582 0.568251 -3.569470 
  

1.150470 0.359344 -1.902356
 2.995699 1.935806 -3.676328 
  

3.050582 0.568251 -3.569470
 3.175237 0.602121 -3.681116 
  

2.995699 1.935806 -3.676328
 3.013475 1.865849 -3.683809 
  

3.175237 0.602121 -3.681116
 3.174361 0.636124 -3.684194 
  

3.115983 1.340467 -3.713185
 3.136049 1.171291 -3.711450 
  

3.046907 1.720302 -3.696301
 3.078197 1.567862 -3.706163 
  

3.115983 1.340467 -3.713185
 3.095872 1.474573 -3.710924 
  

3.174361 0.636124 -3.684194
 3.166106 0.805379 -3.696155 
  

3.136049 1.171291 -3.711450
 3.157127 0.930031 -3.702455 
  

3.013475 1.865849 -3.683809
 3.046907 1.720302 -3.696301 
  

3.166106 0.805379 -3.696155
 3.157127 0.930031 -3.702455 
  

3.078197 1.567862 -3.706163
 3.095872 1.474573 -3.710924 
  

1.219376 -0.227110 -1.931880
 3.050582 0.568251 -3.569470 
  

3.050582 0.568251 -3.569470
 3.175237 0.602121 -3.681116 
  

1.219376 -0.227110 -1.931880
 3.108916 -0.558672 -3.631303 
  

3.108916 -0.558672 -3.631303
 3.115149 -0.520746 -3.636581 
  

3.175237 0.602121 -3.681116
 3.178648 0.452889 -3.685430 
  

3.161344 -0.126010 -3.674749
 3.171824 0.044097 -3.682732 
  

3.140665 -0.339497 -3.657972
 3.152535 -0.229899 -3.667711 
  

3.178613 0.307828 -3.686615
 3.176335 0.161578 -3.685797 
  

3.171824 0.044097 -3.682732
 3.176335 0.161578 -3.685797 
  

3.115149 -0.520746 -3.636581
 3.140665 -0.339497 -3.657972 
  

3.178648 0.452889 -3.685430
 3.178613 0.307828 -3.686615 
  

3.161344 -0.126010 -3.674749
 3.152535 -0.229899 -3.667711 
  

1.136639 -0.222902 -1.859981
 1.219376 -0.227110 -1.931880 
  

1.136639 -0.222902 -1.859981
 2.834862 -1.649647 -3.662498 
  

1.219376 -0.227110 -1.931880
 3.108916 -0.558672 -3.631303 
  

3.091734 -0.660975 -3.641523
 3.108916 -0.558672 -3.631303 
  

2.834862 -1.649647 -3.662498
 2.855899 -1.587945 -3.665478 
  

2.981731 -1.159675 -3.668864
 2.962389 -1.232462 -3.670040 
  

3.060764 -0.822036 -3.654257
 3.026407 -0.980416 -3.663435 
  

2.896848 -1.458149 -3.668914
 2.962389 -1.232462 -3.670040 
  

3.091734 -0.660975 -3.641523
 3.060764 -0.822036 -3.654257 
  

2.981731 -1.159675 -3.668864
 3.026407 -0.980416 -3.663435 
  

2.855899 -1.587945 -3.665478
 2.896848 -1.458149 -3.668914 
  

0.997046 -0.830392 -1.914174
 2.803581 -1.741038 -3.662151 
  

0.997046 -0.830392 -1.914174
 2.265995 -2.906593 -3.603052 
  

2.803581 -1.741038 -3.662151
 2.780685 -1.807656 -3.665082 
  

2.553854 -2.349964 -3.656357
 2.603606 -2.243811 -3.662378 
  

2.348437 -2.758296 -3.621888
 2.372357 -2.713606 -3.626819 
  

2.603606 -2.243811 -3.662378
 2.678200 -2.071120 -3.667060 
  

2.780685 -1.807656 -3.665082
 2.741152 -1.912143 -3.666762 
  

2.553854 -2.349964 -3.656357
 2.445897 -2.571212 -3.640377 
  

2.372357 -2.713606 -3.626819
 2.445897 -2.571212 -3.640377 
  

2.265995 -2.906593 -3.603052
 2.348437 -2.758296 -3.621888 
  

2.678200 -2.071120 -3.667060
 2.741152 -1.912143 -3.666762 
  

0.991882 -0.823262 -1.907914
 0.997046 -0.830392 -1.914174 
  

0.991882 -0.823262 -1.907914
 1.539335 -3.699916 -3.556301 
  

0.997046 -0.830392 -1.914174
 2.265995 -2.906593 -3.603052 
  

1.539335 -3.699916 -3.556301
 1.568025 -3.793251 -3.616026 
  

2.265878 -2.906799 -3.603082
 2.219466 -2.986175 -3.613424 
  

1.568025 -3.793251 -3.616026
 1.668233 -3.687850 -3.624331 
  

2.047206 -3.237449 -3.631691
 1.951401 -3.364809 -3.636097 
  

1.768774 -3.578814 -3.631138
 1.951401 -3.364809 -3.636097 
  

2.151806 -3.090491 -3.623209
 2.137814 -3.110989 -3.624733 
  

2.219466 -2.986175 -3.613424
 2.151806 -3.090491 -3.623209 
  

2.047206 -3.237449 -3.631691
 2.137814 -3.110989 -3.624733 
  

1.668233 -3.687850 -3.624331
 1.768774 -3.578814 -3.631138 
  

2.265995 -2.906593 -3.603052
 2.265878 -2.906799 -3.603082 
  

0.409061 -1.059323 -1.726358
 1.539335 -3.699916 -3.556301 
  

1.539335 -3.699916 -3.556301
 1.568025 -3.793251 -3.616026 
  

0.409061 -1.059323 -1.726358
 0.585889 -4.633155 -3.607576 
  

0.708056 -4.545499 -3.617114
 0.585889 -4.633155 -3.607576 
  

1.568025 -3.793251 -3.616026
 1.559485 -3.802171 -3.616769 
  

1.034909 -4.290591 -3.632345
 1.149073 -4.194573 -3.634141 
  

1.337317 -4.022490 -3.630160
 1.211482 -4.138701 -3.633416 
  

0.882739 -4.412713 -3.626993
 1.034909 -4.290591 -3.632345 
  

0.708056 -4.545499 -3.617114
 0.791681 -4.483492 -3.622631 
  

1.559485 -3.802171 -3.616769
 1.415558 -3.947969 -3.626992 
  

1.149073 -4.194573 -3.634141
 1.211482 -4.138701 -3.633416 
  

1.337317 -4.022490 -3.630160
 1.415558 -3.947969 -3.626992 
  

0.882739 -4.412713 -3.626993
 0.791681 -4.483492 -3.622631 
  

0.406239 -1.045105 -1.718152
 0.409061 -1.059323 -1.726358 
  

0.409061 -1.059323 -1.726358
 0.585889 -4.633155 -3.607576 
  

0.406239 -1.045105 -1.718152
 -0.338667 -5.218982 -3.591111 
  

0.585889 -4.633155 -3.607576
 0.458062 -4.724392 -3.610518 
  

-0.338667 -5.218982 -3.591111
 -0.221874 -5.156900 -3.599266 
  

0.172239 -4.916422 -3.610994
 -0.085839 -5.074842 -3.603796 
  

0.172239 -4.916422 -3.610994
 0.326624 -4.816671 -3.612761 
  

0.458062 -4.724392 -3.610518
 0.326624 -4.816671 -3.612761 
  

-0.221874 -5.156900 -3.599266
 -0.085839 -5.074842 -3.603796 
  

0.409812 -1.014696 -1.705452
 0.406239 -1.045105 -1.718152 
  

0.409812 -1.014696 -1.705452
 0.319658 -1.160960 -1.803735 
  

0.406239 -1.045105 -1.718152
 -0.338667 -5.218982 -3.591111 
  

0.319658 -1.160960 -1.803735
 -0.993489 -4.471088 -3.657343 
  

-0.982681 -4.485961 -3.657155
 -0.832635 -4.685710 -3.652131 
  

-0.338667 -5.218982 -3.591111
 -0.339568 -5.219441 -3.591735 
  

-0.600392 -4.959618 -3.631737
 -0.406840 -5.158634 -3.604273 
  

-0.767996 -4.763707 -3.647084
 -0.600392 -4.959618 -3.631737 
  

-0.339568 -5.219441 -3.591735
 -0.406840 -5.158634 -3.604273 
  

-0.993489 -4.471088 -3.657343
 -0.982681 -4.485961 -3.657155 
  

-0.832635 -4.685710 -3.652131
 -0.767996 -4.763707 -3.647084 
  

-1.636254 -3.333784 -3.658380
 0.319658 -1.160960 -1.803735 
  

0.319658 -1.160960 -1.803735
 -0.993489 -4.471088 -3.657343 
  

-1.636254 -3.333784 -3.658380
 -1.650788 -3.353041 -3.673183 
  

-1.650788 -3.353041 -3.673183
 -1.575204 -3.507377 -3.679832 
  

-1.268606 -4.066732 -3.684880
 -1.332140 -3.959333 -3.686631 
  

-1.109444 -4.308815 -3.671629
 -1.268606 -4.066732 -3.684880 
  

-1.483948 -3.686544 -3.685501
 -1.417868 -3.809044 -3.687228 
  

-1.332140 -3.959333 -3.686631
 -1.417868 -3.809044 -3.687228 
  

-0.993489 -4.471088 -3.657343
 -1.078397 -4.354460 -3.668526 
  

-1.575204 -3.507377 -3.679832
 -1.483948 -3.686544 -3.685501 
  

-1.109444 -4.308815 -3.671629
 -1.078397 -4.354460 -3.668526 
  

0.002002 -0.563994 -1.841339
 -1.636254 -3.333784 -3.658380 
  

0.002002 -0.563994 -1.841339
 -0.094281 -0.627729 -1.923605 
  

-1.636254 -3.333784 -3.658380
 -1.650788 -3.353041 -3.673183 
  

-0.094281 -0.627729 -1.923605
 -2.081890 -2.189420 -3.682772 
  

-1.650788 -3.353041 -3.673183
 -1.677483 -3.298588 -3.678135 
  

-2.081890 -2.189420 -3.682772
 -2.068022 -2.256673 -3.689847 
  

-1.899041 -2.791946 -3.705689
 -1.965601 -2.602404 -3.704722 
  

-1.783860 -3.070728 -3.695176
 -1.856726 -2.898790 -3.702922 
  

-2.064387 -2.272359 -3.691221
 -2.019494 -2.436494 -3.700859 
  

-1.731763 -3.183427 -3.687105
 -1.783860 -3.070728 -3.695176 
  

-1.965601 -2.602404 -3.704722
 -2.019494 -2.436494 -3.700859 
  

-1.899041 -2.791946 -3.705689
 -1.856726 -2.898790 -3.702922 
  

-2.068022 -2.256673 -3.689847
 -2.064387 -2.272359 -3.691221 
  

-1.677483 -3.298588 -3.678135
 -1.731763 -3.183427 -3.687105 
  

-2.226260 -0.975683 -3.727472
 -0.094281 -0.627729 -1.923605 
  

-0.094281 -0.627729 -1.923605
 -2.081890 -2.189420 -3.682772 
  

-2.081890 -2.189420 -3.682772
 -2.094741 -2.127639 -3.689647 
  

-2.226260 -0.975683 -3.727472
 -2.225425 -1.028006 -3.730049 
  

-2.168783 -1.667288 -3.722720
 -2.194268 -1.468573 -3.731584 
  

-2.113547 -2.029591 -3.699229
 -2.142660 -1.848331 -3.712217 
  

-2.094741 -2.127639 -3.689647
 -2.113547 -2.029591 -3.699229 
  

-2.194268 -1.468573 -3.731584
 -2.209403 -1.321573 -3.735033 
  

-2.168783 -1.667288 -3.722720
 -2.142660 -1.848331 -3.712217 
  

-2.225425 -1.028006 -3.730049
 -2.221504 -1.150811 -3.734459 
  

-2.209403 -1.321573 -3.735033
 -2.221504 -1.150811 -3.734459 
  

2.380535 1.838920 -4.373875
 2.623896 2.973462 -3.883311 
  

2.411640 1.787552 -4.364668
 2.987980 1.945002 -3.891918 
  

2.380535 1.838920 -4.373875
 2.411640 1.787552 -4.364668 
  

3.153857 0.607333 -3.871270
 2.411299 1.751115 -4.367981 
  

2.411640 1.787552 -4.364668
 2.987980 1.945002 -3.891918 
  

3.153857 0.607333 -3.871270
 3.169588 0.603287 -3.859063 
  

2.411299 1.751115 -4.367981
 2.411640 1.787552 -4.364668 
  

3.009565 1.861930 -3.881637
 2.987980 1.945002 -3.891918 
  

3.111746 1.349102 -3.842949
 3.129186 1.202090 -3.841309 
  

3.036331 1.747696 -3.869825
 3.079462 1.541769 -3.852615 
  

3.156809 0.885092 -3.845736
 3.145970 1.023994 -3.842787 
  

3.111746 1.349102 -3.842949
 3.094155 1.465461 -3.847267 
  

3.165462 0.744468 -3.850571
 3.163144 0.794763 -3.848222 
  

3.009565 1.861930 -3.881637
 3.036331 1.747696 -3.869825 
  

3.169588 0.603287 -3.859063
 3.165462 0.744468 -3.850571 
  

3.156809 0.885092 -3.845736
 3.163144 0.794763 -3.848222 
  

3.129186 1.202090 -3.841309
 3.145970 1.023994 -3.842787 
  

3.079462 1.541769 -3.852615
 3.094155 1.465461 -3.847267 
  

2.462525 -0.436347 -4.360679
 3.153857 0.607333 -3.871270 
  

3.153857 0.607333 -3.871270
 3.169588 0.603287 -3.859063 
  

2.465063 -0.458462 -4.357883
 3.106199 -0.553836 -3.863040 
  

2.462525 -0.436347 -4.360679
 2.465063 -0.458462 -4.357883 
  

3.115013 -0.501314 -3.858312
 3.106199 -0.553836 -3.863040 
  

3.156272 -0.132974 -3.840895
 3.164941 0.004211 -3.839540 
  

3.129163 -0.402537 -3.851277
 3.145599 -0.255128 -3.844365 
  

3.173990 0.255810 -3.842302
 3.173512 0.224007 -3.841443 
  

3.164941 0.004211 -3.839540
 3.173512 0.224007 -3.841443 
  

3.115013 -0.501314 -3.858312
 3.129163 -0.402537 -3.851277 
  

3.173727 0.480722 -3.851169
 3.173990 0.255810 -3.842302 
  

3.169588 0.603287 -3.859063
 3.173727 0.480722 -3.851169 
  

3.156272 -0.132974 -3.840895
 3.145599 -0.255128 -3.844365 
  

2.451039 -0.487209 -4.362243
 2.810767 -1.704601 -3.840568 
  

2.465063 -0.458462 -4.357883
 3.106199 -0.553836 -3.863040 
  

2.451039 -0.487209 -4.362243
 2.465063 -0.458462 -4.357883 
  

3.106199 -0.553836 -3.863040
 3.094486 -0.624776 -3.856841 
  

2.810767 -1.704601 -3.840568
 2.828158 -1.654004 -3.838296 
  

2.999004 -1.072051 -3.833779
 2.937669 -1.303812 -3.830613 
  

3.070444 -0.751696 -3.848036
 3.020474 -0.985368 -3.836052 
  

2.828158 -1.654004 -3.838296
 2.884720 -1.480593 -3.832763 
  

3.094486 -0.624776 -3.856841
 3.070444 -0.751696 -3.848036 
  

2.999004 -1.072051 -3.833779
 3.020474 -0.985368 -3.836052 
  

2.937669 -1.303812 -3.830613
 2.884720 -1.480593 -3.832763 
  

1.754561 -2.490076 -4.349075
 2.807609 -1.713835 -3.840473 
  

1.744748 -2.523779 -4.345323
 2.276366 -2.873818 -3.850570 
  

1.754561 -2.490076 -4.349075
 1.744748 -2.523779 -4.345323 
  

2.807609 -1.713835 -3.840473
 2.776921 -1.804058 -3.833609 
  

2.528215 -2.392674 -3.823721
 2.606304 -2.226938 -3.820706 
  

2.729318 -1.930294 -3.827362
 2.654802 -2.114794 -3.821788 
  

2.297814 -2.835704 -3.847366
 2.407640 -2.633184 -3.833317 
  

2.528215 -2.392674 -3.823721
 2.408044 -2.632408 -3.833275 
  

2.606304 -2.226938 -3.820706
 2.654802 -2.114794 -3.821788 
  

2.776921 -1.804058 -3.833609
 2.731327 -1.925207 -3.827549 
  

2.407640 -2.633184 -3.833317
 2.408044 -2.632408 -3.833275 
  

2.276366 -2.873818 -3.850570
 2.297814 -2.835704 -3.847366 
  

2.729318 -1.930294 -3.827362
 2.731327 -1.925207 -3.827549 
  

1.694100 -2.567646 -4.356556
 1.559033 -3.791823 -3.871697 
  

1.744748 -2.523779 -4.345323
 2.276366 -2.873818 -3.850570 
  

1.694100 -2.567646 -4.356556
 1.744748 -2.523779 -4.345323 
  

2.241506 -2.936490 -3.843199
 2.215691 -2.981172 -3.838545 
  

1.559033 -3.791823 -3.871697
 1.685563 -3.659932 -3.854005 
  

2.066175 -3.201433 -3.829502
 1.928778 -3.384387 -3.830238 
  

1.847488 -3.479330 -3.836858
 1.928778 -3.384387 -3.830238 
  

2.184517 -3.029599 -3.835496
 2.102981 -3.149881 -3.830487 
  

2.215691 -2.981172 -3.838545
 2.184517 -3.029599 -3.835496 
  

2.066175 -3.201433 -3.829502
 2.102981 -3.149881 -3.830487 
  

1.746728 -3.594067 -3.846433
 1.847488 -3.479330 -3.836858 
  

1.685563 -3.659932 -3.854005
 1.746728 -3.594067 -3.846433 
  

2.276366 -2.873818 -3.850570
 2.241506 -2.936490 -3.843199 
  

0.252541 -4.173949 -4.409419
 1.540890 -3.810789 -3.872933 
  

0.252541 -4.173949 -4.409419
 0.540930 -4.654304 -3.883428 
  

0.636651 -4.587044 -3.872677
 0.600393 -4.612812 -3.876540 
  

1.540890 -3.810789 -3.872933
 1.539349 -3.812414 -3.872714 
  

1.087193 -4.240371 -3.843825
 1.118652 -4.213939 -3.843418 
  

1.311675 -4.038813 -3.850283
 1.242210 -4.103139 -3.846871 
  

0.845440 -4.433649 -3.854060
 1.087193 -4.240371 -3.843825 
  

0.636651 -4.587044 -3.872677
 0.845440 -4.433649 -3.854060 
  

1.539349 -3.812414 -3.872714
 1.404681 -3.949845 -3.856904 
  

1.118652 -4.213939 -3.843418
 1.242210 -4.103139 -3.846871 
  

0.540930 -4.654304 -3.883428
 0.600393 -4.612812 -3.876540 
  

1.311675 -4.038813 -3.850283
 1.404681 -3.949845 -3.856904 
  

0.249086 -4.173287 -4.411604
 0.252541 -4.173949 -4.409419 
  

0.229991 -4.182982 -4.412888
 -0.365444 -5.203406 -3.872491 
  

0.252541 -4.173949 -4.409419
 0.540930 -4.654304 -3.883428 
  

-0.365444 -5.203406 -3.872491
 -0.365712 -5.204710 -3.871565 
  

0.249086 -4.173287 -4.411604
 0.229991 -4.182982 -4.412888 
  

-0.350901 -5.217621 -3.854056
 -0.240420 -5.159291 -3.848436 
  

0.170778 -4.908203 -3.854994
 -0.134630 -5.095566 -3.849418 
  

-0.365712 -5.204710 -3.871565
 -0.350901 -5.217621 -3.854056 
  

0.348284 -4.790482 -3.865368
 0.269691 -4.844166 -3.859512 
  

0.170778 -4.908203 -3.854994
 0.269691 -4.844166 -3.859512 
  

0.540930 -4.654304 -3.883428
 0.348284 -4.790482 -3.865368 
  

-0.240420 -5.159291 -3.848436
 -0.134630 -5.095566 -3.849418 
  

-0.559977 -4.088200 -4.401638
 -0.365444 -5.203406 -3.872491 
  

-0.365444 -5.203406 -3.872491
 -0.365712 -5.204710 -3.871565 
  

-0.561354 -4.086851 -4.401570
 -0.980369 -4.493592 -3.904983 
  

-0.559977 -4.088200 -4.401638
 -0.561354 -4.086851 -4.401570 
  

-0.816118 -4.711888 -3.879585
 -0.980369 -4.493592 -3.904983 
  

-0.392965 -5.179835 -3.869171
 -0.592690 -4.973640 -3.865538 
  

-0.804038 -4.726462 -3.878580
 -0.592690 -4.973640 -3.865538 
  

-0.365712 -5.204710 -3.871565
 -0.392965 -5.179835 -3.869171 
  

-0.816118 -4.711888 -3.879585
 -0.804038 -4.726462 -3.878580 
  

-0.576624 -4.053158 -4.405049
 -1.599309 -3.449927 -3.902783 
  

-0.561354 -4.086851 -4.401570
 -0.980369 -4.493592 -3.904983 
  

-1.599309 -3.449927 -3.902783
 -1.604009 -3.450289 -3.899081 
  

-0.576624 -4.053158 -4.405049
 -0.561354 -4.086851 -4.401570 
  

-0.980369 -4.493592 -3.904983
 -1.000950 -4.466121 -3.901694 
  

-1.604009 -3.450289 -3.899081
 -1.563761 -3.532398 -3.892890 
  

-1.269861 -4.067972 -3.876148
 -1.314390 -3.992676 -3.876083 
  

-1.127004 -4.285629 -3.886987
 -1.269861 -4.067972 -3.876148 
  

-1.474351 -3.707746 -3.882275
 -1.428623 -3.792441 -3.879064 
  

-1.314390 -3.992676 -3.876083
 -1.428623 -3.792441 -3.879064 
  

-1.000950 -4.466121 -3.901694
 -1.056117 -4.390019 -3.893972 
  

-1.563761 -3.532398 -3.892890
 -1.474351 -3.707746 -3.882275 
  

-1.127004 -4.285629 -3.886987
 -1.056117 -4.390019 -3.893972 
  

-1.488630 -2.102303 -4.384312
 -1.599309 -3.449927 -3.902783 
  

-1.599309 -3.449927 -3.902783
 -1.604009 -3.450289 -3.899081 
  

-1.512421 -2.063638 -4.377497
 -2.078745 -2.210892 -3.900894 
  

-1.488630 -2.102303 -4.384312
 -1.512421 -2.063638 -4.377497 
  

-1.604009 -3.450289 -3.899081
 -1.709951 -3.233901 -3.881758 
  

-1.895959 -2.801493 -3.866801
 -1.970890 -2.588145 -3.872307 
  

-1.774131 -3.097324 -3.872881
 -1.847245 -2.924541 -3.867831 
  

-2.063986 -2.274553 -3.893437
 -2.016893 -2.446644 -3.878785 
  

-1.970890 -2.588145 -3.872307
 -2.016893 -2.446644 -3.878785 
  

-1.895959 -2.801493 -3.866801
 -1.847245 -2.924541 -3.867831 
  

-2.078745 -2.210892 -3.900894
 -2.063986 -2.274553 -3.893437 
  

-1.709951 -3.233901 -3.881758
 -1.774131 -3.097324 -3.872881 
  

-2.224731 -0.980110 -3.885822
 -1.511362 -2.026275 -4.381540 
  

-1.512421 -2.063638 -4.377497
 -2.078745 -2.210892 -3.900894 
  

-1.511362 -2.026275 -4.381540
 -1.512421 -2.063638 -4.377497 
  

-2.102068 -2.100362 -3.891172
 -2.083420 -2.190718 -3.898777 
  

-2.211874 -1.269770 -3.871751
 -2.193557 -1.503573 -3.866898 
  

-2.137127 -1.915862 -3.878115
 -2.152224 -1.819715 -3.873911 
  

-2.221080 -1.099522 -3.878670
 -2.211874 -1.269770 -3.871751 
  

-2.102068 -2.100362 -3.891172
 -2.137127 -1.915862 -3.878115 
  

-2.184761 -1.589408 -3.866814
 -2.193557 -1.503573 -3.866898 
  

-2.152224 -1.819715 -3.873911
 -2.184761 -1.589408 -3.866814 
  

-2.224731 -0.980110 -3.885822
 -2.221080 -1.099522 -3.878670 
  

-2.078745 -2.210892 -3.900894
 -2.083420 -2.190718 -3.898777 
  

2.380535 1.838920 -4.373875
 1.670963 2.560891 -4.622949 
  

2.069241 0.599189 -4.618259
 2.411299 1.751115 -4.367981 
  

2.380535 1.838920 -4.373875
 2.411640 1.787552 -4.364668 
  

2.411299 1.751115 -4.367981
 2.411640 1.787552 -4.364668 
  

2.462525 -0.436347 -4.360679
 2.069241 0.599189 -4.618259 
  

1.767291 -1.312203 -4.617151
 2.451039 -0.487209 -4.362243 
  

2.462525 -0.436347 -4.360679
 2.465063 -0.458462 -4.357883 
  

2.451039 -0.487209 -4.362243
 2.465063 -0.458462 -4.357883 
  

1.754561 -2.490076 -4.349075
 1.752036 -1.355147 -4.617081 
  

0.837786 -3.030737 -4.611991
 1.694100 -2.567646 -4.356556 
  

1.754561 -2.490076 -4.349075
 1.744748 -2.523779 -4.345323 
  

1.694100 -2.567646 -4.356556
 1.744748 -2.523779 -4.345323 
  

0.837786 -3.030737 -4.611991
 0.836258 -3.024102 -4.614202 
  

1.752036 -1.355147 -4.617081
 0.836258 -3.024102 -4.614202 
  

0.249086 -4.173287 -4.411604
 0.837786 -3.030737 -4.611991 
  

-0.090403 -3.733583 -4.608529
 0.229991 -4.182982 -4.412888 
  

0.249086 -4.173287 -4.411604
 0.229991 -4.182982 -4.412888 
  

0.837786 -3.030737 -4.611991
 0.836258 -3.024102 -4.614202 
  

-0.090403 -3.733583 -4.608529
 -0.088394 -3.717105 -4.612791 
  

0.836258 -3.024102 -4.614202
 -0.088394 -3.717105 -4.612791 
  

-0.559977 -4.088200 -4.401638
 -0.090403 -3.733583 -4.608529 
  

-0.807023 -2.852844 -4.613703
 -0.576624 -4.053158 -4.405049 
  

-0.559977 -4.088200 -4.401638
 -0.561354 -4.086851 -4.401570 
  

-0.576624 -4.053158 -4.405049
 -0.561354 -4.086851 -4.401570 
  

-0.090403 -3.733583 -4.608529
 -0.088394 -3.717105 -4.612791 
  

-0.807023 -2.852844 -4.613703
 -0.806840 -2.852602 -4.613808 
  

-0.088394 -3.717105 -4.612791
 -0.806840 -2.852602 -4.613808 
  

-1.488630 -2.102303 -4.384312
 -0.807023 -2.852844 -4.613703 
  

-1.218426 -0.922727 -4.616552
 -1.511362 -2.026275 -4.381540 
  

-1.488630 -2.102303 -4.384312
 -1.512421 -2.063638 -4.377497 
  

-1.511362 -2.026275 -4.381540
 -1.512421 -2.063638 -4.377497 
  

-0.807023 -2.852844 -4.613703
 -0.806840 -2.852602 -4.613808 
  

1.668754 2.565762 -4.622955
 1.670963 2.560891 -4.622949 
  

1.767291 -1.312203 -4.617151
 1.752036 -1.355147 -4.617081 
  

-1.218426 -0.922727 -4.616552
 -1.221588 -0.802177 -4.616732 
  

1.752036 -1.355147 -4.617081
 0.836258 -3.024102 -4.614202 
  

0.836258 -3.024102 -4.614202
 -0.088394 -3.717105 -4.612791 
  

-0.088394 -3.717105 -4.612791
 -0.806840 -2.852602 -4.613808 
  

0.567307 -0.133429 -1.368380
 0.559855 -0.117226 -1.368380 
  

0.567307 -0.133429 -1.368380
 0.567753 -0.140887 -1.368380 
  

0.567753 -0.140887 -1.368380
 0.560789 -0.148255 -1.368380 
  

0.560789 -0.148255 -1.368380
 0.554269 -0.133219 -1.368380 
  

0.554269 -0.133219 -1.368380
 0.554177 -0.128597 -1.368380 
  

0.708056 -4.545499 -3.617114
 0.585889 -4.633155 -3.607576 
  

0.585889 -4.633155 -3.607576
 0.458062 -4.724392 -3.610518 
  

0.636651 -4.587044 -3.872677
 0.600393 -4.612812 -3.876540 
  

0.708056 -4.545499 -3.617114
 0.636651 -4.587044 -3.872677 
  

0.458062 -4.724392 -3.610518
 0.600393 -4.612812 -3.876540 
  

-0.982681 -4.485961 -3.657155
 -0.832635 -4.685710 -3.652131 
  

-0.816118 -4.711888 -3.879585
 -0.980369 -4.493592 -3.904983 
  

-0.980369 -4.493592 -3.904983
 -1.000950 -4.466121 -3.901694 
  

-0.982681 -4.485961 -3.657155
 -1.000950 -4.466121 -3.901694 
  

-0.832635 -4.685710 -3.652131
 -0.816118 -4.711888 -3.879585 
  

2.265878 -2.906799 -3.603082
 2.219466 -2.986175 -3.613424 
  

2.241506 -2.936490 -3.843199
 2.215691 -2.981172 -3.838545 
  

2.219466 -2.986175 -3.613424
 2.215691 -2.981172 -3.838545 
  

2.265878 -2.906799 -3.603082
 2.241506 -2.936490 -3.843199 
  

-1.650788 -3.353041 -3.673183
 -1.575204 -3.507377 -3.679832 
  

-1.650788 -3.353041 -3.673183
 -1.677483 -3.298588 -3.678135 
  

-1.604009 -3.450289 -3.899081
 -1.563761 -3.532398 -3.892890 
  

-1.604009 -3.450289 -3.899081
 -1.709951 -3.233901 -3.881758 
  

-1.575204 -3.507377 -3.679832
 -1.563761 -3.532398 -3.892890 
  

-1.677483 -3.298588 -3.678135
 -1.709951 -3.233901 -3.881758 
  

3.108916 -0.558672 -3.631303
 3.115149 -0.520746 -3.636581 
  

3.091734 -0.660975 -3.641523
 3.108916 -0.558672 -3.631303 
  

3.115013 -0.501314 -3.858312
 3.106199 -0.553836 -3.863040 
  

3.106199 -0.553836 -3.863040
 3.094486 -0.624776 -3.856841 
  

3.115149 -0.520746 -3.636581
 3.115013 -0.501314 -3.858312 
  

3.091734 -0.660975 -3.641523
 3.094486 -0.624776 -3.856841 
  

1.559033 -3.791823 -3.871697
 1.540890 -3.810789 -3.872933 
  

1.568025 -3.793251 -3.616026
 1.668233 -3.687850 -3.624331 
  

1.568025 -3.793251 -3.616026
 1.559485 -3.802171 -3.616769 
  

1.559033 -3.791823 -3.871697
 1.685563 -3.659932 -3.854005 
  

1.540890 -3.810789 -3.872933
 1.539349 -3.812414 -3.872714 
  

1.559485 -3.802171 -3.616769
 1.539349 -3.812414 -3.872714 
  

1.668233 -3.687850 -3.624331
 1.685563 -3.659932 -3.854005 
  

-2.081890 -2.189420 -3.682772
 -2.068022 -2.256673 -3.689847 
  

-2.081890 -2.189420 -3.682772
 -2.094741 -2.127639 -3.689647 
  

-2.102068 -2.100362 -3.891172
 -2.083420 -2.190718 -3.898777 
  

-2.094741 -2.127639 -3.689647
 -2.102068 -2.100362 -3.891172 
  

-2.068022 -2.256673 -3.689847
 -2.083420 -2.190718 -3.898777 
  

2.834862 -1.649647 -3.662498
 2.803581 -1.741038 -3.662151 
  

2.810767 -1.704601 -3.840568
 2.807609 -1.713835 -3.840473 
  

2.834862 -1.649647 -3.662498
 2.855899 -1.587945 -3.665478 
  

2.803581 -1.741038 -3.662151
 2.780685 -1.807656 -3.665082 
  

2.810767 -1.704601 -3.840568
 2.828158 -1.654004 -3.838296 
  

2.807609 -1.713835 -3.840473
 2.776921 -1.804058 -3.833609 
  

2.780685 -1.807656 -3.665082
 2.776921 -1.804058 -3.833609 
  

2.854842 -1.586806 -3.714301
 2.828158 -1.654004 -3.838296 
  

2.855899 -1.587945 -3.665478
 2.854842 -1.586806 -3.714301 
  

3.175237 0.602121 -3.681116
 3.174361 0.636124 -3.684194 
  

3.175237 0.602121 -3.681116
 3.178648 0.452889 -3.685430 
  

3.174361 0.636124 -3.684194
 3.173144 0.639644 -3.730328 
  

3.178648 0.452889 -3.685430
 3.174286 0.484801 -3.832338 
  

3.173144 0.639644 -3.730328
 3.174286 0.484801 -3.832338 
  

-0.338667 -5.218982 -3.591111
 -0.221874 -5.156900 -3.599266 
  

-0.338667 -5.218982 -3.591111
 -0.339568 -5.219441 -3.591735 
  

-0.350901 -5.217621 -3.854056
 -0.240420 -5.159291 -3.848436 
  

-0.339568 -5.219441 -3.591735
 -0.350901 -5.217621 -3.854056 
  

-0.221874 -5.156900 -3.599266
 -0.240420 -5.159291 -3.848436 
  

-0.600392 -4.959618 -3.631737
 -0.406840 -5.158634 -3.604273 
  

-0.392965 -5.179835 -3.869171
 -0.592690 -4.973640 -3.865538 
  

-0.600392 -4.959618 -3.631737
 -0.592690 -4.973640 -3.865538 
  

-0.406840 -5.158634 -3.604273
 -0.392965 -5.179835 -3.869171 
  

-1.899041 -2.791946 -3.705689
 -1.965601 -2.602404 -3.704722 
  

-1.895959 -2.801493 -3.866801
 -1.970890 -2.588145 -3.872307 
  

-1.965601 -2.602404 -3.704722
 -1.970890 -2.588145 -3.872307 
  

-1.899041 -2.791946 -3.705689
 -1.895959 -2.801493 -3.866801 
  

3.115983 1.340467 -3.713185
 3.136049 1.171291 -3.711450 
  

3.111746 1.349102 -3.842949
 3.129186 1.202090 -3.841309 
  

3.115983 1.340467 -3.713185
 3.111746 1.349102 -3.842949 
  

3.136049 1.171291 -3.711450
 3.135730 1.165625 -3.751393 
  

3.129186 1.202090 -3.841309
 3.135730 1.165625 -3.751393 
  

2.553854 -2.349964 -3.656357
 2.603606 -2.243811 -3.662378 
  

2.528215 -2.392674 -3.823721
 2.606304 -2.226938 -3.820706 
  

2.526929 -2.396711 -3.805188
 2.528215 -2.392674 -3.823721 
  

2.603606 -2.243811 -3.662378
 2.606304 -2.226938 -3.820706 
  

2.553854 -2.349964 -3.656357
 2.526929 -2.396711 -3.805188 
  

-2.168783 -1.667288 -3.722720
 -2.194268 -1.468573 -3.731584 
  

-2.194268 -1.468573 -3.731584
 -2.184815 -1.587899 -3.862086 
  

-2.168783 -1.667288 -3.722720
 -2.184815 -1.587899 -3.862086 
  

2.047206 -3.237449 -3.631691
 1.951401 -3.364809 -3.636097 
  

2.066175 -3.201433 -3.829502
 1.928778 -3.384387 -3.830238 
  

1.951401 -3.364809 -3.636097
 1.928778 -3.384387 -3.830238 
  

2.047206 -3.237449 -3.631691
 2.066175 -3.201433 -3.829502 
  

1.034909 -4.290591 -3.632345
 1.149073 -4.194573 -3.634141 
  

1.087193 -4.240371 -3.843825
 1.118652 -4.213939 -3.843418 
  

1.034909 -4.290591 -3.632345
 1.087193 -4.240371 -3.843825 
  

1.149073 -4.194573 -3.634141
 1.118652 -4.213939 -3.843418 
  

-1.268606 -4.066732 -3.684880
 -1.332140 -3.959333 -3.686631 
  

-1.269861 -4.067972 -3.876148
 -1.314390 -3.992676 -3.876083 
  

-1.268606 -4.066732 -3.684880
 -1.269861 -4.067972 -3.876148 
  

-1.332140 -3.959333 -3.686631
 -1.314390 -3.992676 -3.876083 
  

3.161344 -0.126010 -3.674749
 3.171824 0.044097 -3.682732 
  

3.156272 -0.132974 -3.840895
 3.164941 0.004211 -3.839540 
  

3.171824 0.044097 -3.682732
 3.164941 0.004211 -3.839540 
  

3.161344 -0.126010 -3.674749
 3.156272 -0.132974 -3.840895 
  

2.981731 -1.159675 -3.668864
 2.962389 -1.232462 -3.670040 
  

2.999004 -1.072051 -3.833779
 2.937669 -1.303812 -3.830613 
  

2.962389 -1.232462 -3.670040
 2.937772 -1.304044 -3.826052 
  

2.981731 -1.159675 -3.668864
 2.999004 -1.072051 -3.833779 
  

2.937669 -1.303812 -3.830613
 2.937772 -1.304044 -3.826052 
  

0.172239 -4.916422 -3.610994
 -0.085839 -5.074842 -3.603796 
  

0.170778 -4.908203 -3.854994
 -0.134630 -5.095566 -3.849418 
  

0.172239 -4.916422 -3.610994
 0.170778 -4.908203 -3.854994 
  

-0.085839 -5.074842 -3.603796
 -0.134630 -5.095566 -3.849418 
  

3.046907 1.720302 -3.696301
 3.078197 1.567862 -3.706163 
  

3.036331 1.747696 -3.869825
 3.079462 1.541769 -3.852615 
  

3.046907 1.720302 -3.696301
 3.036331 1.747696 -3.869825 
  

3.078197 1.567862 -3.706163
 3.079462 1.541769 -3.852615 
  

-2.211874 -1.269770 -3.871751
 -2.193557 -1.503573 -3.866898 
  

-2.212129 -1.267201 -3.867731
 -2.211874 -1.269770 -3.871751 
  

-2.208085 -1.338072 -3.752584
 -2.193557 -1.503573 -3.866898 
  

-2.212129 -1.267201 -3.867731
 -2.208085 -1.338072 -3.752584 
  

-0.767996 -4.763707 -3.647084
 -0.600392 -4.959618 -3.631737 
  

-0.804038 -4.726462 -3.878580
 -0.592690 -4.973640 -3.865538 
  

-0.600392 -4.959618 -3.631737
 -0.592690 -4.973640 -3.865538 
  

-0.767996 -4.763707 -3.647084
 -0.804038 -4.726462 -3.878580 
  

-1.109444 -4.308815 -3.671629
 -1.268606 -4.066732 -3.684880 
  

-1.127004 -4.285629 -3.886987
 -1.269861 -4.067972 -3.876148 
  

-1.268606 -4.066732 -3.684880
 -1.269861 -4.067972 -3.876148 
  

-1.109444 -4.308815 -3.671629
 -1.127004 -4.285629 -3.886987 
  

-1.783860 -3.070728 -3.695176
 -1.856726 -2.898790 -3.702922 
  

-1.774131 -3.097324 -3.872881
 -1.847245 -2.924541 -3.867831 
  

-1.783860 -3.070728 -3.695176
 -1.774390 -3.095178 -3.797430 
  

-1.856726 -2.898790 -3.702922
 -1.847245 -2.924541 -3.867831 
  

-1.774131 -3.097324 -3.872881
 -1.774390 -3.095178 -3.797430 
  

1.337317 -4.022490 -3.630160
 1.211482 -4.138701 -3.633416 
  

1.311675 -4.038813 -3.850283
 1.242210 -4.103139 -3.846871 
  

1.211482 -4.138701 -3.633416
 1.242210 -4.103139 -3.846871 
  

1.337317 -4.022490 -3.630160
 1.311675 -4.038813 -3.850283 
  

2.729318 -1.930294 -3.827362
 2.654802 -2.114794 -3.821788 
  

2.677517 -2.071026 -3.691963
 2.654802 -2.114794 -3.821788 
  

2.729318 -1.930294 -3.827362
 2.677517 -2.071026 -3.691963 
  

1.768774 -3.578814 -3.631138
 1.951401 -3.364809 -3.636097 
  

1.847488 -3.479330 -3.836858
 1.928778 -3.384387 -3.830238 
  

1.951401 -3.364809 -3.636097
 1.928778 -3.384387 -3.830238 
  

1.770598 -3.575345 -3.668582
 1.847488 -3.479330 -3.836858 
  

1.768774 -3.578814 -3.631138
 1.770598 -3.575345 -3.668582 
  

-2.064387 -2.272359 -3.691221
 -2.019494 -2.436494 -3.700859 
  

-2.063986 -2.274553 -3.893437
 -2.016893 -2.446644 -3.878785 
  

-2.019494 -2.436494 -3.700859
 -2.016893 -2.446644 -3.878785 
  

-2.064387 -2.272359 -3.691221
 -2.063986 -2.274553 -3.893437 
  

2.348437 -2.758296 -3.621888
 2.372357 -2.713606 -3.626819 
  

2.297814 -2.835704 -3.847366
 2.407640 -2.633184 -3.833317 
  

2.372357 -2.713606 -3.626819
 2.407640 -2.633184 -3.833317 
  

2.348437 -2.758296 -3.621888
 2.297814 -2.835704 -3.847366 
  

3.060764 -0.822036 -3.654257
 3.026407 -0.980416 -3.663435 
  

3.070444 -0.751696 -3.848036
 3.020474 -0.985368 -3.836052 
  

3.060764 -0.822036 -3.654257
 3.070444 -0.751696 -3.848036 
  

3.026407 -0.980416 -3.663435
 3.020474 -0.985368 -3.836052 
  

3.140665 -0.339497 -3.657972
 3.152535 -0.229899 -3.667711 
  

3.129163 -0.402537 -3.851277
 3.145599 -0.255128 -3.844365 
  

3.140665 -0.339497 -3.657972
 3.129163 -0.402537 -3.851277 
  

3.152535 -0.229899 -3.667711
 3.145599 -0.255128 -3.844365 
  

0.882739 -4.412713 -3.626993
 1.034909 -4.290591 -3.632345 
  

0.845440 -4.433649 -3.854060
 1.087193 -4.240371 -3.843825 
  

1.034909 -4.290591 -3.632345
 1.087193 -4.240371 -3.843825 
  

0.842434 -4.437741 -3.811327
 0.845440 -4.433649 -3.854060 
  

0.882739 -4.412713 -3.626993
 0.842434 -4.437741 -3.811327 
  

3.178613 0.307828 -3.686615
 3.176335 0.161578 -3.685797 
  

3.173990 0.255810 -3.842302
 3.173512 0.224007 -3.841443 
  

3.176335 0.161578 -3.685797
 3.173512 0.224007 -3.841443 
  

3.178613 0.307828 -3.686615
 3.173990 0.255810 -3.842302 
  

2.151806 -3.090491 -3.623209
 2.137814 -3.110989 -3.624733 
  

2.184517 -3.029599 -3.835496
 2.102981 -3.149881 -3.830487 
  

2.151806 -3.090491 -3.623209
 2.184517 -3.029599 -3.835496 
  

2.137814 -3.110989 -3.624733
 2.102981 -3.149881 -3.830487 
  

-1.483948 -3.686544 -3.685501
 -1.417868 -3.809044 -3.687228 
  

-1.474351 -3.707746 -3.882275
 -1.428623 -3.792441 -3.879064 
  

-1.417868 -3.809044 -3.687228
 -1.428623 -3.792441 -3.879064 
  

-1.483948 -3.686544 -3.685501
 -1.474351 -3.707746 -3.882275 
  

-2.113547 -2.029591 -3.699229
 -2.142660 -1.848331 -3.712217 
  

-2.137127 -1.915862 -3.878115
 -2.152224 -1.819715 -3.873911 
  

-2.113547 -2.029591 -3.699229
 -2.137127 -1.915862 -3.878115 
  

-2.142660 -1.848331 -3.712217
 -2.152224 -1.819715 -3.873911 
  

-0.339568 -5.219441 -3.591735
 -0.406840 -5.158634 -3.604273 
  

-0.365712 -5.204710 -3.871565
 -0.350901 -5.217621 -3.854056 
  

-0.365712 -5.204710 -3.871565
 -0.392965 -5.179835 -3.869171 
  

-0.339568 -5.219441 -3.591735
 -0.350901 -5.217621 -3.854056 
  

-0.406840 -5.158634 -3.604273
 -0.392965 -5.179835 -3.869171 
  

2.896848 -1.458149 -3.668914
 2.962389 -1.232462 -3.670040 
  

2.962389 -1.232462 -3.670040
 2.937772 -1.304044 -3.826052 
  

2.896848 -1.458149 -3.668914
 2.898632 -1.446417 -3.735263 
  

2.937772 -1.304044 -3.826052
 2.898632 -1.446417 -3.735263 
  

0.348284 -4.790482 -3.865368
 0.269691 -4.844166 -3.859512 
  

0.321275 -4.818168 -3.664867
 0.269691 -4.844166 -3.859512 
  

0.348284 -4.790482 -3.865368
 0.321275 -4.818168 -3.664867 
  

2.528215 -2.392674 -3.823721
 2.408044 -2.632408 -3.833275 
  

2.526929 -2.396711 -3.805188
 2.528215 -2.392674 -3.823721 
  

2.447308 -2.566640 -3.671055
 2.526929 -2.396711 -3.805188 
  

2.408044 -2.632408 -3.833275
 2.447308 -2.566640 -3.671055 
  

-2.221080 -1.099522 -3.878670
 -2.211874 -1.269770 -3.871751 
  

-2.212129 -1.267201 -3.867731
 -2.211874 -1.269770 -3.871751 
  

-2.221080 -1.099522 -3.878670
 -2.220639 -1.157456 -3.780912 
  

-2.212129 -1.267201 -3.867731
 -2.220639 -1.157456 -3.780912 
  

3.115983 1.340467 -3.713185
 3.095872 1.474573 -3.710924 
  

3.111746 1.349102 -3.842949
 3.094155 1.465461 -3.847267 
  

3.115983 1.340467 -3.713185
 3.111746 1.349102 -3.842949 
  

3.095872 1.474573 -3.710924
 3.094155 1.465461 -3.847267 
  

3.174361 0.636124 -3.684194
 3.166106 0.805379 -3.696155 
  

3.165462 0.744468 -3.850571
 3.163144 0.794763 -3.848222 
  

3.174361 0.636124 -3.684194
 3.173144 0.639644 -3.730328 
  

3.165462 0.744468 -3.850571
 3.173144 0.639644 -3.730328 
  

3.166106 0.805379 -3.696155
 3.163144 0.794763 -3.848222 
  

0.708056 -4.545499 -3.617114
 0.791681 -4.483492 -3.622631 
  

0.636651 -4.587044 -3.872677
 0.845440 -4.433649 -3.854060 
  

0.708056 -4.545499 -3.617114
 0.636651 -4.587044 -3.872677 
  

0.842434 -4.437741 -3.811327
 0.845440 -4.433649 -3.854060 
  

0.791681 -4.483492 -3.622631
 0.842434 -4.437741 -3.811327 
  

1.559485 -3.802171 -3.616769
 1.415558 -3.947969 -3.626992 
  

1.539349 -3.812414 -3.872714
 1.404681 -3.949845 -3.856904 
  

1.559485 -3.802171 -3.616769
 1.539349 -3.812414 -3.872714 
  

1.415558 -3.947969 -3.626992
 1.404681 -3.949845 -3.856904 
  

-1.731763 -3.183427 -3.687105
 -1.783860 -3.070728 -3.695176 
  

-1.783860 -3.070728 -3.695176
 -1.774390 -3.095178 -3.797430 
  

-1.731763 -3.183427 -3.687105
 -1.774390 -3.095178 -3.797430 
  

-1.965601 -2.602404 -3.704722
 -2.019494 -2.436494 -3.700859 
  

-1.970890 -2.588145 -3.872307
 -2.016893 -2.446644 -3.878785 
  

-1.965601 -2.602404 -3.704722
 -1.970890 -2.588145 -3.872307 
  

-2.019494 -2.436494 -3.700859
 -2.016893 -2.446644 -3.878785 
  

2.603606 -2.243811 -3.662378
 2.678200 -2.071120 -3.667060 
  

2.606304 -2.226938 -3.820706
 2.654802 -2.114794 -3.821788 
  

2.603606 -2.243811 -3.662378
 2.606304 -2.226938 -3.820706 
  

2.677517 -2.071026 -3.691963
 2.654802 -2.114794 -3.821788 
  

2.678200 -2.071120 -3.667060
 2.677517 -2.071026 -3.691963 
  

3.171824 0.044097 -3.682732
 3.176335 0.161578 -3.685797 
  

3.164941 0.004211 -3.839540
 3.173512 0.224007 -3.841443 
  

3.171824 0.044097 -3.682732
 3.164941 0.004211 -3.839540 
  

3.176335 0.161578 -3.685797
 3.173512 0.224007 -3.841443 
  

3.115149 -0.520746 -3.636581
 3.140665 -0.339497 -3.657972 
  

3.115013 -0.501314 -3.858312
 3.129163 -0.402537 -3.851277 
  

3.115149 -0.520746 -3.636581
 3.115013 -0.501314 -3.858312 
  

3.140665 -0.339497 -3.657972
 3.129163 -0.402537 -3.851277 
  

2.780685 -1.807656 -3.665082
 2.741152 -1.912143 -3.666762 
  

2.776921 -1.804058 -3.833609
 2.731327 -1.925207 -3.827549 
  

2.780685 -1.807656 -3.665082
 2.776921 -1.804058 -3.833609 
  

2.741152 -1.912143 -3.666762
 2.731327 -1.925207 -3.827549 
  

2.828158 -1.654004 -3.838296
 2.884720 -1.480593 -3.832763 
  

2.854842 -1.586806 -3.714301
 2.828158 -1.654004 -3.838296 
  

2.885382 -1.481957 -3.804503
 2.854842 -1.586806 -3.714301 
  

2.884720 -1.480593 -3.832763
 2.885382 -1.481957 -3.804503 
  

0.172239 -4.916422 -3.610994
 0.326624 -4.816671 -3.612761 
  

0.170778 -4.908203 -3.854994
 0.269691 -4.844166 -3.859512 
  

0.172239 -4.916422 -3.610994
 0.170778 -4.908203 -3.854994 
  

0.321275 -4.818168 -3.664867
 0.269691 -4.844166 -3.859512 
  

0.326624 -4.816671 -3.612761
 0.321275 -4.818168 -3.664867 
  

3.178648 0.452889 -3.685430
 3.178613 0.307828 -3.686615 
  

3.173727 0.480722 -3.851169
 3.173990 0.255810 -3.842302 
  

3.178648 0.452889 -3.685430
 3.174286 0.484801 -3.832338 
  

3.178613 0.307828 -3.686615
 3.173990 0.255810 -3.842302 
  

3.173727 0.480722 -3.851169
 3.174286 0.484801 -3.832338 
  

-1.332140 -3.959333 -3.686631
 -1.417868 -3.809044 -3.687228 
  

-1.314390 -3.992676 -3.876083
 -1.428623 -3.792441 -3.879064 
  

-1.332140 -3.959333 -3.686631
 -1.314390 -3.992676 -3.876083 
  

-1.417868 -3.809044 -3.687228
 -1.428623 -3.792441 -3.879064 
  

-0.993489 -4.471088 -3.657343
 -0.982681 -4.485961 -3.657155 
  

-0.993489 -4.471088 -3.657343
 -1.078397 -4.354460 -3.668526 
  

-1.000950 -4.466121 -3.901694
 -1.056117 -4.390019 -3.893972 
  

-0.982681 -4.485961 -3.657155
 -1.000950 -4.466121 -3.901694 
  

-1.078397 -4.354460 -3.668526
 -1.056117 -4.390019 -3.893972 
  

-2.094741 -2.127639 -3.689647
 -2.113547 -2.029591 -3.699229 
  

-2.102068 -2.100362 -3.891172
 -2.137127 -1.915862 -3.878115 
  

-2.094741 -2.127639 -3.689647
 -2.102068 -2.100362 -3.891172 
  

-2.113547 -2.029591 -3.699229
 -2.137127 -1.915862 -3.878115 
  

2.219466 -2.986175 -3.613424
 2.151806 -3.090491 -3.623209 
  

2.215691 -2.981172 -3.838545
 2.184517 -3.029599 -3.835496 
  

2.219466 -2.986175 -3.613424
 2.215691 -2.981172 -3.838545 
  

2.151806 -3.090491 -3.623209
 2.184517 -3.029599 -3.835496 
  

3.091734 -0.660975 -3.641523
 3.060764 -0.822036 -3.654257 
  

3.094486 -0.624776 -3.856841
 3.070444 -0.751696 -3.848036 
  

3.091734 -0.660975 -3.641523
 3.094486 -0.624776 -3.856841 
  

3.060764 -0.822036 -3.654257
 3.070444 -0.751696 -3.848036 
  

-1.899041 -2.791946 -3.705689
 -1.856726 -2.898790 -3.702922 
  

-1.895959 -2.801493 -3.866801
 -1.847245 -2.924541 -3.867831 
  

-1.899041 -2.791946 -3.705689
 -1.895959 -2.801493 -3.866801 
  

-1.856726 -2.898790 -3.702922
 -1.847245 -2.924541 -3.867831 
  

2.981731 -1.159675 -3.668864
 3.026407 -0.980416 -3.663435 
  

2.999004 -1.072051 -3.833779
 3.020474 -0.985368 -3.836052 
  

2.981731 -1.159675 -3.668864
 2.999004 -1.072051 -3.833779 
  

3.026407 -0.980416 -3.663435
 3.020474 -0.985368 -3.836052 
  

-1.575204 -3.507377 -3.679832
 -1.483948 -3.686544 -3.685501 
  

-1.563761 -3.532398 -3.892890
 -1.474351 -3.707746 -3.882275 
  

-1.575204 -3.507377 -3.679832
 -1.563761 -3.532398 -3.892890 
  

-1.483948 -3.686544 -3.685501
 -1.474351 -3.707746 -3.882275 
  

-2.194268 -1.468573 -3.731584
 -2.209403 -1.321573 -3.735033 
  

-2.184761 -1.589408 -3.866814
 -2.193557 -1.503573 -3.866898 
  

-2.194268 -1.468573 -3.731584
 -2.184815 -1.587899 -3.862086 
  

-2.208085 -1.338072 -3.752584
 -2.193557 -1.503573 -3.866898 
  

-2.184761 -1.589408 -3.866814
 -2.184815 -1.587899 -3.862086 
  

-2.209403 -1.321573 -3.735033
 -2.208085 -1.338072 -3.752584 
  

-2.168783 -1.667288 -3.722720
 -2.142660 -1.848331 -3.712217 
  

-2.152224 -1.819715 -3.873911
 -2.184761 -1.589408 -3.866814 
  

-2.168783 -1.667288 -3.722720
 -2.184815 -1.587899 -3.862086 
  

-2.142660 -1.848331 -3.712217
 -2.152224 -1.819715 -3.873911 
  

-2.184761 -1.589408 -3.866814
 -2.184815 -1.587899 -3.862086 
  

2.047206 -3.237449 -3.631691
 2.137814 -3.110989 -3.624733 
  

2.066175 -3.201433 -3.829502
 2.102981 -3.149881 -3.830487 
  

2.047206 -3.237449 -3.631691
 2.066175 -3.201433 -3.829502 
  

2.137814 -3.110989 -3.624733
 2.102981 -3.149881 -3.830487 
  

3.013475 1.865849 -3.683809
 3.046907 1.720302 -3.696301 
  

3.009565 1.861930 -3.881637
 3.036331 1.747696 -3.869825 
  

3.046907 1.720302 -3.696301
 3.036331 1.747696 -3.869825 
  

1.746728 -3.594067 -3.846433
 1.847488 -3.479330 -3.836858 
  

1.770598 -3.575345 -3.668582
 1.847488 -3.479330 -3.836858 
  

1.746728 -3.594067 -3.846433
 1.770598 -3.575345 -3.668582 
  

1.149073 -4.194573 -3.634141
 1.211482 -4.138701 -3.633416 
  

1.118652 -4.213939 -3.843418
 1.242210 -4.103139 -3.846871 
  

1.149073 -4.194573 -3.634141
 1.118652 -4.213939 -3.843418 
  

1.211482 -4.138701 -3.633416
 1.242210 -4.103139 -3.846871 
  

0.458062 -4.724392 -3.610518
 0.326624 -4.816671 -3.612761 
  

0.540930 -4.654304 -3.883428
 0.600393 -4.612812 -3.876540 
  

0.540930 -4.654304 -3.883428
 0.348284 -4.790482 -3.865368 
  

0.458062 -4.724392 -3.610518
 0.600393 -4.612812 -3.876540 
  

0.348284 -4.790482 -3.865368
 0.321275 -4.818168 -3.664867 
  

0.326624 -4.816671 -3.612761
 0.321275 -4.818168 -3.664867 
  

1.668233 -3.687850 -3.624331
 1.768774 -3.578814 -3.631138 
  

1.685563 -3.659932 -3.854005
 1.746728 -3.594067 -3.846433 
  

1.668233 -3.687850 -3.624331
 1.685563 -3.659932 -3.854005 
  

1.768774 -3.578814 -3.631138
 1.770598 -3.575345 -3.668582 
  

1.746728 -3.594067 -3.846433
 1.770598 -3.575345 -3.668582 
  

3.169588 0.603287 -3.859063
 3.165462 0.744468 -3.850571 
  

3.169588 0.603287 -3.859063
 3.173727 0.480722 -3.851169 
  

3.173144 0.639644 -3.730328
 3.174286 0.484801 -3.832338 
  

3.165462 0.744468 -3.850571
 3.173144 0.639644 -3.730328 
  

3.173727 0.480722 -3.851169
 3.174286 0.484801 -3.832338 
  

-2.224731 -0.980110 -3.885822
 -2.225102 -0.968342 -3.885795 
  

-2.225425 -1.028006 -3.730049
 -2.221504 -1.150811 -3.734459 
  

-2.224731 -0.980110 -3.885822
 -2.221080 -1.099522 -3.878670 
  

-2.221080 -1.099522 -3.878670
 -2.220639 -1.157456 -3.780912 
  

-2.221504 -1.150811 -3.734459
 -2.220639 -1.157456 -3.780912 
  

3.161344 -0.126010 -3.674749
 3.152535 -0.229899 -3.667711 
  

3.156272 -0.132974 -3.840895
 3.145599 -0.255128 -3.844365 
  

3.161344 -0.126010 -3.674749
 3.156272 -0.132974 -3.840895 
  

3.152535 -0.229899 -3.667711
 3.145599 -0.255128 -3.844365 
  

2.553854 -2.349964 -3.656357
 2.445897 -2.571212 -3.640377 
  

2.553854 -2.349964 -3.656357
 2.526929 -2.396711 -3.805188 
  

2.447308 -2.566640 -3.671055
 2.526929 -2.396711 -3.805188 
  

2.445897 -2.571212 -3.640377
 2.447308 -2.566640 -3.671055 
  

2.372357 -2.713606 -3.626819
 2.445897 -2.571212 -3.640377 
  

2.407640 -2.633184 -3.833317
 2.408044 -2.632408 -3.833275 
  

2.372357 -2.713606 -3.626819
 2.407640 -2.633184 -3.833317 
  

2.408044 -2.632408 -3.833275
 2.447308 -2.566640 -3.671055 
  

2.445897 -2.571212 -3.640377
 2.447308 -2.566640 -3.671055 
  

2.265995 -2.906593 -3.603052
 2.348437 -2.758296 -3.621888 
  

2.265995 -2.906593 -3.603052
 2.265878 -2.906799 -3.603082 
  

2.276366 -2.873818 -3.850570
 2.297814 -2.835704 -3.847366 
  

2.276366 -2.873818 -3.850570
 2.241506 -2.936490 -3.843199 
  

2.265878 -2.906799 -3.603082
 2.241506 -2.936490 -3.843199 
  

2.348437 -2.758296 -3.621888
 2.297814 -2.835704 -3.847366 
  

1.337317 -4.022490 -3.630160
 1.415558 -3.947969 -3.626992 
  

1.311675 -4.038813 -3.850283
 1.404681 -3.949845 -3.856904 
  

1.337317 -4.022490 -3.630160
 1.311675 -4.038813 -3.850283 
  

1.415558 -3.947969 -3.626992
 1.404681 -3.949845 -3.856904 
  

-1.109444 -4.308815 -3.671629
 -1.078397 -4.354460 -3.668526 
  

-1.127004 -4.285629 -3.886987
 -1.056117 -4.390019 -3.893972 
  

-1.109444 -4.308815 -3.671629
 -1.127004 -4.285629 -3.886987 
  

-1.078397 -4.354460 -3.668526
 -1.056117 -4.390019 -3.893972 
  

-2.209403 -1.321573 -3.735033
 -2.221504 -1.150811 -3.734459 
  

-2.212129 -1.267201 -3.867731
 -2.208085 -1.338072 -3.752584 
  

-2.212129 -1.267201 -3.867731
 -2.220639 -1.157456 -3.780912 
  

-2.209403 -1.321573 -3.735033
 -2.208085 -1.338072 -3.752584 
  

-2.221504 -1.150811 -3.734459
 -2.220639 -1.157456 -3.780912 
  

-2.068022 -2.256673 -3.689847
 -2.064387 -2.272359 -3.691221 
  

-2.078745 -2.210892 -3.900894
 -2.063986 -2.274553 -3.893437 
  

-2.078745 -2.210892 -3.900894
 -2.083420 -2.190718 -3.898777 
  

-2.068022 -2.256673 -3.689847
 -2.083420 -2.190718 -3.898777 
  

-2.064387 -2.272359 -3.691221
 -2.063986 -2.274553 -3.893437 
  

-0.832635 -4.685710 -3.652131
 -0.767996 -4.763707 -3.647084 
  

-0.816118 -4.711888 -3.879585
 -0.804038 -4.726462 -3.878580 
  

-0.832635 -4.685710 -3.652131
 -0.816118 -4.711888 -3.879585 
  

-0.767996 -4.763707 -3.647084
 -0.804038 -4.726462 -3.878580 
  

-1.677483 -3.298588 -3.678135
 -1.731763 -3.183427 -3.687105 
  

-1.709951 -3.233901 -3.881758
 -1.774131 -3.097324 -3.872881 
  

-1.677483 -3.298588 -3.678135
 -1.709951 -3.233901 -3.881758 
  

-1.774131 -3.097324 -3.872881
 -1.774390 -3.095178 -3.797430 
  

-1.731763 -3.183427 -3.687105
 -1.774390 -3.095178 -3.797430 
  

3.166106 0.805379 -3.696155
 3.157127 0.930031 -3.702455 
  

3.156809 0.885092 -3.845736
 3.163144 0.794763 -3.848222 
  

3.166106 0.805379 -3.696155
 3.163144 0.794763 -3.848222 
  

2.855899 -1.587945 -3.665478
 2.896848 -1.458149 -3.668914 
  

2.855899 -1.587945 -3.665478
 2.854842 -1.586806 -3.714301 
  

2.896848 -1.458149 -3.668914
 2.898632 -1.446417 -3.735263 
  

2.885382 -1.481957 -3.804503
 2.854842 -1.586806 -3.714301 
  

2.898632 -1.446417 -3.735263
 2.885382 -1.481957 -3.804503 
  

-0.221874 -5.156900 -3.599266
 -0.085839 -5.074842 -3.603796 
  

-0.240420 -5.159291 -3.848436
 -0.134630 -5.095566 -3.849418 
  

-0.221874 -5.156900 -3.599266
 -0.240420 -5.159291 -3.848436 
  

-0.085839 -5.074842 -3.603796
 -0.134630 -5.095566 -3.849418 
  

0.882739 -4.412713 -3.626993
 0.791681 -4.483492 -3.622631 
  

0.882739 -4.412713 -3.626993
 0.842434 -4.437741 -3.811327 
  

0.791681 -4.483492 -3.622631
 0.842434 -4.437741 -3.811327 
  

2.937669 -1.303812 -3.830613
 2.884720 -1.480593 -3.832763 
  

2.937669 -1.303812 -3.830613
 2.937772 -1.304044 -3.826052 
  

2.937772 -1.304044 -3.826052
 2.898632 -1.446417 -3.735263 
  

2.884720 -1.480593 -3.832763
 2.885382 -1.481957 -3.804503 
  

2.898632 -1.446417 -3.735263
 2.885382 -1.481957 -3.804503 
  

3.078197 1.567862 -3.706163
 3.095872 1.474573 -3.710924 
  

3.079462 1.541769 -3.852615
 3.094155 1.465461 -3.847267 
  

3.078197 1.567862 -3.706163
 3.079462 1.541769 -3.852615 
  

3.095872 1.474573 -3.710924
 3.094155 1.465461 -3.847267 
  

2.678200 -2.071120 -3.667060
 2.741152 -1.912143 -3.666762 
  

2.729318 -1.930294 -3.827362
 2.731327 -1.925207 -3.827549 
  

2.729318 -1.930294 -3.827362
 2.677517 -2.071026 -3.691963 
  

2.678200 -2.071120 -3.667060
 2.677517 -2.071026 -3.691963 
  

2.741152 -1.912143 -3.666762
 2.731327 -1.925207 -3.827549 
  

