0.014497 0.070394 -0.027574
 1.007383 0.040314 0.056395 
  

-0.055788 1.042266 -0.061820
 0.014497 0.070394 -0.027574 
  

0.972676 0.956725 0.026745
 -0.055788 1.042266 -0.061820 
  

1.007383 0.040314 0.056395
 0.972676 0.956725 0.026745 
  

0.014497 0.070394 -0.027574
 1.007383 0.040314 0.056395 
  

0.090166 0.077395 0.989913
 0.014497 0.070394 -0.027574 
  

1.007383 0.040314 0.056395
 1.025443 0.048292 0.985426 
  

0.090166 0.077395 0.989913
 1.025443 0.048292 0.985426 
  

-0.055788 1.042266 -0.061820
 0.014497 0.070394 -0.027574 
  

0.090166 0.077395 0.989913
 0.014497 0.070394 -0.027574 
  

0.025605 1.042944 1.026258
 -0.055788 1.042266 -0.061820 
  

0.090166 0.077395 0.989913
 0.025605 1.042944 1.026258 
  

0.972676 0.956725 0.026745
 -0.055788 1.042266 -0.061820 
  

0.025605 1.042944 1.026258
 -0.055788 1.042266 -0.061820 
  

0.972676 0.956725 0.026745
 0.992101 0.961939 1.019716 
  

0.025605 1.042944 1.026258
 0.992101 0.961939 1.019716 
  

1.007383 0.040314 0.056395
 0.972676 0.956725 0.026745 
  

1.007383 0.040314 0.056395
 1.025443 0.048292 0.985426 
  

0.972676 0.956725 0.026745
 0.992101 0.961939 1.019716 
  

1.025443 0.048292 0.985426
 0.992101 0.961939 1.019716 
  

0.090166 0.077395 0.989913
 1.025443 0.048292 0.985426 
  

0.090166 0.077395 0.989913
 0.025605 1.042944 1.026258 
  

0.025605 1.042944 1.026258
 0.992101 0.961939 1.019716 
  

1.025443 0.048292 0.985426
 0.992101 0.961939 1.019716 
  

