8
2 5
0.138500 -0.128000 0.790000
-0.439500 0.528500 1.295500
   
    
3 5
0.140000 0.689500 0.511000
1.429500 0.949000 0.588500
   
    
4 5
0.902000 0.937500 1.460000
1.292000 -0.401500 1.494500
   
    
1 5
0.963500 0.176000 0.516500
-0.114500 -0.358500 1.160000
   
    
0 2
-0.394500 -0.258000 0.116000
-0.251000 0.651500 0.245500
   
    
0 3
0.220500 1.107000 -0.112500
0.989000 0.837000 -0.406500
   
    
0 4
1.318500 1.077500 0.050500
0.546500 0.070500 0.084000
   
    
0 1
1.183500 -0.496500 0.381500
0.486500 -0.169500 0.353500
   
    
