-0.192278 -0.032436 0.261504
 0.465416 -0.019138 0.180360 
  

-0.215498 0.902566 0.084775
 -0.192278 -0.032436 0.261504 
  

0.942483 1.000250 -0.072351
 -0.215498 0.902566 0.084775 
  

0.465416 -0.019138 0.180360
 0.942483 1.000250 -0.072351 
  

-0.192278 -0.032436 0.261504
 0.465416 -0.019138 0.180360 
  

-0.034422 -0.005302 1.015289
 -0.192278 -0.032436 0.261504 
  

0.465416 -0.019138 0.180360
 0.820475 0.018080 1.106700 
  

-0.034422 -0.005302 1.015289
 0.820475 0.018080 1.106700 
  

-0.215498 0.902566 0.084775
 -0.192278 -0.032436 0.261504 
  

-0.034422 -0.005302 1.015289
 -0.192278 -0.032436 0.261504 
  

-0.215498 0.902566 0.084775
 -0.064053 0.609137 0.830349 
  

-0.034422 -0.005302 1.015289
 -0.064053 0.609137 0.830349 
  

0.942483 1.000250 -0.072351
 -0.215498 0.902566 0.084775 
  

-0.215498 0.902566 0.084775
 -0.064053 0.609137 0.830349 
  

0.942483 1.000250 -0.072351
 1.088744 0.588429 0.969046 
  

-0.064053 0.609137 0.830349
 1.088744 0.588429 0.969046 
  

0.465416 -0.019138 0.180360
 0.942483 1.000250 -0.072351 
  

0.465416 -0.019138 0.180360
 0.820475 0.018080 1.106700 
  

0.942483 1.000250 -0.072351
 1.088744 0.588429 0.969046 
  

0.820475 0.018080 1.106700
 1.088744 0.588429 0.969046 
  

-0.034422 -0.005302 1.015289
 0.820475 0.018080 1.106700 
  

-0.034422 -0.005302 1.015289
 -0.064053 0.609137 0.830349 
  

-0.064053 0.609137 0.830349
 1.088744 0.588429 0.969046 
  

0.820475 0.018080 1.106700
 1.088744 0.588429 0.969046 
  

