8
2 5
-0.030300 -0.026500 1.045500
0.077900 1.066900 1.017600
   
    
3 5
-0.014800 1.016400 0.916300
1.079400 0.975500 1.001800
   
    
4 5
0.937800 0.909100 0.998300
1.066600 -0.095200 1.085600
   
    
1 5
0.917800 -0.023200 1.071600
-0.051300 0.014700 0.923600
   
    
0 2
0.001800 0.047500 0.074800
-0.064000 1.072200 0.070500
   
    
0 3
0.096900 0.987400 -0.063500
1.042300 1.033900 0.089900
   
    
0 4
0.918000 0.947600 0.014300
0.908700 -0.027200 0.028900
   
    
0 1
0.906400 -0.038200 -0.073800
0.086300 -0.022200 -0.086000
   
    
