0.207241 0.138131 0.140345
 1.048156 0.292856 0.124171 
  

0.160843 0.841673 0.003016
 0.207241 0.138131 0.140345 
  

0.918089 0.943616 -0.004291
 0.160843 0.841673 0.003016 
  

1.048156 0.292856 0.124171
 0.918089 0.943616 -0.004291 
  

0.207241 0.138131 0.140345
 1.048156 0.292856 0.124171 
  

0.123974 0.003457 0.906036
 0.207241 0.138131 0.140345 
  

1.020381 0.171876 0.866492
 1.048156 0.292856 0.124171 
  

0.123974 0.003457 0.906036
 1.020381 0.171876 0.866492 
  

0.160843 0.841673 0.003016
 0.207241 0.138131 0.140345 
  

0.123974 0.003457 0.906036
 0.207241 0.138131 0.140345 
  

0.015113 1.002341 1.055974
 0.160843 0.841673 0.003016 
  

0.123974 0.003457 0.906036
 0.015113 1.002341 1.055974 
  

0.918089 0.943616 -0.004291
 0.160843 0.841673 0.003016 
  

0.015113 1.002341 1.055974
 0.160843 0.841673 0.003016 
  

0.810208 1.103504 1.014034
 0.918089 0.943616 -0.004291 
  

0.015113 1.002341 1.055974
 0.810208 1.103504 1.014034 
  

1.048156 0.292856 0.124171
 0.918089 0.943616 -0.004291 
  

1.020381 0.171876 0.866492
 1.048156 0.292856 0.124171 
  

0.810208 1.103504 1.014034
 0.918089 0.943616 -0.004291 
  

1.020381 0.171876 0.866492
 0.810208 1.103504 1.014034 
  

0.123974 0.003457 0.906036
 1.020381 0.171876 0.866492 
  

0.123974 0.003457 0.906036
 0.015113 1.002341 1.055974 
  

0.015113 1.002341 1.055974
 0.810208 1.103504 1.014034 
  

1.020381 0.171876 0.866492
 0.810208 1.103504 1.014034 
  

