8
2 5
-0.098400 0.074600 1.065500
0.026800 1.074300 1.093800
   
    
3 5
0.092800 0.972400 1.057300
0.929900 0.941900 0.921800
   
    
4 5
0.944000 0.957600 1.001900
0.960200 0.021300 0.939900
   
    
1 5
0.927900 -0.015200 1.053300
0.026700 -0.046400 0.925900
   
    
0 2
-0.014000 -0.025700 0.019900
-0.062400 0.986300 0.087400
   
    
0 3
-0.092600 0.938300 0.016000
0.991300 1.070300 0.092300
   
    
0 4
1.090200 0.922500 0.084800
1.023400 0.044500 0.041000
   
    
0 1
1.011000 -0.074500 0.033000
-0.099600 -0.094800 -0.051700
   
    
