0.095905 0.076047 0.050395
 0.979286 0.063616 0.000360 
  

0.019006 1.062637 0.011231
 0.095905 0.076047 0.050395 
  

1.044703 1.021568 -0.045688
 0.019006 1.062637 0.011231 
  

0.979286 0.063616 0.000360
 1.044703 1.021568 -0.045688 
  

0.095905 0.076047 0.050395
 0.979286 0.063616 0.000360 
  

0.047346 -0.033423 1.026523
 0.095905 0.076047 0.050395 
  

1.027239 -0.053361 1.025346
 0.979286 0.063616 0.000360 
  

0.047346 -0.033423 1.026523
 1.027239 -0.053361 1.025346 
  

0.019006 1.062637 0.011231
 0.095905 0.076047 0.050395 
  

0.047346 -0.033423 1.026523
 0.095905 0.076047 0.050395 
  

-0.039635 1.043963 1.034903
 0.019006 1.062637 0.011231 
  

0.047346 -0.033423 1.026523
 -0.039635 1.043963 1.034903 
  

1.044703 1.021568 -0.045688
 0.019006 1.062637 0.011231 
  

-0.039635 1.043963 1.034903
 0.019006 1.062637 0.011231 
  

1.102174 0.996972 1.033349
 1.044703 1.021568 -0.045688 
  

-0.039635 1.043963 1.034903
 1.102174 0.996972 1.033349 
  

0.979286 0.063616 0.000360
 1.044703 1.021568 -0.045688 
  

1.027239 -0.053361 1.025346
 0.979286 0.063616 0.000360 
  

1.102174 0.996972 1.033349
 1.044703 1.021568 -0.045688 
  

1.027239 -0.053361 1.025346
 1.102174 0.996972 1.033349 
  

0.047346 -0.033423 1.026523
 1.027239 -0.053361 1.025346 
  

0.047346 -0.033423 1.026523
 -0.039635 1.043963 1.034903 
  

-0.039635 1.043963 1.034903
 1.102174 0.996972 1.033349 
  

1.027239 -0.053361 1.025346
 1.102174 0.996972 1.033349 
  

