8
2 5
0.056900 -0.044000 1.066700
0.029100 1.078300 0.943700
   
    
3 5
-0.093200 1.089700 0.948900
1.076700 1.049500 0.931100
   
    
4 5
1.071400 0.954700 0.926600
0.926900 -0.040200 0.916000
   
    
1 5
0.981600 0.084200 1.042800
0.020500 0.077900 0.903200
   
    
0 2
-0.017500 -0.067600 0.046900
-0.098700 1.011500 0.024400
   
    
0 3
0.081200 1.091500 0.095800
1.080400 0.935400 0.003600
   
    
0 4
0.965800 1.022900 -0.036500
1.012800 -0.032800 -0.020700
   
    
0 1
1.007100 0.011700 -0.003000
-0.009400 0.063600 -0.032600
   
    
