0.032040 0.049795 0.006635
 1.041373 -0.028914 -0.038774 
  

0.063455 0.975079 0.005923
 0.032040 0.049795 0.006635 
  

0.930762 1.008385 -0.033020
 0.063455 0.975079 0.005923 
  

1.041373 -0.028914 -0.038774
 0.930762 1.008385 -0.033020 
  

0.032040 0.049795 0.006635
 1.041373 -0.028914 -0.038774 
  

-0.086780 0.078758 0.938475
 0.032040 0.049795 0.006635 
  

1.041373 -0.028914 -0.038774
 1.119226 -0.012574 1.011887 
  

-0.086780 0.078758 0.938475
 1.119226 -0.012574 1.011887 
  

0.063455 0.975079 0.005923
 0.032040 0.049795 0.006635 
  

-0.086780 0.078758 0.938475
 0.032040 0.049795 0.006635 
  

0.063455 0.975079 0.005923
 -0.061014 0.940166 0.964877 
  

-0.086780 0.078758 0.938475
 -0.061014 0.940166 0.964877 
  

0.930762 1.008385 -0.033020
 0.063455 0.975079 0.005923 
  

0.063455 0.975079 0.005923
 -0.061014 0.940166 0.964877 
  

0.930762 1.008385 -0.033020
 1.014865 0.977776 1.033793 
  

-0.061014 0.940166 0.964877
 1.014865 0.977776 1.033793 
  

1.041373 -0.028914 -0.038774
 0.930762 1.008385 -0.033020 
  

1.041373 -0.028914 -0.038774
 1.119226 -0.012574 1.011887 
  

0.930762 1.008385 -0.033020
 1.014865 0.977776 1.033793 
  

1.119226 -0.012574 1.011887
 1.014865 0.977776 1.033793 
  

-0.086780 0.078758 0.938475
 1.119226 -0.012574 1.011887 
  

-0.086780 0.078758 0.938475
 -0.061014 0.940166 0.964877 
  

-0.061014 0.940166 0.964877
 1.014865 0.977776 1.033793 
  

1.119226 -0.012574 1.011887
 1.014865 0.977776 1.033793 
  

