8
2 5
-0.042000 -0.047300 0.977200
-0.060600 1.066000 0.940600
   
    
3 5
0.042000 1.023600 0.921800
1.053400 0.942900 1.018600
   
    
4 5
1.096200 1.004500 0.929500
0.973000 -0.002500 1.096700
   
    
1 5
1.049700 0.093400 1.066800
-0.005800 0.076200 1.039500
   
    
0 2
-0.011000 0.061500 -0.050700
0.022500 1.030400 0.089200
   
    
0 3
-0.063300 0.984000 -0.020000
0.966600 1.064800 0.002300
   
    
0 4
1.006600 0.952000 0.085100
1.035500 0.013600 0.050000
   
    
0 1
1.053700 0.041300 -0.061600
-0.031500 0.083100 -0.053900
   
    
