0.016393 -0.059825 0.005144
 1.085888 -0.015546 0.000198 
  

0.013193 1.077703 -0.021789
 0.016393 -0.059825 0.005144 
  

1.010879 1.066202 -0.025151
 0.013193 1.077703 -0.021789 
  

1.085888 -0.015546 0.000198
 1.010879 1.066202 -0.025151 
  

0.016393 -0.059825 0.005144
 1.085888 -0.015546 0.000198 
  

0.004366 -0.002666 0.974844
 0.016393 -0.059825 0.005144 
  

1.085888 -0.015546 0.000198
 1.028797 0.040808 0.987949 
  

0.004366 -0.002666 0.974844
 1.028797 0.040808 0.987949 
  

0.013193 1.077703 -0.021789
 0.016393 -0.059825 0.005144 
  

0.004366 -0.002666 0.974844
 0.016393 -0.059825 0.005144 
  

0.013193 1.077703 -0.021789
 0.001067 1.035768 0.981074 
  

0.004366 -0.002666 0.974844
 0.001067 1.035768 0.981074 
  

1.010879 1.066202 -0.025151
 0.013193 1.077703 -0.021789 
  

0.013193 1.077703 -0.021789
 0.001067 1.035768 0.981074 
  

1.010879 1.066202 -0.025151
 0.959105 1.024087 0.993014 
  

0.001067 1.035768 0.981074
 0.959105 1.024087 0.993014 
  

1.085888 -0.015546 0.000198
 1.010879 1.066202 -0.025151 
  

1.085888 -0.015546 0.000198
 1.028797 0.040808 0.987949 
  

1.010879 1.066202 -0.025151
 0.959105 1.024087 0.993014 
  

1.028797 0.040808 0.987949
 0.959105 1.024087 0.993014 
  

0.004366 -0.002666 0.974844
 1.028797 0.040808 0.987949 
  

0.004366 -0.002666 0.974844
 0.001067 1.035768 0.981074 
  

0.001067 1.035768 0.981074
 0.959105 1.024087 0.993014 
  

1.028797 0.040808 0.987949
 0.959105 1.024087 0.993014 
  

