8
2 5
-0.130000 0.472000 1.416000
-0.187000 0.828500 0.719000
   
    
3 5
0.029000 0.847500 1.201500
0.802000 1.179000 1.210500
   
    
4 5
1.025500 0.831000 1.263500
1.199000 0.267500 0.800500
   
    
1 5
0.830000 -0.070000 0.868500
0.279500 0.334000 0.534000
   
    
0 2
0.240000 -0.375000 -0.236500
0.173500 0.595000 -0.369500
   
    
0 3
0.072500 0.775500 -0.241500
1.359500 0.744000 0.259500
   
    
0 4
0.880000 1.298000 -0.439000
1.124500 0.419500 0.312500
   
    
0 1
1.208500 -0.015500 0.260500
0.312000 0.414500 0.272500
   
    
