0.207194 0.398448 -0.084280
 1.097793 0.085592 0.401607 
  

0.179165 0.692704 -0.232472
 0.207194 0.398448 -0.084280 
  

0.992040 0.822892 0.016743
 0.179165 0.692704 -0.232472 
  

1.097793 0.085592 0.401607
 0.992040 0.822892 0.016743 
  

0.207194 0.398448 -0.084280
 1.097793 0.085592 0.401607 
  

-0.031598 0.532511 0.754956
 0.207194 0.398448 -0.084280 
  

1.075911 0.113319 0.776862
 1.097793 0.085592 0.401607 
  

-0.031598 0.532511 0.754956
 1.075911 0.113319 0.776862 
  

0.179165 0.692704 -0.232472
 0.207194 0.398448 -0.084280 
  

-0.031598 0.532511 0.754956
 0.207194 0.398448 -0.084280 
  

0.179165 0.692704 -0.232472
 -0.150308 0.859995 0.941127 
  

-0.031598 0.532511 0.754956
 -0.150308 0.859995 0.941127 
  

0.992040 0.822892 0.016743
 0.179165 0.692704 -0.232472 
  

0.179165 0.692704 -0.232472
 -0.150308 0.859995 0.941127 
  

0.894227 1.042080 1.347055
 0.992040 0.822892 0.016743 
  

-0.150308 0.859995 0.941127
 0.894227 1.042080 1.347055 
  

1.097793 0.085592 0.401607
 0.992040 0.822892 0.016743 
  

1.075911 0.113319 0.776862
 1.097793 0.085592 0.401607 
  

0.894227 1.042080 1.347055
 0.992040 0.822892 0.016743 
  

1.075911 0.113319 0.776862
 0.894227 1.042080 1.347055 
  

-0.031598 0.532511 0.754956
 1.075911 0.113319 0.776862 
  

-0.031598 0.532511 0.754956
 -0.150308 0.859995 0.941127 
  

-0.150308 0.859995 0.941127
 0.894227 1.042080 1.347055 
  

1.075911 0.113319 0.776862
 0.894227 1.042080 1.347055 
  

