8
2 5
-0.037700 -0.080800 1.000800
0.055700 0.938800 1.003400
   
    
3 5
-0.092800 0.931700 0.982400
0.956300 0.951800 0.928900
   
    
4 5
0.908500 0.914100 0.976700
0.959500 0.041400 0.948100
   
    
1 5
1.086900 -0.040300 1.073700
-0.022200 -0.002500 1.051900
   
    
0 2
-0.034700 0.030200 0.019000
0.053900 1.056000 0.062200
   
    
0 3
0.009100 1.075000 0.056700
0.947100 0.905300 0.012400
   
    
0 4
0.939800 0.908100 0.084100
0.918400 -0.042600 0.052400
   
    
0 1
1.027100 -0.070600 0.091700
-0.017200 0.065700 -0.065600
   
    
