-0.030900 0.038134 -0.000645
 0.941911 -0.034603 0.047045 
  

0.048985 1.020715 0.032555
 -0.030900 0.038134 -0.000645 
  

0.928004 0.960899 0.075822
 0.048985 1.020715 0.032555 
  

0.941911 -0.034603 0.047045
 0.928004 0.960899 0.075822 
  

-0.030900 0.038134 -0.000645
 0.941911 -0.034603 0.047045 
  

-0.025422 0.018148 1.029967
 -0.030900 0.038134 -0.000645 
  

0.941911 -0.034603 0.047045
 0.948093 -0.053353 1.009849 
  

-0.025422 0.018148 1.029967
 0.948093 -0.053353 1.009849 
  

0.048985 1.020715 0.032555
 -0.030900 0.038134 -0.000645 
  

-0.025422 0.018148 1.029967
 -0.030900 0.038134 -0.000645 
  

0.048985 1.020715 0.032555
 0.051478 0.970931 0.980547 
  

-0.025422 0.018148 1.029967
 0.051478 0.970931 0.980547 
  

0.928004 0.960899 0.075822
 0.048985 1.020715 0.032555 
  

0.048985 1.020715 0.032555
 0.051478 0.970931 0.980547 
  

0.928004 0.960899 0.075822
 0.934112 0.914119 0.961907 
  

0.051478 0.970931 0.980547
 0.934112 0.914119 0.961907 
  

0.941911 -0.034603 0.047045
 0.928004 0.960899 0.075822 
  

0.941911 -0.034603 0.047045
 0.948093 -0.053353 1.009849 
  

0.928004 0.960899 0.075822
 0.934112 0.914119 0.961907 
  

0.948093 -0.053353 1.009849
 0.934112 0.914119 0.961907 
  

-0.025422 0.018148 1.029967
 0.948093 -0.053353 1.009849 
  

-0.025422 0.018148 1.029967
 0.051478 0.970931 0.980547 
  

0.051478 0.970931 0.980547
 0.934112 0.914119 0.961907 
  

0.948093 -0.053353 1.009849
 0.934112 0.914119 0.961907 
  

