8
2 5
0.132500 0.145000 0.797250
0.123000 0.943750 0.913250
   
    
3 5
-0.122750 0.757500 1.041500
0.830750 0.813500 1.229750
   
    
4 5
0.758750 0.968500 0.775500
0.992500 -0.221250 0.801500
   
    
1 5
1.125000 0.084500 1.209500
0.099750 0.111250 0.978750
   
    
0 2
0.185750 -0.079750 -0.161000
0.196750 1.173500 -0.022250
   
    
0 3
0.077000 1.197000 0.091750
0.771500 0.775250 -0.005000
   
    
0 4
0.898500 1.030750 -0.047250
1.198250 -0.048000 -0.068500
   
    
0 1
1.200500 0.070000 0.235250
0.031750 -0.000250 0.073750
   
    
