-0.189102 -0.088023 0.064525
 0.952333 -0.099953 -0.030455 
  

-0.016400 1.162041 0.093316
 -0.189102 -0.088023 0.064525 
  

0.983659 1.025429 0.005751
 -0.016400 1.162041 0.093316 
  

0.952333 -0.099953 -0.030455
 0.983659 1.025429 0.005751 
  

-0.189102 -0.088023 0.064525
 0.952333 -0.099953 -0.030455 
  

0.216716 0.176818 1.096601
 -0.189102 -0.088023 0.064525 
  

0.952333 -0.099953 -0.030455
 1.033797 0.141801 0.923735 
  

0.216716 0.176818 1.096601
 1.033797 0.141801 0.923735 
  

-0.016400 1.162041 0.093316
 -0.189102 -0.088023 0.064525 
  

0.216716 0.176818 1.096601
 -0.189102 -0.088023 0.064525 
  

-0.016400 1.162041 0.093316
 0.290209 1.150505 0.949453 
  

0.216716 0.176818 1.096601
 0.290209 1.150505 0.949453 
  

0.983659 1.025429 0.005751
 -0.016400 1.162041 0.093316 
  

-0.016400 1.162041 0.093316
 0.290209 1.150505 0.949453 
  

0.983659 1.025429 0.005751
 1.046801 1.044269 0.799328 
  

0.290209 1.150505 0.949453
 1.046801 1.044269 0.799328 
  

0.952333 -0.099953 -0.030455
 0.983659 1.025429 0.005751 
  

0.952333 -0.099953 -0.030455
 1.033797 0.141801 0.923735 
  

0.983659 1.025429 0.005751
 1.046801 1.044269 0.799328 
  

1.033797 0.141801 0.923735
 1.046801 1.044269 0.799328 
  

0.216716 0.176818 1.096601
 1.033797 0.141801 0.923735 
  

0.216716 0.176818 1.096601
 0.290209 1.150505 0.949453 
  

0.290209 1.150505 0.949453
 1.046801 1.044269 0.799328 
  

1.033797 0.141801 0.923735
 1.046801 1.044269 0.799328 
  

