8
2 5
-0.088900 -0.053400 1.070700
0.093400 1.087200 0.915700
   
    
3 5
0.090800 1.025700 0.987100
1.094200 1.025300 1.000300
   
    
4 5
0.906500 1.088500 1.017900
1.028700 -0.072400 0.963300
   
    
1 5
0.981600 -0.012900 0.989700
-0.019000 0.088300 1.098600
   
    
0 2
-0.069900 -0.079500 0.025500
0.020400 0.949700 0.000700
   
    
0 3
0.082500 0.956700 -0.065900
1.060900 1.055400 -0.070100
   
    
0 4
1.019100 1.005100 -0.024600
0.969300 -0.049200 -0.062500
   
    
0 1
0.908900 -0.006900 0.050900
-0.030600 -0.054900 0.080300
   
    
