-0.077668 -0.019955 0.041899
 1.007471 -0.033567 0.004165 
  

0.040130 0.975335 -0.021910
 -0.077668 -0.019955 0.041899 
  

0.980653 1.020611 -0.058035
 0.040130 0.975335 -0.021910 
  

1.007471 -0.033567 0.004165
 0.980653 1.020611 -0.058035 
  

-0.077668 -0.019955 0.041899
 1.007471 -0.033567 0.004165 
  

-0.047533 0.050082 1.044143
 -0.077668 -0.019955 0.041899 
  

1.007471 -0.033567 0.004165
 0.972781 0.037463 1.011220 
  

-0.047533 0.050082 1.044143
 0.972781 0.037463 1.011220 
  

0.040130 0.975335 -0.021910
 -0.077668 -0.019955 0.041899 
  

-0.047533 0.050082 1.044143
 -0.077668 -0.019955 0.041899 
  

0.040130 0.975335 -0.021910
 0.064908 0.997194 0.999361 
  

-0.047533 0.050082 1.044143
 0.064908 0.997194 0.999361 
  

0.980653 1.020611 -0.058035
 0.040130 0.975335 -0.021910 
  

0.040130 0.975335 -0.021910
 0.064908 0.997194 0.999361 
  

0.980653 1.020611 -0.058035
 0.946748 1.039707 0.968588 
  

0.064908 0.997194 0.999361
 0.946748 1.039707 0.968588 
  

1.007471 -0.033567 0.004165
 0.980653 1.020611 -0.058035 
  

1.007471 -0.033567 0.004165
 0.972781 0.037463 1.011220 
  

0.980653 1.020611 -0.058035
 0.946748 1.039707 0.968588 
  

0.972781 0.037463 1.011220
 0.946748 1.039707 0.968588 
  

-0.047533 0.050082 1.044143
 0.972781 0.037463 1.011220 
  

-0.047533 0.050082 1.044143
 0.064908 0.997194 0.999361 
  

0.064908 0.997194 0.999361
 0.946748 1.039707 0.968588 
  

0.972781 0.037463 1.011220
 0.946748 1.039707 0.968588 
  

