8
2 5
0.311000 -0.077500 1.124500
0.170500 1.402000 0.529000
   
    
3 5
0.497500 1.083000 1.414000
1.266500 1.449000 1.174000
   
    
4 5
0.679500 1.015500 1.219500
0.524500 -0.004000 1.484500
   
    
1 5
0.624500 -0.311500 0.614000
0.442500 -0.414000 0.581500
   
    
0 2
0.320500 -0.208500 0.089000
-0.097000 0.751500 -0.064000
   
    
0 3
0.495500 1.366500 -0.028500
0.654500 1.289000 -0.023500
   
    
0 4
1.441500 0.693000 -0.169500
1.097500 -0.394500 0.347000
   
    
0 1
1.417500 0.431500 -0.206500
-0.155000 0.138500 0.376500
   
    
