0.129808 0.064730 0.128602
 1.338727 0.507617 -0.053836 
  

-0.198755 1.345837 -0.082630
 0.129808 0.064730 0.128602 
  

1.535378 1.220057 -0.202691
 -0.198755 1.345837 -0.082630 
  

1.338727 0.507617 -0.053836
 1.535378 1.220057 -0.202691 
  

0.129808 0.064730 0.128602
 1.338727 0.507617 -0.053836 
  

0.385989 -0.354959 0.865229
 0.129808 0.064730 0.128602 
  

1.338727 0.507617 -0.053836
 0.660179 -0.301336 0.894544 
  

0.385989 -0.354959 0.865229
 0.660179 -0.301336 0.894544 
  

-0.198755 1.345837 -0.082630
 0.129808 0.064730 0.128602 
  

0.385989 -0.354959 0.865229
 0.129808 0.064730 0.128602 
  

0.136847 1.167202 1.248878
 -0.198755 1.345837 -0.082630 
  

0.385989 -0.354959 0.865229
 0.136847 1.167202 1.248878 
  

1.535378 1.220057 -0.202691
 -0.198755 1.345837 -0.082630 
  

0.136847 1.167202 1.248878
 -0.198755 1.345837 -0.082630 
  

1.535378 1.220057 -0.202691
 0.662120 1.122938 1.266646 
  

0.136847 1.167202 1.248878
 0.662120 1.122938 1.266646 
  

1.338727 0.507617 -0.053836
 1.535378 1.220057 -0.202691 
  

1.338727 0.507617 -0.053836
 0.660179 -0.301336 0.894544 
  

1.535378 1.220057 -0.202691
 0.662120 1.122938 1.266646 
  

0.660179 -0.301336 0.894544
 0.662120 1.122938 1.266646 
  

0.385989 -0.354959 0.865229
 0.660179 -0.301336 0.894544 
  

0.385989 -0.354959 0.865229
 0.136847 1.167202 1.248878 
  

0.136847 1.167202 1.248878
 0.662120 1.122938 1.266646 
  

0.660179 -0.301336 0.894544
 0.662120 1.122938 1.266646 
  

