8
2 5
0.009500 -0.042750 0.885000
-0.119250 1.077750 0.912250
   
    
3 5
-0.103250 0.985000 1.185750
1.241750 0.957000 0.770000
   
    
4 5
1.113000 0.763500 1.118000
1.001500 -0.237750 0.867500
   
    
1 5
1.068250 0.083000 1.222000
0.061750 0.025500 1.054750
   
    
0 2
0.197250 -0.125250 0.120750
0.026750 1.132750 0.072250
   
    
0 3
0.172500 1.238000 0.231500
0.967500 0.995250 -0.142500
   
    
0 4
0.917000 1.003500 0.016000
1.205500 0.121250 0.184250
   
    
0 1
1.012750 0.060000 -0.103000
-0.139500 0.084000 0.157500
   
    
