8
2 5
-0.028600 -0.021800 1.097800
-0.099400 1.068200 1.054700
   
    
3 5
-0.065300 1.055600 0.918700
0.941100 1.037500 1.050300
   
    
4 5
0.920900 0.970800 1.017900
0.979500 0.056400 0.956500
   
    
1 5
0.957500 -0.088400 1.080700
-0.069600 -0.092500 0.953000
   
    
0 2
0.064900 0.035800 0.073300
-0.086300 0.938500 0.084000
   
    
0 3
0.030400 0.947300 -0.063200
0.969400 0.981100 -0.040000
   
    
0 4
1.015400 0.979600 -0.086600
0.965100 -0.010000 0.072200
   
    
0 1
0.932700 0.093000 -0.037900
0.020700 -0.079600 0.010400
   
    
