8
2 5
0.135750 0.146250 1.132250
0.221000 1.245500 0.782500
   
    
3 5
0.059000 0.788000 0.861000
0.813750 1.243500 0.937750
   
    
4 5
0.811500 1.221250 0.856500
0.859750 -0.134000 1.135250
   
    
1 5
1.062000 0.057000 1.133500
0.046500 0.021500 0.895750
   
    
0 2
-0.083500 0.126500 0.017000
-0.017000 0.907750 0.046500
   
    
0 3
0.021750 1.189750 0.047250
0.877250 0.886250 -0.127000
   
    
0 4
1.219250 0.858750 -0.050000
0.915250 0.134750 0.152500
   
    
0 1
0.762500 -0.121250 0.179750
0.054000 0.128500 0.141000
   
    
