-0.067714 0.053030 0.140966
 0.966807 -0.106301 0.137398 
  

-0.015558 0.963569 -0.016856
 -0.067714 0.053030 0.140966 
  

1.152657 1.061164 -0.068511
 -0.015558 0.963569 -0.016856 
  

0.966807 -0.106301 0.137398
 1.152657 1.061164 -0.068511 
  

-0.067714 0.053030 0.140966
 0.966807 -0.106301 0.137398 
  

0.129716 0.102638 1.020708
 -0.067714 0.053030 0.140966 
  

0.966807 -0.106301 0.137398
 0.770976 0.011634 1.103870 
  

0.129716 0.102638 1.020708
 0.770976 0.011634 1.103870 
  

-0.015558 0.963569 -0.016856
 -0.067714 0.053030 0.140966 
  

0.129716 0.102638 1.020708
 -0.067714 0.053030 0.140966 
  

0.183116 1.027330 0.862409
 -0.015558 0.963569 -0.016856 
  

0.129716 0.102638 1.020708
 0.183116 1.027330 0.862409 
  

1.152657 1.061164 -0.068511
 -0.015558 0.963569 -0.016856 
  

0.183116 1.027330 0.862409
 -0.015558 0.963569 -0.016856 
  

1.152657 1.061164 -0.068511
 0.939942 1.095891 0.929372 
  

0.183116 1.027330 0.862409
 0.939942 1.095891 0.929372 
  

0.966807 -0.106301 0.137398
 1.152657 1.061164 -0.068511 
  

0.966807 -0.106301 0.137398
 0.770976 0.011634 1.103870 
  

1.152657 1.061164 -0.068511
 0.939942 1.095891 0.929372 
  

0.770976 0.011634 1.103870
 0.939942 1.095891 0.929372 
  

0.129716 0.102638 1.020708
 0.770976 0.011634 1.103870 
  

0.129716 0.102638 1.020708
 0.183116 1.027330 0.862409 
  

0.183116 1.027330 0.862409
 0.939942 1.095891 0.929372 
  

0.770976 0.011634 1.103870
 0.939942 1.095891 0.929372 
  

