8
2 5
0.049100 0.099600 1.098000
0.095300 0.900200 0.970900
   
    
3 5
0.063000 1.024900 1.027100
0.919000 0.922800 1.015000
   
    
4 5
0.969700 0.978800 1.068000
0.987200 0.073000 0.918400
   
    
1 5
0.976500 0.086500 1.073800
-0.093600 -0.058000 1.016900
   
    
0 2
-0.056000 -0.021200 -0.011800
0.000600 0.992500 0.022300
   
    
0 3
-0.033900 0.963400 0.072200
0.948200 1.061800 0.037700
   
    
0 4
1.045800 1.071200 0.041300
0.983000 -0.079000 -0.090800
   
    
0 1
1.018100 0.094200 -0.084700
-0.070700 0.047500 -0.065400
   
    
