8
2 5
-0.003000 0.016300 0.919200
-0.033900 0.949000 1.043600
   
    
3 5
-0.086700 1.079000 1.067100
1.063600 0.905700 1.077700
   
    
4 5
1.005500 1.015500 1.065100
1.042700 0.001400 0.910100
   
    
1 5
0.964700 0.036200 0.915600
0.042200 -0.004500 1.035900
   
    
0 2
-0.025500 -0.012500 -0.015600
-0.002900 0.907500 0.027500
   
    
0 3
-0.069600 1.054700 -0.018600
1.095000 0.910700 -0.059700
   
    
0 4
0.918900 0.902600 -0.036500
1.042000 -0.059700 0.067400
   
    
0 1
0.917100 0.011000 -0.091300
0.092000 0.012500 -0.087400
   
    
