-0.010789 -0.000806 -0.026327
 1.008074 0.020678 -0.032055 
  

-0.014556 1.051029 -0.020283
 -0.010789 -0.000806 -0.026327 
  

0.941552 0.933681 -0.026445
 -0.014556 1.051029 -0.020283 
  

1.008074 0.020678 -0.032055
 0.941552 0.933681 -0.026445 
  

-0.010789 -0.000806 -0.026327
 1.008074 0.020678 -0.032055 
  

-0.015593 0.001384 0.957832
 -0.010789 -0.000806 -0.026327 
  

1.056902 0.023973 0.940676
 1.008074 0.020678 -0.032055 
  

-0.015593 0.001384 0.957832
 1.056902 0.023973 0.940676 
  

-0.014556 1.051029 -0.020283
 -0.010789 -0.000806 -0.026327 
  

-0.015593 0.001384 0.957832
 -0.010789 -0.000806 -0.026327 
  

-0.019916 1.055987 1.075940
 -0.014556 1.051029 -0.020283 
  

-0.015593 0.001384 0.957832
 -0.019916 1.055987 1.075940 
  

0.941552 0.933681 -0.026445
 -0.014556 1.051029 -0.020283 
  

-0.019916 1.055987 1.075940
 -0.014556 1.051029 -0.020283 
  

0.995695 0.931233 1.043338
 0.941552 0.933681 -0.026445 
  

-0.019916 1.055987 1.075940
 0.995695 0.931233 1.043338 
  

1.008074 0.020678 -0.032055
 0.941552 0.933681 -0.026445 
  

1.056902 0.023973 0.940676
 1.008074 0.020678 -0.032055 
  

0.995695 0.931233 1.043338
 0.941552 0.933681 -0.026445 
  

1.056902 0.023973 0.940676
 0.995695 0.931233 1.043338 
  

-0.015593 0.001384 0.957832
 1.056902 0.023973 0.940676 
  

-0.015593 0.001384 0.957832
 -0.019916 1.055987 1.075940 
  

-0.019916 1.055987 1.075940
 0.995695 0.931233 1.043338 
  

1.056902 0.023973 0.940676
 0.995695 0.931233 1.043338 
  

