8
2 5
0.086900 0.082000 1.000800
-0.054100 0.938900 1.035600
   
    
3 5
-0.053900 0.958000 1.074100
1.051600 1.079700 1.063000
   
    
4 5
1.013100 1.075100 1.036100
0.936400 0.083400 1.066400
   
    
1 5
1.098500 0.061100 1.080600
0.075500 -0.094700 0.928500
   
    
0 2
0.097000 0.099700 -0.020600
-0.049100 1.084400 0.069900
   
    
0 3
-0.034400 1.081800 0.036100
1.027100 0.984800 0.089900
   
    
0 4
0.917500 0.908100 0.001500
0.926100 -0.076300 -0.015200
   
    
0 1
0.975900 -0.041700 0.001500
-0.015000 -0.076700 -0.053900
   
    
