8
2 5
-0.362000 -0.220000 1.223000
-0.389500 0.693500 0.632000
   
    
3 5
-0.409000 0.775000 1.413000
0.628500 0.842000 0.995500
   
    
4 5
0.559500 0.625500 1.276000
0.833000 0.388000 0.728500
   
    
1 5
1.489000 -0.162500 1.056000
0.225000 -0.215500 1.331000
   
    
0 2
-0.018000 -0.057000 0.403500
-0.363000 0.840000 0.008500
   
    
0 3
0.479000 0.884000 0.223500
0.602500 0.506000 -0.214000
   
    
0 4
0.538500 0.939000 -0.105500
0.721000 -0.192500 0.122000
   
    
0 1
1.347000 -0.180500 0.459500
0.358500 0.031000 -0.248000
   
    
