0.225067 -0.062459 0.119485
 0.638571 0.084767 -0.014580 
  

0.146510 0.647380 0.117742
 0.225067 -0.062459 0.119485 
  

0.564344 0.672309 -0.013160
 0.146510 0.647380 0.117742 
  

0.638571 0.084767 -0.014580
 0.564344 0.672309 -0.013160 
  

0.225067 -0.062459 0.119485
 0.638571 0.084767 -0.014580 
  

-0.336008 -0.257212 1.345316
 0.225067 -0.062459 0.119485 
  

0.638571 0.084767 -0.014580
 0.769141 0.136849 1.107649 
  

-0.336008 -0.257212 1.345316
 0.769141 0.136849 1.107649 
  

0.146510 0.647380 0.117742
 0.225067 -0.062459 0.119485 
  

-0.336008 -0.257212 1.345316
 0.225067 -0.062459 0.119485 
  

-0.312462 0.613059 1.091100
 0.146510 0.647380 0.117742 
  

-0.336008 -0.257212 1.345316
 -0.312462 0.613059 1.091100 
  

0.564344 0.672309 -0.013160
 0.146510 0.647380 0.117742 
  

-0.312462 0.613059 1.091100
 0.146510 0.647380 0.117742 
  

0.564344 0.672309 -0.013160
 0.683802 0.670961 0.962803 
  

-0.312462 0.613059 1.091100
 0.683802 0.670961 0.962803 
  

0.638571 0.084767 -0.014580
 0.564344 0.672309 -0.013160 
  

0.638571 0.084767 -0.014580
 0.769141 0.136849 1.107649 
  

0.564344 0.672309 -0.013160
 0.683802 0.670961 0.962803 
  

0.769141 0.136849 1.107649
 0.683802 0.670961 0.962803 
  

-0.336008 -0.257212 1.345316
 0.769141 0.136849 1.107649 
  

-0.336008 -0.257212 1.345316
 -0.312462 0.613059 1.091100 
  

-0.312462 0.613059 1.091100
 0.683802 0.670961 0.962803 
  

0.769141 0.136849 1.107649
 0.683802 0.670961 0.962803 
  

