8
2 5
-0.198750 0.231500 0.970000
0.022500 0.901250 0.836750
   
    
3 5
0.064250 0.936250 0.998500
0.922750 0.873250 0.907500
   
    
4 5
1.035250 0.839250 0.870250
0.937000 0.232500 0.848000
   
    
1 5
1.181000 0.139750 1.054500
0.210500 0.064500 1.002250
   
    
0 2
0.008250 -0.094750 0.051250
-0.231750 0.826750 -0.013750
   
    
0 3
0.105250 1.111750 -0.195750
1.077250 0.761000 0.197500
   
    
0 4
0.766000 1.191000 0.175500
1.139500 0.042750 -0.207000
   
    
0 1
1.166000 -0.027000 -0.062000
-0.040000 0.230750 0.031750
   
    
