8
2 5
0.234500 -0.125500 1.069000
0.280500 1.273000 0.933000
   
    
3 5
0.117500 1.314500 1.014000
1.356500 0.729500 0.791000
   
    
4 5
1.355000 1.248500 0.678500
0.672500 -0.172000 0.596000
   
    
1 5
0.679500 0.144000 1.356000
-0.296000 0.385000 1.007500
   
    
0 2
-0.204000 0.032500 0.319500
0.056500 1.095000 0.420000
   
    
0 3
0.166500 1.050500 -0.446500
0.672500 1.125000 -0.201000
   
    
0 4
0.666500 1.308000 0.446000
1.271000 -0.461500 -0.186000
   
    
0 1
1.036000 0.043500 -0.284000
-0.129500 -0.237000 -0.005500
   
    
