8
2 5
0.007800 -0.023800 0.933300
0.039900 1.080900 0.958800
   
    
3 5
-0.020100 0.998900 1.082900
1.016200 0.980700 0.922100
   
    
4 5
0.911900 1.068600 1.078500
0.937800 0.098700 1.058000
   
    
1 5
0.912100 -0.083900 1.040500
-0.099200 -0.065700 0.900500
   
    
0 2
-0.044400 0.052300 -0.091700
0.079700 1.051200 0.087900
   
    
0 3
-0.025200 1.099900 -0.091600
0.907300 1.000700 0.032100
   
    
0 4
0.936700 0.905400 -0.075100
1.036400 -0.041300 -0.061800
   
    
0 1
1.051200 0.079100 0.017800
-0.068400 -0.002200 -0.078900
   
    
