0.003810 0.049772 -0.028169
 0.968544 0.010898 0.028549 
  

-0.070381 0.994559 0.004363
 0.003810 0.049772 -0.028169 
  

1.019678 1.051092 0.072385
 -0.070381 0.994559 0.004363 
  

0.968544 0.010898 0.028549
 1.019678 1.051092 0.072385 
  

0.003810 0.049772 -0.028169
 0.968544 0.010898 0.028549 
  

0.006562 0.012293 1.035806
 0.003810 0.049772 -0.028169 
  

1.022806 -0.024808 0.986000
 0.968544 0.010898 0.028549 
  

0.006562 0.012293 1.035806
 1.022806 -0.024808 0.986000 
  

-0.070381 0.994559 0.004363
 0.003810 0.049772 -0.028169 
  

0.006562 0.012293 1.035806
 0.003810 0.049772 -0.028169 
  

-0.075022 1.051390 1.002156
 -0.070381 0.994559 0.004363 
  

0.006562 0.012293 1.035806
 -0.075022 1.051390 1.002156 
  

1.019678 1.051092 0.072385
 -0.070381 0.994559 0.004363 
  

-0.075022 1.051390 1.002156
 -0.070381 0.994559 0.004363 
  

1.072948 1.103417 0.942481
 1.019678 1.051092 0.072385 
  

-0.075022 1.051390 1.002156
 1.072948 1.103417 0.942481 
  

0.968544 0.010898 0.028549
 1.019678 1.051092 0.072385 
  

1.022806 -0.024808 0.986000
 0.968544 0.010898 0.028549 
  

1.072948 1.103417 0.942481
 1.019678 1.051092 0.072385 
  

1.022806 -0.024808 0.986000
 1.072948 1.103417 0.942481 
  

0.006562 0.012293 1.035806
 1.022806 -0.024808 0.986000 
  

0.006562 0.012293 1.035806
 -0.075022 1.051390 1.002156 
  

-0.075022 1.051390 1.002156
 1.072948 1.103417 0.942481 
  

1.022806 -0.024808 0.986000
 1.072948 1.103417 0.942481 
  

