0.171129 0.021193 0.003169
 1.141093 0.035772 0.015532 
  

0.175830 1.003878 -0.007165
 0.171129 0.021193 0.003169 
  

0.959032 0.846895 0.004602
 0.175830 1.003878 -0.007165 
  

1.141093 0.035772 0.015532
 0.959032 0.846895 0.004602 
  

0.171129 0.021193 0.003169
 1.141093 0.035772 0.015532 
  

0.107964 0.088947 0.893182
 0.171129 0.021193 0.003169 
  

1.141093 0.035772 0.015532
 0.932222 0.107866 0.988358 
  

0.107964 0.088947 0.893182
 0.932222 0.107866 0.988358 
  

0.175830 1.003878 -0.007165
 0.171129 0.021193 0.003169 
  

0.107964 0.088947 0.893182
 0.171129 0.021193 0.003169 
  

0.175830 1.003878 -0.007165
 0.106917 0.907400 0.954201 
  

0.107964 0.088947 0.893182
 0.106917 0.907400 0.954201 
  

0.959032 0.846895 0.004602
 0.175830 1.003878 -0.007165 
  

0.175830 1.003878 -0.007165
 0.106917 0.907400 0.954201 
  

0.959032 0.846895 0.004602
 0.776320 0.766857 1.019850 
  

0.106917 0.907400 0.954201
 0.776320 0.766857 1.019850 
  

1.141093 0.035772 0.015532
 0.959032 0.846895 0.004602 
  

1.141093 0.035772 0.015532
 0.932222 0.107866 0.988358 
  

0.959032 0.846895 0.004602
 0.776320 0.766857 1.019850 
  

0.932222 0.107866 0.988358
 0.776320 0.766857 1.019850 
  

0.107964 0.088947 0.893182
 0.932222 0.107866 0.988358 
  

0.107964 0.088947 0.893182
 0.106917 0.907400 0.954201 
  

0.106917 0.907400 0.954201
 0.776320 0.766857 1.019850 
  

0.932222 0.107866 0.988358
 0.776320 0.766857 1.019850 
  

