8
2 5
0.081500 0.006250 0.888750
-0.038000 0.871250 1.091500
   
    
3 5
-0.004500 1.038750 0.817500
1.024750 1.216750 1.201500
   
    
4 5
1.042000 0.903750 0.877250
1.231500 0.171000 1.046750
   
    
1 5
1.190250 0.057000 0.854000
0.188750 0.064000 1.183500
   
    
0 2
-0.014750 -0.217500 -0.134750
-0.111000 1.145750 0.054750
   
    
0 3
-0.049250 0.820750 -0.212500
1.146000 1.234250 -0.062250
   
    
0 4
0.772000 0.864750 -0.140500
1.052250 0.052750 0.199250
   
    
0 1
0.903750 -0.131250 -0.247000
0.030250 0.238500 -0.169000
   
    
