-0.019307 0.182032 -0.096417
 0.936312 0.081529 -0.070307 
  

-0.089706 0.821738 -0.137454
 -0.019307 0.182032 -0.096417 
  

0.695261 1.016532 -0.133163
 -0.089706 0.821738 -0.137454 
  

0.936312 0.081529 -0.070307
 0.695261 1.016532 -0.133163 
  

-0.019307 0.182032 -0.096417
 0.936312 0.081529 -0.070307 
  

0.107984 0.139954 1.036970
 -0.019307 0.182032 -0.096417 
  

1.200239 0.027161 0.984941
 0.936312 0.081529 -0.070307 
  

0.107984 0.139954 1.036970
 1.200239 0.027161 0.984941 
  

-0.089706 0.821738 -0.137454
 -0.019307 0.182032 -0.096417 
  

0.107984 0.139954 1.036970
 -0.019307 0.182032 -0.096417 
  

0.016965 0.989481 1.005251
 -0.089706 0.821738 -0.137454 
  

0.107984 0.139954 1.036970
 0.016965 0.989481 1.005251 
  

0.695261 1.016532 -0.133163
 -0.089706 0.821738 -0.137454 
  

0.016965 0.989481 1.005251
 -0.089706 0.821738 -0.137454 
  

0.907511 1.203005 0.949720
 0.695261 1.016532 -0.133163 
  

0.016965 0.989481 1.005251
 0.907511 1.203005 0.949720 
  

0.936312 0.081529 -0.070307
 0.695261 1.016532 -0.133163 
  

1.200239 0.027161 0.984941
 0.936312 0.081529 -0.070307 
  

0.907511 1.203005 0.949720
 0.695261 1.016532 -0.133163 
  

1.200239 0.027161 0.984941
 0.907511 1.203005 0.949720 
  

0.107984 0.139954 1.036970
 1.200239 0.027161 0.984941 
  

0.107984 0.139954 1.036970
 0.016965 0.989481 1.005251 
  

0.016965 0.989481 1.005251
 0.907511 1.203005 0.949720 
  

1.200239 0.027161 0.984941
 0.907511 1.203005 0.949720 
  

