-0.238901 -0.061219 -0.069513
 1.040770 -0.034112 -0.053541 
  

0.081846 0.843353 0.083291
 -0.238901 -0.061219 -0.069513 
  

0.799794 0.847927 0.090489
 0.081846 0.843353 0.083291 
  

1.040770 -0.034112 -0.053541
 0.799794 0.847927 0.090489 
  

-0.238901 -0.061219 -0.069513
 1.040770 -0.034112 -0.053541 
  

-0.212020 0.003315 1.039236
 -0.238901 -0.061219 -0.069513 
  

1.040770 -0.034112 -0.053541
 1.262943 0.021845 0.837329 
  

-0.212020 0.003315 1.039236
 1.262943 0.021845 0.837329 
  

0.081846 0.843353 0.083291
 -0.238901 -0.061219 -0.069513 
  

-0.212020 0.003315 1.039236
 -0.238901 -0.061219 -0.069513 
  

0.081846 0.843353 0.083291
 0.094501 0.868761 1.088599 
  

-0.212020 0.003315 1.039236
 0.094501 0.868761 1.088599 
  

0.799794 0.847927 0.090489
 0.081846 0.843353 0.083291 
  

0.081846 0.843353 0.083291
 0.094501 0.868761 1.088599 
  

0.799794 0.847927 0.090489
 1.026581 0.871225 0.960028 
  

0.094501 0.868761 1.088599
 1.026581 0.871225 0.960028 
  

1.040770 -0.034112 -0.053541
 0.799794 0.847927 0.090489 
  

1.040770 -0.034112 -0.053541
 1.262943 0.021845 0.837329 
  

0.799794 0.847927 0.090489
 1.026581 0.871225 0.960028 
  

1.262943 0.021845 0.837329
 1.026581 0.871225 0.960028 
  

-0.212020 0.003315 1.039236
 1.262943 0.021845 0.837329 
  

-0.212020 0.003315 1.039236
 0.094501 0.868761 1.088599 
  

0.094501 0.868761 1.088599
 1.026581 0.871225 0.960028 
  

1.262943 0.021845 0.837329
 1.026581 0.871225 0.960028 
  

