8
2 5
0.070800 0.017900 1.094700
0.015200 0.901100 0.995400
   
    
3 5
0.061300 1.002100 0.990200
0.910000 1.017800 0.943500
   
    
4 5
0.962500 0.905500 0.935100
1.015500 -0.084300 0.979500
   
    
1 5
0.962400 0.057000 0.983100
-0.063500 -0.027600 0.991300
   
    
0 2
-0.056700 -0.025800 0.086600
-0.091000 0.994900 -0.056500
   
    
0 3
0.020500 0.954800 -0.068800
1.088500 0.984000 0.043500
   
    
0 4
0.921600 0.928600 -0.008000
1.039900 0.025300 0.094900
   
    
0 1
0.917400 -0.009200 -0.071700
-0.039800 -0.011900 0.054600
   
    
