-0.061928 -0.062301 -0.025168
 1.052564 0.062362 -0.086602 
  

-0.061752 0.969798 0.039901
 -0.061928 -0.062301 -0.025168 
  

1.061861 1.027475 -0.026324
 -0.061752 0.969798 0.039901 
  

1.052564 0.062362 -0.086602
 1.061861 1.027475 -0.026324 
  

-0.061928 -0.062301 -0.025168
 1.052564 0.062362 -0.086602 
  

-0.051910 -0.004219 1.077048
 -0.061928 -0.062301 -0.025168 
  

1.052564 0.062362 -0.086602
 0.935750 0.105380 1.005628 
  

-0.051910 -0.004219 1.077048
 0.935750 0.105380 1.005628 
  

-0.061752 0.969798 0.039901
 -0.061928 -0.062301 -0.025168 
  

-0.051910 -0.004219 1.077048
 -0.061928 -0.062301 -0.025168 
  

-0.061752 0.969798 0.039901
 -0.052351 0.988074 1.072609 
  

-0.051910 -0.004219 1.077048
 -0.052351 0.988074 1.072609 
  

1.061861 1.027475 -0.026324
 -0.061752 0.969798 0.039901 
  

-0.061752 0.969798 0.039901
 -0.052351 0.988074 1.072609 
  

1.061861 1.027475 -0.026324
 0.951599 1.039382 1.000282 
  

-0.052351 0.988074 1.072609
 0.951599 1.039382 1.000282 
  

1.052564 0.062362 -0.086602
 1.061861 1.027475 -0.026324 
  

1.052564 0.062362 -0.086602
 0.935750 0.105380 1.005628 
  

1.061861 1.027475 -0.026324
 0.951599 1.039382 1.000282 
  

0.935750 0.105380 1.005628
 0.951599 1.039382 1.000282 
  

-0.051910 -0.004219 1.077048
 0.935750 0.105380 1.005628 
  

-0.051910 -0.004219 1.077048
 -0.052351 0.988074 1.072609 
  

-0.052351 0.988074 1.072609
 0.951599 1.039382 1.000282 
  

0.935750 0.105380 1.005628
 0.951599 1.039382 1.000282 
  

