8
2 5
-0.038400 -0.098700 1.076000
0.012500 0.905500 1.055400
   
    
3 5
0.031400 0.973600 1.066300
1.054600 0.912100 0.914700
   
    
4 5
0.901300 0.975200 0.938800
1.001500 0.075100 1.092500
   
    
1 5
1.042500 0.024700 1.003200
0.074500 -0.081500 0.945800
   
    
0 2
0.074400 0.037300 0.042900
0.077300 0.981700 0.069300
   
    
0 3
-0.096300 0.937800 0.053100
1.067700 1.091100 -0.041800
   
    
0 4
1.037800 1.042400 -0.074200
1.046900 -0.047300 -0.068600
   
    
0 1
1.045500 -0.027800 0.033000
0.026900 -0.045300 0.038800
   
    
