0.023478 0.030820 0.011260
 1.018192 0.028335 0.005710 
  

-0.031660 1.044027 -0.021086
 0.023478 0.030820 0.011260 
  

1.033293 1.037332 -0.026898
 -0.031660 1.044027 -0.021086 
  

1.018192 0.028335 0.005710
 1.033293 1.037332 -0.026898 
  

0.023478 0.030820 0.011260
 1.018192 0.028335 0.005710 
  

0.083700 -0.022820 1.021007
 0.023478 0.030820 0.011260 
  

1.018192 0.028335 0.005710
 1.032125 -0.028326 1.074969 
  

0.083700 -0.022820 1.021007
 1.032125 -0.028326 1.074969 
  

-0.031660 1.044027 -0.021086
 0.023478 0.030820 0.011260 
  

0.083700 -0.022820 1.021007
 0.023478 0.030820 0.011260 
  

0.027076 1.023796 0.993444
 -0.031660 1.044027 -0.021086 
  

0.083700 -0.022820 1.021007
 0.027076 1.023796 0.993444 
  

1.033293 1.037332 -0.026898
 -0.031660 1.044027 -0.021086 
  

0.027076 1.023796 0.993444
 -0.031660 1.044027 -0.021086 
  

1.033293 1.037332 -0.026898
 1.047900 1.016132 1.051565 
  

0.027076 1.023796 0.993444
 1.047900 1.016132 1.051565 
  

1.018192 0.028335 0.005710
 1.033293 1.037332 -0.026898 
  

1.018192 0.028335 0.005710
 1.032125 -0.028326 1.074969 
  

1.033293 1.037332 -0.026898
 1.047900 1.016132 1.051565 
  

1.032125 -0.028326 1.074969
 1.047900 1.016132 1.051565 
  

0.083700 -0.022820 1.021007
 1.032125 -0.028326 1.074969 
  

0.083700 -0.022820 1.021007
 0.027076 1.023796 0.993444 
  

0.027076 1.023796 0.993444
 1.047900 1.016132 1.051565 
  

1.032125 -0.028326 1.074969
 1.047900 1.016132 1.051565 
  

