8
2 5
0.257500 0.137000 0.674000
0.209000 1.435000 0.885000
   
    
3 5
-0.390000 1.240500 0.561500
1.385000 0.984000 1.084500
   
    
4 5
0.939500 1.031000 0.870000
0.960500 -0.136500 0.604000
   
    
1 5
0.680000 0.023000 1.047000
0.322500 0.424500 0.698000
   
    
0 2
-0.464500 -0.184000 -0.300000
0.201000 0.818500 -0.455000
   
    
0 3
-0.482000 0.518500 0.332500
0.813000 0.648500 -0.039500
   
    
0 4
0.616500 0.893500 0.471000
0.972000 0.364500 -0.063000
   
    
0 1
1.145500 -0.276000 -0.168000
0.123500 -0.250000 -0.444000
   
    
