-0.112261 0.052628 -0.011095
 0.781934 -0.132797 0.428883 
  

-0.136845 0.109046 -0.021219
 -0.112261 0.052628 -0.011095 
  

0.561784 0.297720 0.335355
 -0.136845 0.109046 -0.021219 
  

0.781934 -0.132797 0.428883
 0.561784 0.297720 0.335355 
  

-0.112261 0.052628 -0.011095
 0.781934 -0.132797 0.428883 
  

0.148391 0.232296 0.889110
 -0.112261 0.052628 -0.011095 
  

1.022000 -0.054348 0.970540
 0.781934 -0.132797 0.428883 
  

0.148391 0.232296 0.889110
 1.022000 -0.054348 0.970540 
  

-0.136845 0.109046 -0.021219
 -0.112261 0.052628 -0.011095 
  

0.148391 0.232296 0.889110
 -0.112261 0.052628 -0.011095 
  

-0.400208 1.562266 0.735589
 -0.136845 0.109046 -0.021219 
  

0.148391 0.232296 0.889110
 -0.400208 1.562266 0.735589 
  

0.561784 0.297720 0.335355
 -0.136845 0.109046 -0.021219 
  

-0.400208 1.562266 0.735589
 -0.136845 0.109046 -0.021219 
  

0.441863 1.201666 0.821585
 0.561784 0.297720 0.335355 
  

-0.400208 1.562266 0.735589
 0.441863 1.201666 0.821585 
  

0.781934 -0.132797 0.428883
 0.561784 0.297720 0.335355 
  

1.022000 -0.054348 0.970540
 0.781934 -0.132797 0.428883 
  

0.441863 1.201666 0.821585
 0.561784 0.297720 0.335355 
  

1.022000 -0.054348 0.970540
 0.441863 1.201666 0.821585 
  

0.148391 0.232296 0.889110
 1.022000 -0.054348 0.970540 
  

0.148391 0.232296 0.889110
 -0.400208 1.562266 0.735589 
  

-0.400208 1.562266 0.735589
 0.441863 1.201666 0.821585 
  

1.022000 -0.054348 0.970540
 0.441863 1.201666 0.821585 
  

