8
2 5
0.069700 0.089900 0.981100
-0.058700 0.993700 1.013400
   
    
3 5
-0.047500 1.036400 0.950300
1.036900 1.008300 1.051800
   
    
4 5
1.011900 0.956000 1.044200
0.930300 -0.074000 1.076700
   
    
1 5
1.031800 -0.065200 1.025900
0.060000 -0.023700 1.097100
   
    
0 2
0.051900 -0.011700 -0.018400
0.040200 1.023700 -0.075200
   
    
0 3
0.018800 1.036900 -0.045800
0.987800 1.025000 -0.098800
   
    
0 4
1.013200 1.044100 0.058400
1.064000 0.051100 0.023700
   
    
0 1
0.971000 0.069600 -0.019300
-0.029900 -0.097200 -0.049100
   
    
