0.093893 -0.026218 -0.030776
 1.025888 0.034230 0.001554 
  

0.004537 1.036448 -0.060250
 0.093893 -0.026218 -0.030776 
  

1.045882 1.016407 -0.021965
 0.004537 1.036448 -0.060250 
  

1.025888 0.034230 0.001554
 1.045882 1.016407 -0.021965 
  

0.093893 -0.026218 -0.030776
 1.025888 0.034230 0.001554 
  

0.067628 -0.070124 1.026278
 0.093893 -0.026218 -0.030776 
  

1.025888 0.034230 0.001554
 0.960791 -0.012451 1.063686 
  

0.067628 -0.070124 1.026278
 0.960791 -0.012451 1.063686 
  

0.004537 1.036448 -0.060250
 0.093893 -0.026218 -0.030776 
  

0.067628 -0.070124 1.026278
 0.093893 -0.026218 -0.030776 
  

-0.024738 1.029852 0.991264
 0.004537 1.036448 -0.060250 
  

0.067628 -0.070124 1.026278
 -0.024738 1.029852 0.991264 
  

1.045882 1.016407 -0.021965
 0.004537 1.036448 -0.060250 
  

-0.024738 1.029852 0.991264
 0.004537 1.036448 -0.060250 
  

1.045882 1.016407 -0.021965
 0.981818 1.010430 1.035799 
  

-0.024738 1.029852 0.991264
 0.981818 1.010430 1.035799 
  

1.025888 0.034230 0.001554
 1.045882 1.016407 -0.021965 
  

1.025888 0.034230 0.001554
 0.960791 -0.012451 1.063686 
  

1.045882 1.016407 -0.021965
 0.981818 1.010430 1.035799 
  

0.960791 -0.012451 1.063686
 0.981818 1.010430 1.035799 
  

0.067628 -0.070124 1.026278
 0.960791 -0.012451 1.063686 
  

0.067628 -0.070124 1.026278
 -0.024738 1.029852 0.991264 
  

-0.024738 1.029852 0.991264
 0.981818 1.010430 1.035799 
  

0.960791 -0.012451 1.063686
 0.981818 1.010430 1.035799 
  

