-0.150902 -0.211368 0.204848
 0.741203 -0.099236 0.210460 
  

-0.192379 0.968158 0.128189
 -0.150902 -0.211368 0.204848 
  

0.620143 1.024545 0.136250
 -0.192379 0.968158 0.128189 
  

0.741203 -0.099236 0.210460
 0.620143 1.024545 0.136250 
  

-0.150902 -0.211368 0.204848
 0.741203 -0.099236 0.210460 
  

-0.039364 -0.087607 1.337766
 -0.150902 -0.211368 0.204848 
  

0.972916 0.015457 1.094744
 0.741203 -0.099236 0.210460 
  

-0.039364 -0.087607 1.337766
 0.972916 0.015457 1.094744 
  

-0.192379 0.968158 0.128189
 -0.150902 -0.211368 0.204848 
  

-0.039364 -0.087607 1.337766
 -0.150902 -0.211368 0.204848 
  

-0.084948 1.377375 1.300949
 -0.192379 0.968158 0.128189 
  

-0.039364 -0.087607 1.337766
 -0.084948 1.377375 1.300949 
  

0.620143 1.024545 0.136250
 -0.192379 0.968158 0.128189 
  

-0.084948 1.377375 1.300949
 -0.192379 0.968158 0.128189 
  

0.848166 1.363359 1.080476
 0.620143 1.024545 0.136250 
  

-0.084948 1.377375 1.300949
 0.848166 1.363359 1.080476 
  

0.741203 -0.099236 0.210460
 0.620143 1.024545 0.136250 
  

0.972916 0.015457 1.094744
 0.741203 -0.099236 0.210460 
  

0.848166 1.363359 1.080476
 0.620143 1.024545 0.136250 
  

0.972916 0.015457 1.094744
 0.848166 1.363359 1.080476 
  

-0.039364 -0.087607 1.337766
 0.972916 0.015457 1.094744 
  

-0.039364 -0.087607 1.337766
 -0.084948 1.377375 1.300949 
  

-0.084948 1.377375 1.300949
 0.848166 1.363359 1.080476 
  

0.972916 0.015457 1.094744
 0.848166 1.363359 1.080476 
  

