68

    0  24
      2.6741532181     2.0767431958    -2.9562039039
      1.5238430416     1.1654245915    -0.5926376858
       

    0  42
      1.5285307885     1.1627007649    -0.5931327838
      2.2696233544     0.5715468398    -1.0145520061
       

    0  43
      3.5953190201    -0.4165085721    -1.8154672674
      2.1932194878     0.6351480373    -0.9704442352
       

    1  25
      2.1159146815    -3.1658559749    -2.9619124190
      1.2382564724    -1.9815233831    -0.6186525921
       

     1  30
      2.1163825195    -3.1576612336    -2.9522939684
      3.4250458255    -1.1183283334    -1.7895618093
       

     1  44
      1.8327412740    -1.7223279920    -0.9118602720
      3.4785504348    -1.0772613461    -1.7919597630
       

    1  45
      1.2353211743    -1.9880370323    -0.6200622191
      2.2947960947    -1.5362060772    -1.1548590494
       

     2  26
     -3.0764859941    -2.3914582306    -2.9727280238
     -1.9244652835    -1.4845684646    -0.6055883571
       

    2  33
     -3.0800913897    -2.3960153337    -2.9733998693
     -0.9117986611    -3.8158340318    -1.7877882255
       

     2  48
     -0.8794767732    -3.8468334419    -1.7801402495
     -1.5201998635    -2.3254559399    -0.9863912755
       

    2  49
     -1.4990791005    -2.3722078171    -1.0098780429
     -1.9253995824    -1.4874353018    -0.6073953329
       

     3  27
     -2.4979721158     2.7815155475    -2.9478038235
     -1.5718701100     1.6383224951    -0.5907915118
       

     3  36
     -2.4848904774     2.8052954007    -2.9631722032
     -0.1170724101     3.5341365417    -1.7363236693
       

    3  38
     -1.5706563383     1.6446808779    -0.5943822364
     -0.8839380296     2.4882521362    -1.0757997812
       

     3  39
     -0.9428607359     2.4150107786    -1.0332560748
     -0.0753447328     3.5550879840    -1.7260813549
       

     4   5
     -0.2002682790    -0.1585413851     0.4272346214
      0.1748565880     0.1355368386     0.2295290274
       

     4   7
     -0.1976329587    -0.1597537960     0.4290774279
     -0.4912992883     0.2253458997     0.2308290392
       

     4  37
     -0.1973466506    -0.1533098105     0.4252487793
      0.1975483500     0.1542899424     0.2166443122
       

    4  39
     -0.4866048622     0.2169833997     0.2348729985
      0.2627139672     3.7765581835    -1.8634667311
       

     4  40
      0.1601779739     0.1207942615     0.2385441699
      0.2830382262     3.7758927518    -1.8646376666
       

     5   6
      0.1090362978    -0.5598158201     0.2205571641
     -0.2004507953    -0.1544609315     0.4271412023
       

     5  37
      0.1778968883     0.1330944778     0.2303282598
      3.7707988698    -0.7412142568    -1.9217995607
       

     5  44
      0.0731943742    -0.5554641308     0.2410536263
      3.8056142554    -0.7589706237    -1.9423987174
       

    5  45
      0.1145854363    -0.5647445721     0.2172597004
      0.6503413305    -0.6008984471    -0.0955535900
       

    6   7
     -0.5926190367    -0.4560528695     0.2165486671
     -0.1978021351    -0.1505145124     0.4290247759
       

     6  47
     -0.6344103150    -4.0648152067    -1.8713621993
      0.0985649718    -0.5517388658     0.2238889501
       

     6  48
     -0.6487847542    -4.0816638940    -1.8823125312
     -0.5835232972    -0.4445017536     0.2242755049
       

     7  51
     -4.0960990184     0.3572030009    -1.8927676419
     -0.5925522423    -0.4546068256     0.2165099749
       

     7  52
     -4.0896992937     0.3704072506    -1.8890147619
     -0.4852289075     0.2225603296     0.2347848139
       

    24  28
      0.4908066178     3.5442959697    -1.7657928080
      2.6734566685     2.0771974190    -2.9533479860
       

    24  40
      1.1433037042     1.9653534095    -0.9487850058
      0.4724154416     3.5807472969    -1.7816148565
       

    24  41
      1.5267519096     1.1624099144    -0.5907591259
      1.1242379683     2.0091518006    -0.9708509048
       

    25  31
     -0.1484568531    -3.7964695400    -1.7152626934
      2.1171714994    -3.1651272899    -2.9622495873
       

    25  46
      0.5864529922    -2.7727990209    -1.0568167645
      1.2386201547    -1.9821949286    -0.6184505420
       

    25  47
     -0.1905815780    -3.8213699476    -1.7101921043
      0.6148415066    -2.7377928292    -1.0365650948
       

    26  34
     -3.0809659327    -2.3901401144    -2.9742110910
     -3.9184630060    -0.0005578293    -1.8108662817
       

    26  50
     -2.8218027684    -0.7879205419    -1.1244594655
     -1.9233448837    -1.4988458766    -0.6158575939
       

    26  51
     -3.9488076643     0.0464586464    -1.8053672249
     -2.7353659729    -0.8541633320    -1.0736444227
       

    27  35
     -3.8033512121     0.6788686292    -1.7581091182
     -2.5345953212     2.7715881455    -2.9707024879
       

    27  52
     -3.8232056386     0.6684301047    -1.7672639919
     -2.4645638163     1.2300889838    -1.0308038393
       

    27  53
     -2.5086683394     1.2094314815    -1.0525123810
     -1.5696330862     1.6430194958    -0.5909986935
       

    28  40
      0.4791445965     3.5601552412    -1.7705841206
      0.5285454784     3.4459716805    -1.7123985945
       

    28 255
      1.4655538166     3.4742880534    -2.9516878493
      0.4810652006     3.5566046134    -1.7692552958
       

    29  43
      3.6292275370    -0.4475401360    -1.8359440848
      3.8181232660    -0.7131970386    -1.9506897341
       

    32  33
     -1.9075899109    -3.7405246723    -2.9879532265
     -0.8895856980    -3.8403905193    -1.7889585218
       

    32  48
     -0.8797333465    -3.8403912646    -1.7745466131
     -0.6686016479    -4.0710742175    -1.8787347162
       

   35  52
     -3.8279318367     0.6647090875    -1.7696538703
     -3.6773661878     0.7295551387    -1.6889017206
       

   35 268
     -3.7922910153     1.6342476879    -2.9517949306
     -3.8108080615     0.6707309348    -1.7594266459
       

    36  39
     -0.1564424545     3.4491034289    -1.6619905584
     -0.0578948187     3.5713440812    -1.7356705635
       

   37  43
      0.1821266020     0.1422226081     0.2238570617
      3.8538302639    -0.7563128473    -1.9704881880
       

    38  39
     -0.4925522435     0.2542816982     0.2155661894
     -0.9258365010     2.4411005550    -1.0490872510
       

    38  53
     -0.4891771430     0.2218306352     0.2327814224
     -1.5722827162     1.6404803641    -0.5915803574
       

   39 269
     -0.0820509870     3.5435760756    -1.7194604518
      0.2586194686     3.7908075223    -1.8735151005
       

    40  41
      0.1795105128     0.1585663732     0.2156828143
      1.1309790753     2.0082251689    -0.9719876121
       

    40 255
      0.4763633228     3.5608987805    -1.7705153049
      0.2869385192     3.7828444452    -1.8711658717
       

   41  42
      0.1974426996     0.1511267891     0.2153962318
      1.5245831578     1.1633160096    -0.5904827570
       

    42  43
      0.2269346868     0.1466584548     0.1997239724
      2.2551843037     0.5858999991    -1.0060395247
       

    44  45
      0.0849157211    -0.5506827333     0.2373633097
      2.1679017644    -1.5951256670    -1.0907582765
       

    44 266
      3.4561187871    -1.0796349043    -1.7791848027
      3.8044999432    -0.8010903848    -1.9482091735
       

   45  46
      1.2353060121    -1.9851033327    -0.6195790031
      0.1234232085    -0.5753922190     0.2102510947
       

   46  47
      0.6017654262    -2.7617124741    -1.0513804362
      0.1057857608    -0.5858357287     0.2055976881
       

   47 267
     -0.6141227197    -4.0895564215    -1.8836454758
     -0.1803725672    -3.8077388634    -1.7020456313
       

    48  49
     -1.5090609497    -2.3761640075    -1.0142052304
     -0.5974323644    -0.4676658891     0.2097051285
       

    49  50
     -1.9153336589    -1.4964058844    -0.6098214258
     -0.6047954255    -0.4626997643     0.2096779523
       

    50  51
     -2.7927561138    -0.8178292644    -1.1077396626
     -0.6307263141    -0.4597310374     0.1957343579
       

    51 257
     -3.9342754722     0.0348696603    -1.7967803765
     -4.1439526881     0.3594969490    -1.9236063490
       

    52  53
     -2.4717053895     1.2329548839    -1.0353716010
     -0.5006005274     0.2380728803     0.2252557010
       

    52 268
     -3.8147023412     0.6666500390    -1.7602693625
     -4.1140211310     0.3829633993    -1.9044836207
       
