
35

      0   1
      0.0365446224     0.4631281709    -1.6595623497
      0.2895295686     0.9721744454    -2.1200405814
       
      0   7
     -0.0398053529     0.4370264137    -1.6315880763
     -0.2342805818     1.0394245220    -2.1414484266
       

      0  16
      0.2936020752     0.9149125665    -2.0695147443
      0.0682826365     3.3313142307    -4.1618235668
       

      0  31
     -0.2381046003     1.0281934655    -2.1319274193
      0.0850877007     3.3808890259    -4.2046584168
       

      1   2
      0.0837268688     0.3840820428    -1.6479195025
      0.3427741561     0.4674762282    -1.8685053522
       
      1  17
      2.1840212289     2.3758152869    -4.1896614640
      0.2770626750     0.9505219278    -2.0965694543
       
     1  18
      0.6067727573     0.5424265013    -2.0874159301
      2.1849944600     2.3534593237    -4.1783565056
       
     2   3
      0.0024832891     0.3462234952    -1.5790381790
      0.5916117992     0.0430844831    -2.1229792461
       
     2  19
      0.5881825291     0.5522874761    -2.0763972400
      2.9582930090     0.2568934921    -4.1857506226
       
     2  20
      0.5413032305     0.0429793140    -2.0775988458
      2.9517230362     0.2255553661    -4.1829516919
       
     3   4
      0.2200854206    -0.3341570415    -2.1592727344
      0.0214306632     0.2480790932    -1.6567093300
       
     3  20
      0.4170220033     0.1298523805    -1.9633114995
      0.5811671212     0.0481170562    -2.1137957375
       
     3  21
      2.0828954719    -1.7695490456    -4.1950539553
      0.5835567796     0.0483005263    -2.1146767171
       
     3  22
      0.2056239538    -0.3245922383    -2.1451001123
      2.0583103208    -1.7753208644    -4.1854947269
       
     4   5
     -0.3303794392    -0.2744842348    -2.1445362061
     -0.0752109086     0.2218426027    -1.6868826189
       
     4  23
     -0.2624235800    -2.6276415782    -4.2150105480
      0.2101768722    -0.2966498642    -2.1257339454
       
     4  24
     -0.2746171766    -2.5775777840    -4.1728621113
     -0.3189180281    -0.2542958627    -2.1237183750
       
     5   6
     -0.6701598348     0.1395586690    -2.1245257305
     -0.0620324632     0.3441192695    -1.6056088157
       
     5  25
     -2.3401819003    -1.5567021452    -4.2105182767
     -0.3176525364    -0.2571081191    -2.1267619122
       
     5  26
     -2.2882379743    -1.4824979605    -4.1341157352
     -0.6713779623     0.1437277581    -2.1219377650
       
     6   7
     -0.6437591244     0.6779088673    -2.1359369623
     -0.0461034553     0.3751955475    -1.5959727650
       
     6  27
     -3.0208052318     0.5166069424    -4.2063981987
     -0.6583023988     0.1380803853    -2.1142276399
       
     6  28
     -2.9690342340     0.5370143745    -4.1635628181
     -0.6402626555     0.6798708700    -2.1344165261
       
     7  29
     -0.6199138014     0.6533409416    -2.1054286450
     -1.9786922879     2.6566658904    -4.2071089569
       
     7  30
     -1.9515136245     2.6542828432    -4.1902373547
     -0.2233115666     1.0387568049    -2.1340167124
       
    16  17
      0.2809051527     0.9471411795    -2.0961759754
      1.2198348060     2.9782741293    -4.1469885323
       
    16 222
      0.9542935103     3.1922496614    -4.2612204149
      1.2185228738     2.9614605249    -4.1303673820
       
    17 222
      1.2106197690     2.9607172523    -4.1239917253
      1.6477160213     2.8268475055    -4.2499297607
       
    18  19
      0.6130454010     0.5504122113    -2.0968464843
      2.7492627560     1.4170996237    -4.1666905266
       
    20  21
      0.5842626700     0.0425036524    -2.1163189410
      2.7185776414    -0.8005931034    -4.1760097025
       
    22  23
      1.0192697778    -2.4455025931    -4.1850516694
      0.2113816943    -0.3125186898    -2.1388463159
       
    24  25
     -1.4126326653    -2.3138804421    -4.2388901891
     -0.3174103133    -0.2542706372    -2.1239643048
       
    26  27
     -2.8823653727    -0.6240396607    -4.2173563052
     -0.6744194613     0.1356354694    -2.1278907846
       
    28  29
     -2.7139752155     1.6852714897    -4.2074915536
     -0.6410845697     0.6821552486    -2.1360561986
       
    30  31
     -0.2430051908     1.0622096522    -2.1619643749
     -1.0800283344     3.1846634307    -4.2009938448
       
