0.147750 -0.194500 0.865500
0.153250 1.203750 0.874250   
   

0.120500 1.127000 0.795250
0.897000 0.806000 1.105750   
   

1.182250 0.889250 0.998250
0.794750 0.175000 0.774250   
   

1.128250 -0.175000 1.040500
0.123250 -0.130250 0.797250   
   

-0.066750 0.231250 0.131500
0.078250 0.934250 0.142500   
   

-0.062500 0.759000 -0.022750
0.814750 0.884750 0.196750   
   

1.144000 1.002750 -0.126500
1.101250 0.119250 -0.095500   
   

0.826750 -0.092500 -0.087000
-0.070250 0.151000 0.165000   
   

