536
3.441488 -1.153673 -1.854629
2.089550 -3.133027 -2.893755
2.103066 -3.135620 -2.910674
-0.181564 -3.808023 -1.702072
-3.087375 -2.359244 -2.945649
-1.568380 1.639238 -0.590397
-0.161692 3.452299 -1.663865
-0.082051 3.543576 -1.719460
-1.011376 2.335498 -0.987105
0.272145 3.801086 -1.880470
0.258619 3.790808 -1.873515
-0.487266 0.443378 0.104949
0.555672 3.392647 -1.685309
0.476363 3.560899 -1.770515
0.286939 3.782844 -1.871166
1.145394 1.969852 -0.953568
0.174077 0.159867 0.215763
1.537045 1.152121 -0.598405
1.521124 1.162492 -0.589321
3.595319 -0.416509 -1.815467
3.629228 -0.447540 -1.835944
2.193219 0.635148 -0.970444
3.854368 -0.762573 -1.974197
0.166485 0.132235 0.232207
0.199065 0.154057 0.214050
3.818123 -0.713197 -1.950690
0.506269 0.152918 0.033550
3.847549 -0.767672 -1.970420
-0.146895 -0.125699 0.404702
3.456119 -1.079635 -1.779185
3.804500 -0.801090 -1.948209
1.244348 -1.977412 -0.623617
2.011599 -1.653802 -1.009621
0.407520 -0.669411 0.036880
1.233031 -1.980811 -0.617726
0.137137 -0.592210 0.200484
-0.183009 -3.807745 -1.700394
0.606502 -2.748098 -1.043463
-0.636968 -4.107012 -1.896652
0.101893 -0.551819 0.224355
-0.620566 -4.095708 -1.888641
0.103637 -0.586983 0.204192
-0.914554 -3.770259 -1.738856
-0.879733 -3.840391 -1.774547
-0.668602 -4.071074 -1.878735
-1.532130 -2.305927 -0.978691
-0.584759 -0.476609 0.205944
-1.916122 -1.495907 -0.610272
-1.915334 -1.496406 -0.609821
-3.929042 0.029072 -1.792049
-3.935008 0.034506 -1.795648
-4.143698 0.357142 -1.921703
-2.786845 -0.816835 -1.103196
-0.575009 -0.443580 0.225910
-0.604795 -0.462700 0.209678
-4.122456 0.375273 -1.908932
-0.686406 -0.455731 0.161338
-3.634475 0.751357 -1.664060
-3.814702 0.666650 -1.760269
-4.114021 0.382963 -1.904484
-1.569489 1.637442 -0.589371
-0.491561 0.224661 0.230739
-0.485933 0.216115 0.235200
-2.401957 1.260335 -0.998460
-0.563876 0.239375 0.187951
4.274163 -0.853985 -3.489119
2.840155 -1.375821 -4.232067
2.820099 -1.378484 -4.242738
2.828433 -1.378383 -4.238242
0.261801 -3.371715 -4.216248
0.241595 -3.404968 -4.197957
-1.293156 -3.129788 -4.239596
-1.295247 -3.138006 -4.233880
-3.033074 -2.421091 -3.546901
-3.408114 -0.534518 -4.213859
-3.413702 -0.534812 -4.209575
-3.162127 1.045775 -4.241619
-3.163522 1.046470 -4.240451
-2.501603 2.777537 -3.534500
-0.645694 3.064551 -4.195621
-0.633778 3.042967 -4.213430
-0.642108 3.062533 -4.198388
0.333220 4.292855 -3.481713
0.943687 2.807542 -4.220765
0.945243 2.811686 -4.217423
3.042045 0.136854 -4.214582
2.664336 2.081944 -3.540581
3.060215 0.128831 -4.204283
3.049147 0.134601 -4.210610
4.266202 -0.831020 -2.700619
4.274497 -0.854027 -3.488888
0.333952 4.301784 -3.475541
-2.814804 -2.713019 -2.977663
2.657333 2.093366 -2.956154
2.673975 2.091027 -3.529302
2.118680 -3.159768 -2.961666
2.148401 -3.135666 -3.521694
2.103449 -3.169973 -3.521643
-4.081503 -0.916605 -2.995120
-4.077283 -0.917628 -3.526638
-4.442278 -0.240207 -3.485929
0.967583 3.946895 -3.460574
-0.685525 -4.647090 -2.867804
0.625750 -4.157528 -3.001990
0.622649 -4.158912 -3.532097
-3.796853 1.628132 -2.948415
-4.499124 0.801694 -3.082989
-4.500280 0.798884 -3.450377
1.461093 3.478053 -2.949949
-1.889006 -3.749125 -2.973464
-1.877810 -3.754105 -3.542435
0.056924 -4.458263 -3.482302
-4.594837 0.612766 -3.004669
-4.594527 0.612230 -3.455614
3.936763 -1.465246 -3.489709
4.022184 -1.360470 -3.024928
4.014394 -1.368410 -3.473950
-1.175327 -4.390642 -3.093701
-1.160539 -4.400145 -3.480284
-4.588972 0.134291 -3.050366
-4.599053 0.164426 -3.442585
0.614076 4.180672 -2.939239
0.631698 4.184430 -3.435948
0.486635 4.246433 -2.874105
0.488709 4.260301 -3.442103
-0.657254 -4.655870 -3.455610
-0.661441 -4.654085 -2.900166
-0.662394 -4.656151 -3.455097
3.895757 0.235792 -2.984561
3.911818 0.230283 -3.515728
-2.644882 2.687198 -2.983940
-4.560658 0.042064 -3.078977
-4.567592 0.062127 -3.447357
-4.497468 -0.125038 -3.106291
-4.508991 -0.092883 -3.462857
-0.370249 -4.613414 -3.057219
-0.367828 -4.614550 -3.439014
-0.884079 -4.573174 -3.009781
-0.886988 -4.571539 -3.447532
-0.961336 -4.532261 -3.044634
-0.955423 -4.535304 -3.451566
-4.398887 0.944279 -3.094981
-4.397544 0.945016 -3.465319
1.007119 3.901122 -3.018117
0.994895 3.925030 -3.461075
3.904785 -1.506957 -3.037645
3.915564 -1.491706 -3.489966
-1.580677 3.454332 -3.028861
-1.578176 3.456911 -3.496708
4.240221 -0.984778 -2.864095
4.245645 -0.969962 -3.466233
-0.045886 4.260747 -2.987785
-0.044021 4.263276 -3.444857
0.064923 4.287132 -2.939989
0.073290 4.291431 -3.442978
-3.087938 -2.372513 -2.960108
-3.036340 -2.431718 -3.539163
-3.056618 -2.412529 -2.963128
-3.013879 -2.460460 -3.537555
-3.244233 -2.172235 -2.995066
-3.264329 -2.140437 -3.516223
2.563011 2.211473 -2.960618
2.604961 2.159913 -2.959628
2.597533 2.187784 -3.522866
2.350432 2.473161 -2.977900
2.306627 2.544507 -3.504902
-4.637404 0.442010 -2.859948
-4.638543 0.461064 -2.886007
-4.642954 0.441891 -3.461002
-4.634827 0.376264 -2.916662
-4.640043 0.381911 -3.452042
0.754387 4.096230 -2.991808
0.747346 4.113598 -3.437209
0.821395 4.049555 -3.006820
0.839079 4.049303 -3.443553
-2.518858 -3.068775 -3.004559
-2.505337 -3.079552 -3.518193
3.072866 -2.351393 -3.018573
4.266116 -0.719521 -2.804424
-1.788630 -3.849136 -3.006792
-1.807304 -3.824667 -3.537250
-3.903349 1.514784 -2.983997
-3.909975 1.508626 -3.529048
0.437143 4.264161 -2.836394
0.439434 4.279100 -3.449066
2.807628 1.903291 -2.973687
2.862220 1.851645 -3.511152
2.938677 1.749617 -3.506109
-4.635514 0.476324 -3.473042
-4.638005 0.465768 -2.891061
-4.642398 0.446628 -3.462304
1.277626 -3.752810 -3.030389
1.274399 -3.754080 -3.507321
1.543188 -3.572357 -3.018798
1.545654 -3.569736 -3.507520
-0.539849 -4.642683 -2.976184
-0.533395 -4.643470 -3.444772
-0.629485 -4.652407 -2.922612
-0.633585 -4.654557 -3.452792
-4.514914 0.775943 -3.076931
-4.514017 0.776470 -3.449415
-4.556697 0.697120 -3.047370
-4.557220 0.694872 -3.450388
3.572496 0.809140 -3.510222
-0.448474 4.099955 -3.497956
-0.429241 4.107562 -3.040974
-0.450087 4.099227 -3.497924
-0.278055 4.175810 -3.034195
-0.272151 4.179500 -3.468936
4.266566 -0.827105 -2.704968
4.280786 -0.771356 -3.471934
4.269504 -0.754683 -2.778137
4.281345 -0.744439 -3.467473
-1.756126 3.335088 -3.024774
-1.737392 3.348709 -3.497117
-2.075661 3.111434 -3.007950
-2.099839 3.095045 -3.503071
-2.506097 2.795005 -2.970302
-2.513391 2.789101 -3.521152
-2.469068 2.823726 -2.973678
-2.468702 2.823767 -3.518101
-2.642005 2.689578 -2.983834
-2.658733 2.676366 -3.512677
4.229220 -0.512786 -2.926401
4.232530 -0.480360 -3.462331
3.158875 1.418978 -2.976788
3.174867 1.395475 -2.977646
0.457371 -4.252881 -3.045518
0.438003 -4.263463 -3.510834
0.599968 -4.173042 -3.010365
0.595753 -4.175109 -3.528292
-0.770085 -4.620823 -2.937014
-0.821412 -4.601497 -2.973347
-0.804653 -4.608716 -3.446698
4.225181 -0.496966 -2.933402
4.229347 -0.468320 -3.462777
4.196685 -0.401608 -2.967640
4.210186 -0.405702 -3.466954
-0.600947 4.025106 -3.039711
-0.583334 4.035244 -3.498133
-0.768353 3.938117 -3.026524
-0.784712 3.930650 -3.504301
1.905050 3.016244 -3.491862
2.059454 2.819710 -2.988566
2.201224 2.669745 -3.500673
-4.077162 -0.923936 -2.995960
-4.067457 -0.934255 -3.525587
-3.919343 -1.181254 -3.017095
-3.928256 -1.161522 -3.514847
-0.106043 4.241796 -3.005350
-0.125591 4.237503 -3.450524
-0.235109 4.193188 -3.028630
-0.172839 4.219686 -3.455839
-2.107597 -3.525844 -2.999021
-2.149275 -3.476376 -3.524367
-1.970047 -3.667960 -2.984797
-1.946309 -3.685665 -3.536993
-3.392576 -1.971202 -3.017032
-3.348056 -2.027125 -3.510973
-4.176351 -0.755721 -3.038969
-4.180092 -0.743995 -3.508692
-4.267209 -0.593118 -3.072965
-4.251197 -0.617133 -3.498835
-1.028785 3.795068 -2.992021
-1.145547 3.727346 -3.006131
3.477136 -1.966757 -2.986239
3.534369 -1.906194 -3.525241
3.583734 -1.858376 -3.007304
3.562052 -1.878089 -3.521681
3.458469 -1.985705 -2.989323
3.454277 -1.987585 -3.518630
2.172113 -3.118965 -2.970834
2.174105 -3.116055 -3.519784
2.344409 -2.980881 -2.991667
2.337076 -2.985510 -3.511514
-3.643665 -1.607724 -3.030442
-3.660847 -1.576819 -3.504876
-3.789370 -1.385943 -3.027100
-3.776637 -1.400520 -3.507427
1.064024 -3.890733 -3.028975
1.062449 -3.890927 -3.511934
0.794537 -4.055899 -3.014045
0.761873 -4.075099 -3.525037
4.254777 -0.640332 -2.856508
4.274157 -0.680112 -3.462875
4.269253 -0.688242 -3.154608
4.245835 -0.585050 -2.890897
4.257224 -0.583393 -3.460319
3.763592 0.467763 -2.947263
3.781998 0.461056 -3.529633
3.801219 0.403511 -2.959550
3.807653 0.416748 -3.526405
3.718785 0.545299 -2.956450
3.703297 0.596145 -3.520241
-4.431156 -0.271870 -3.108043
-4.423948 -0.280812 -3.485489
-4.373961 -0.391066 -3.102528
-4.371069 -0.390909 -3.486878
1.267727 3.665349 -2.990262
1.267359 3.680403 -3.483477
1.084554 3.832685 -3.012414
1.087777 3.843336 -3.467596
4.040732 -0.036900 -3.008469
4.063085 -0.055870 -3.505907
-3.772902 1.654189 -3.544303
-3.640018 1.791399 -2.977229
-3.645103 1.786069 -3.531728
-3.753981 1.673801 -2.957597
-3.785859 1.640818 -3.542666
-3.567648 1.862636 -2.985371
-3.506095 1.922916 -3.522085
-3.339009 2.084228 -3.006738
-3.350980 2.073222 -3.512792
1.437140 3.519147 -3.503230
1.366830 3.571784 -2.973459
1.383760 3.571467 -3.495955
1.456950 3.482375 -2.951303
1.493036 3.463993 -3.499076
1.724913 3.220514 -3.490182
1.606517 3.346703 -3.493662
-1.036915 3.792069 -3.517651
-1.101124 3.755435 -3.513031
-0.965073 3.831908 -3.003804
-0.954733 3.838933 -3.512036
-0.987197 3.819280 -3.000011
-1.097419 3.756950 -3.243207
4.196237 -1.093595 -2.940273
4.199983 -1.080957 -3.456231
4.213255 -1.056101 -2.916902
4.222871 -1.030239 -3.459491
4.077212 -1.284825 -3.009721
4.053643 -1.314426 -3.467775
4.119846 -1.223292 -2.994067
4.120906 -1.217192 -3.458875
4.262076 -0.896530 -2.780990
4.272148 -0.882472 -3.480265
4.257354 -0.928865 -2.816512
4.271672 -0.885424 -3.479521
3.067286 1.569498 -3.501747
2.976462 1.678791 -2.983012
2.976235 1.680160 -3.010215
3.158317 1.419800 -2.976833
3.106468 1.513713 -3.500860
2.038639 -3.220819 -2.975064
2.025174 -3.229722 -3.517241
1.895163 -3.325034 -2.991318
1.899415 -3.321097 -3.513231
-4.628715 0.312596 -2.964121
-4.633974 0.323213 -3.445710
-4.622369 0.275340 -2.986180
-4.625374 0.274048 -3.443067
-1.237229 3.672170 -3.014318
-1.229550 3.678099 -3.506566
-1.413756 3.562102 -3.024538
-1.408286 3.566614 -3.500202
-3.074632 2.324116 -3.010911
-3.078556 2.321345 -3.506165
-3.231349 2.183749 -3.010740
-3.207409 2.205937 -3.508106
0.238426 4.296818 -2.807840
0.299363 4.304896 -3.468063
0.161896 4.302346 -2.883888
0.219791 4.309015 -3.453001
-0.666157 -4.655158 -3.455372
-0.661841 -4.654010 -2.899706
-0.663071 -4.656027 -3.455116
-0.682764 -4.647990 -2.871698
3.702574 -1.731721 -3.023071
3.720139 -1.709851 -3.505224
3.835213 -1.585890 -3.034751
3.817330 -1.603085 -3.496774
-1.352601 -4.244530 -3.525370
-1.400155 -4.208837 -3.089863
-1.394127 -4.210187 -3.524004
-1.334483 -4.263138 -3.092993
-1.297494 -4.290232 -3.511774
3.364835 1.111387 -2.982987
3.517642 0.874558 -2.979034
3.517848 0.874645 -2.988345
-2.264687 -3.358459 -3.009422
-2.260420 -3.358066 -3.519446
-2.353108 -3.259733 -3.010087
-2.363852 -3.242603 -3.517755
0.137310 4.300138 -2.901099
0.152621 4.305930 -3.444903
0.159034 4.302426 -2.886502
0.184701 4.309490 -3.447302
0.196598 -4.390987 -3.095037
0.172055 -4.404258 -3.487373
0.108695 -4.433231 -3.103667
0.100893 -4.438416 -3.483669
0.404078 4.290146 -3.455672
-4.631512 0.493430 -3.474076
-4.599893 0.597241 -2.993507
-4.603002 0.586134 -3.459439
-4.630712 0.497224 -2.918644
-4.631663 0.492940 -3.474027
-3.575035 -1.708733 -3.028478
-3.505169 -1.805886 -3.505434
-3.427076 -1.922878 -3.020533
-3.474649 -1.850041 -3.505920
-2.800187 -2.731173 -2.979661
-2.796892 -2.730320 -3.526223
-2.635492 -2.930113 -2.995734
-2.676299 -2.876127 -3.522170
2.890968 -2.514313 -3.019537
2.773942 -2.617491 -3.017962
2.753913 -2.633463 -3.501603
2.992976 -2.422702 -3.501405
2.994308 -2.421639 -3.469299
4.093646 -0.122123 -3.507043
4.122441 -0.213570 -3.000517
4.156584 -0.262800 -3.483510
4.076502 -0.111439 -3.007601
4.073456 -0.077464 -3.505964
4.133704 -0.239179 -2.998250
4.168941 -0.327161 -2.983824
4.150347 -0.256504 -3.345886
4.155871 -0.263149 -3.448204
1.824689 3.090673 -2.987537
2.034548 2.848884 -2.988932
1.908245 3.010542 -3.429209
3.305945 -2.133447 -3.005038
3.277205 -2.159218 -3.509161
3.133520 -2.295338 -3.015937
3.228899 -2.204585 -3.507480
-1.142519 -4.414492 -3.089763
-1.139947 -4.415117 -3.476522
-1.068557 -4.466509 -3.077954
-1.061594 -4.470225 -3.463374
-1.571564 -4.053167 -3.058314
-1.553105 -4.065502 -3.526865
-1.737201 -3.898032 -3.019931
-1.672742 -3.953109 -3.531168
-2.405345 2.871533 -2.977367
-2.408315 2.869339 -2.977240
-2.310678 2.942417 -3.509999
-2.228274 3.002355 -2.996647
-2.228522 3.003093 -3.506478
-0.237427 -4.580471 -3.101942
-0.229787 -4.579197 -3.442165
-0.255940 -4.586153 -3.097747
-0.262718 -4.589321 -3.440217
2.520791 -2.834923 -3.006836
2.523378 -2.831406 -3.505077
2.686901 -2.693030 -3.015180
2.676663 -2.700495 -3.502332
4.170090 -1.142711 -2.964941
4.172383 -1.133091 -3.455518
4.149961 -1.175993 -2.977931
4.136923 -1.191966 -3.457494
3.453812 0.995921 -3.504275
3.319929 1.199618 -3.500962
3.317856 1.201244 -3.458572
3.373569 1.106042 -3.170987
3.449928 0.999612 -3.442756
-0.750569 -4.629156 -3.448642
-0.766927 -4.622090 -2.975803
-0.700006 -4.645598 -3.452131
-0.703939 -4.643190 -3.147097
0.321333 4.286954 -2.718433
0.315324 4.287816 -2.725180
0.358247 4.299321 -3.467623
0.374288 4.282089 -2.781206
0.375464 4.297164 -3.462283
0.374349 4.282162 -2.784781
-2.951334 2.431103 -3.006713
-2.990432 2.397815 -3.506340
-2.854447 2.513852 -3.001752
-2.836026 2.529691 -3.507939
-4.270628 1.104941 -3.082725
-4.262761 1.114442 -3.492950
-4.371519 0.979001 -3.092922
-4.336770 1.022075 -3.477538
-0.160326 -4.550673 -3.107937
-0.160785 -4.552541 -3.450092
-0.073349 -4.515462 -3.111717
-0.077417 -4.518826 -3.460738
-4.225231 1.157637 -3.502077
-4.214115 1.170053 -3.070131
-4.228722 1.153677 -3.501208
-4.119378 1.277501 -3.046859
-4.098092 1.301853 -3.511620
1.740782 3.185770 -2.985221
1.642707 3.291557 -2.976528
1.722188 3.219868 -3.377482
1.644850 3.292346 -3.063685
-0.634358 3.037042 -4.216601
0.050668 2.010016 -4.621502
-0.637804 3.025101 -4.221979
0.049379 2.010192 -4.621501
3.030896 0.137961 -4.220671
0.945288 2.785130 -4.232481
0.972456 2.763335 -4.227614
1.481483 1.051430 -4.620619
1.487492 1.043736 -4.620609
0.943231 2.779837 -4.235429
0.942173 2.772695 -4.238586
2.092041 -0.471860 -4.618575
2.090499 -0.486896 -4.618552
3.021567 0.136600 -4.225627
3.013917 0.137017 -4.229122
2.819012 -1.378275 -4.243338
0.259798 -3.369867 -4.218200
0.259570 -3.369815 -4.218307
1.170940 -1.839468 -4.616175
1.148275 -1.856709 -4.616141
2.803670 -1.371541 -4.252032
2.795644 -1.369740 -4.255764
-1.293092 -3.122054 -4.243800
-0.472659 -2.407553 -4.614693
-0.486204 -2.405859 -4.614691
0.256760 -3.352431 -4.227549
0.257293 -3.341325 -4.232618
-1.500719 -2.933274 -4.217253
-3.386676 -0.561160 -4.216390
-3.397809 -0.538008 -4.219740
-1.835831 -1.425011 -4.615638
-1.841581 -1.417748 -4.615647
-1.293181 -3.121468 -4.244061
-1.290973 -3.111194 -4.248848
-2.424347 0.126683 -4.617733
-2.421411 0.151103 -4.617770
-3.390539 -0.536567 -4.223625
-3.384526 -0.536830 -4.226305
-3.159806 1.045710 -4.242895
-3.140370 1.068950 -4.239036
-1.535525 1.478612 -4.620096
-0.647132 3.012849 -4.224915
-1.518251 1.491812 -4.620123
-3.149929 1.040919 -4.248630
-3.129311 1.036530 -4.258000
-0.183298 -0.153534 0.423519
-0.184592 -0.162494 0.423519
-0.205686 -0.150477 0.423519
-0.206638 -0.159056 0.423519
804
0 265
0 2
0 29
1 3
1 31
1 2
2 95
3 36
3 103
4 49
4 47
4 155
5 60
5 217
5 8
6 8
6 7
6 434
7 10
7 263
8 11
9 460
9 14
9 10
10 11
11 61
12 13
12 161
12 15
13 108
13 14
14 16
15 16
15 18
16 23
17 18
17 93
17 21
18 24
19 20
19 21
19 225
20 288
20 25
21 26
22 27
22 25
22 89
23 24
23 28
24 26
25 26
27 30
27 28
28 532
29 30
29 32
30 33
31 32
31 34
32 33
33 35
34 35
34 37
35 39
36 40
36 37
37 41
38 102
38 44
38 40
39 41
39 533
40 41
42 43
42 92
42 45
43 44
43 109
44 46
45 46
45 48
46 53
47 48
47 52
48 54
49 52
49 50
50 51
50 98
51 55
51 166
52 56
53 54
53 535
54 56
55 59
55 56
57 58
57 130
57 63
58 105
58 59
59 64
60 63
60 61
61 62
62 64
62 534
63 64
65 90
65 87
65 66
66 114
66 68
67 68
67 96
67 502
68 266
69 104
69 97
69 503
70 504
70 111
70 125
71 72
71 363
71 509
72 371
72 110
73 156
73 514
73 515
74 75
74 516
74 188
75 99
75 100
76 77
76 392
76 525
77 478
77 304
78 218
78 526
78 79
79 320
79 81
80 81
80 82
80 487
81 204
82 91
82 83
83 84
83 492
84 101
84 313
85 86
85 491
85 88
86 94
86 493
87 88
87 410
88 289
89 334
89 209
90 210
90 335
91 360
91 462
92 157
92 401
93 185
93 162
94 163
94 186
95 343
95 271
96 272
96 97
97 344
98 259
98 245
99 260
99 246
100 295
100 134
101 144
101 174
102 366
102 231
103 229
103 281
104 230
104 282
105 181
105 307
106 199
106 141
106 107
107 200
107 142
108 316
108 484
109 255
109 179
110 180
110 256
111 390
111 477
112 393
112 201
112 113
113 394
113 202
114 146
114 116
115 330
115 145
115 116
116 331
117 374
117 118
117 426
118 427
118 375
119 131
119 349
119 120
120 132
120 350
121 123
121 122
121 171
122 124
122 172
123 183
123 124
124 184
125 198
125 127
126 197
126 127
126 364
127 365
128 302
128 129
128 290
129 303
129 291
130 221
130 468
131 133
131 132
132 134
133 294
133 134
135 441
135 136
135 195
136 442
136 196
137 138
137 139
137 232
138 233
138 140
139 428
139 140
140 429
141 472
141 142
142 473
143 173
143 300
143 144
144 301
145 369
145 146
146 370
147 353
147 148
147 213
148 214
148 354
149 336
149 328
149 150
150 337
150 329
151 249
151 153
151 152
152 250
152 154
153 154
153 383
154 384
155 159
155 157
156 158
156 160
157 158
158 402
159 160
159 257
160 258
161 162
161 164
162 163
163 165
164 165
164 243
165 244
166 169
166 167
167 168
167 189
168 170
168 190
169 347
169 170
170 348
171 173
171 172
172 174
173 174
175 403
175 176
175 381
176 382
176 404
177 409
177 405
177 424
178 211
178 285
178 283
179 180
179 432
180 433
181 481
181 182
182 308
182 482
183 463
183 184
184 391
185 339
185 186
186 187
187 340
187 338
188 190
188 396
189 395
189 190
191 192
191 279
191 193
192 194
192 280
193 194
193 345
194 346
195 197
195 196
196 198
197 198
199 201
199 200
200 202
201 202
203 451
203 378
203 293
204 206
204 208
205 238
205 207
205 206
206 239
207 208
207 251
208 252
209 210
209 211
210 212
211 212
212 284
213 214
213 215
214 216
215 216
215 437
216 438
217 219
217 221
218 222
218 220
219 220
219 435
220 436
221 222
222 469
223 286
223 224
223 234
224 235
224 287
225 226
225 341
226 453
226 376
227 229
227 228
227 387
228 388
228 230
229 230
231 232
231 457
232 233
233 456
234 235
234 236
235 237
236 237
236 416
237 412
238 240
238 239
239 241
240 322
240 241
241 323
242 421
242 318
242 244
243 244
243 420
245 246
245 247
246 248
247 248
247 277
248 278
249 251
249 250
250 252
251 252
253 254
253 379
253 255
254 256
254 380
255 256
257 399
257 258
258 400
259 261
259 260
260 262
261 262
261 296
262 297
263 324
263 264
264 325
264 351
265 267
265 269
266 268
266 270
267 367
267 268
268 368
269 270
269 422
270 423
271 272
271 273
272 274
273 274
273 443
274 444
275 277
275 276
275 397
276 398
276 278
277 278
279 281
279 280
280 282
281 282
283 285
283 286
284 287
284 285
286 287
288 292
288 290
289 291
289 293
290 291
292 377
292 293
294 296
294 295
295 297
296 297
298 300
298 299
298 314
299 315
299 301
300 301
302 413
302 303
303 414
304 308
304 306
305 306
305 309
305 307
306 310
307 308
309 311
309 310
310 312
311 312
311 357
312 358
313 315
313 317
314 316
314 315
316 317
317 319
318 319
318 485
319 486
320 323
320 321
321 325
321 352
322 324
322 323
324 325
326 328
326 327
326 447
327 329
327 448
328 329
330 332
330 331
331 333
332 449
332 333
333 450
334 336
334 335
335 337
336 337
338 340
338 342
339 341
339 340
341 342
342 452
343 345
343 344
344 346
345 346
347 349
347 348
348 350
349 350
351 352
351 353
352 354
353 354
355 356
355 466
355 357
356 358
356 467
357 358
359 361
359 360
359 461
360 362
361 385
361 362
362 386
363 365
363 458
364 366
364 365
366 459
367 369
367 368
368 370
369 370
371 373
371 375
372 373
372 430
372 374
373 431
374 375
376 377
376 454
377 378
378 455
379 381
379 380
380 382
381 382
383 385
383 384
384 386
385 386
387 389
387 388
388 390
389 390
389 476
391 464
391 465
392 396
392 394
393 395
393 394
395 396
397 398
397 399
398 400
399 400
401 402
401 403
402 404
403 404
405 406
405 409
406 407
406 445
407 408
407 446
408 409
408 425
410 414
410 412
411 417
411 415
411 413
412 418
413 414
415 416
415 417
416 418
417 418
419 420
419 421
419 483
420 421
422 424
422 423
423 425
424 425
426 427
426 428
427 429
428 429
430 432
430 431
431 433
432 433
434 437
434 435
435 436
436 438
437 438
439 474
439 441
439 440
440 475
440 442
441 442
443 444
443 445
444 446
445 446
447 449
447 448
448 450
449 450
451 452
451 455
452 453
453 454
454 455
456 458
456 457
457 459
458 459
460 461
460 463
461 462
462 464
463 465
464 465
466 468
466 467
467 469
468 469
470 472
470 471
470 479
471 473
471 480
472 473
474 476
474 475
475 477
476 477
478 482
478 480
479 481
479 480
481 482
483 485
483 484
484 486
485 486
487 496
487 489
488 494
488 497
488 490
489 490
489 528
490 529
491 500
491 493
492 493
492 496
494 495
494 497
495 498
495 501
496 497
498 499
498 501
499 505
499 508
500 507
500 501
502 503
502 507
503 504
504 512
505 506
505 508
506 510
506 513
507 508
509 519
509 512
510 511
510 513
511 517
511 520
512 513
514 519
514 515
515 516
516 523
517 518
517 520
518 521
518 524
519 520
521 522
521 524
522 527
522 531
523 530
523 524
525 526
525 530
526 528
527 529
527 531
528 529
530 531
532 534
532 533
533 535
534 535
270
8 36 37 40 41 413 570 350 174 
6 4 5 1 2 56 58 
8 10 11 301 172 75 76 81 83 
7 13 14 15 17 683 403 398 
11 23 24 25 106 108 800 54 49 34 31 22 
8 53 54 801 72 64 61 57 52 
9 70 73 71 72 802 94 82 79 69 
9 96 97 95 93 94 803 108 107 103 
11 117 763 760 747 159 160 163 111 112 114 115 
6 117 116 181 120 121 762 
9 122 124 242 246 599 126 127 772 765 
3 131 132 779 
9 134 135 356 634 139 140 794 791 781 
8 150 740 745 795 144 145 147 148 
6 150 149 153 155 750 739 
4 159 748 162 158 
6 742 743 744 740 739 755 
9 747 761 754 751 752 755 750 749 748 
6 759 756 757 761 760 770 
9 765 777 769 766 767 770 763 762 764 
7 771 786 776 773 774 777 772 
9 781 792 785 782 783 786 778 779 780 
6 790 787 788 792 791 799 
7 795 798 796 797 799 794 793 
7 36 175 309 27 28 33 35 
6 4 59 63 66 7 3 
4 10 84 86 9 
7 12 13 399 252 99 100 104 
10 29 26 27 310 314 442 666 668 736 205 
20 47 167 388 337 339 499 407 409 427 430 662 658 659 520 247 249 504 42 43 46 
14 1 6 179 483 486 694 650 647 335 336 670 480 473 0 
11 3 8 194 494 360 361 365 574 178 6 5 
17 78 207 341 678 611 612 223 225 675 269 265 266 422 192 68 69 77 
11 78 74 75 173 644 329 331 619 454 455 206 
13 9 87 89 184 444 447 488 490 640 459 307 300 11 
12 101 98 99 253 716 587 588 534 530 526 527 198 
11 17 16 19 469 471 583 282 284 393 396 682 
7 46 51 50 48 49 53 45 
5 14 12 105 25 20 
5 18 16 15 20 24 
5 28 26 30 31 32 
5 32 34 48 38 33 
5 35 38 50 44 37 
5 40 44 51 43 39 
4 57 60 56 55 
5 60 61 62 59 58 
5 63 62 64 71 67 
4 66 67 73 65 
5 77 79 80 76 74 
5 80 82 93 85 81 
5 83 85 95 92 84 
6 86 92 97 90 88 87 
5 102 103 109 100 98 
5 109 107 106 105 104 
12 168 110 111 164 656 431 428 410 411 500 391 389 
14 113 112 110 169 566 290 291 555 556 699 563 560 222 218 
13 116 115 118 475 481 672 654 651 652 695 487 484 180 
9 119 120 182 576 366 362 363 496 196 
10 123 211 728 690 691 262 263 369 241 124 
13 128 125 126 600 706 425 267 268 271 676 226 227 609 
16 131 778 771 127 125 129 209 456 457 621 332 333 645 305 302 130 
15 136 133 134 780 132 130 303 308 461 641 491 492 448 445 186 
12 137 188 256 231 232 580 324 320 321 355 135 133 
13 141 138 139 635 215 216 373 202 203 274 723 724 731 
15 143 144 793 140 138 142 524 528 532 535 589 590 718 406 400 
13 146 145 143 401 404 685 397 394 285 286 584 548 546 
14 152 149 148 151 379 386 451 295 296 299 625 598 595 170 
13 156 154 153 152 171 713 632 349 240 236 237 327 190 
14 162 749 155 154 157 537 541 542 439 440 315 312 176 161 
13 165 160 158 161 177 352 354 569 573 701 375 377 506 
3 741 742 752 
3 753 754 757 
3 758 759 767 
3 768 769 774 
3 775 776 783 
3 784 785 788 
3 789 790 797 
4 746 798 745 744 
16 741 751 753 756 758 766 768 773 775 782 784 787 789 796 746 743 
4 803 802 801 800 
6 169 168 387 167 166 565 
5 171 170 593 594 712 
4 246 244 245 602 
4 321 318 319 358 
5 305 643 173 172 304 
6 177 176 311 175 174 351 
4 528 525 526 531 
7 182 181 180 482 179 178 575 
5 548 582 471 470 547 
4 249 248 251 507 
4 476 477 478 605 
6 183 463 185 186 443 184 
4 418 628 419 417 
4 237 234 235 326 
4 611 679 613 610 
4 517 515 516 539 
4 202 372 199 201 
4 292 294 295 450 
4 228 230 231 255 
4 403 684 404 402 
4 261 368 263 260 
4 556 553 554 698 
4 409 408 410 426 
4 268 264 265 270 
3 335 648 334 
4 363 359 360 495 
4 414 415 616 704 
4 722 733 724 721 
4 383 433 380 382 
6 668 667 438 439 543 735 
4 454 620 457 453 
4 491 639 490 489 
5 187 511 257 258 188 
4 690 727 687 689 
4 590 586 587 717 
4 219 221 222 559 
3 658 663 657 
4 212 214 215 637 
4 322 323 324 579 
4 225 224 226 674 
4 284 283 285 392 
5 190 328 275 277 189 
4 240 348 238 239 
4 298 624 299 297 
4 290 567 287 289 
4 366 577 365 364 
3 339 338 498 
5 603 191 192 423 708 
4 486 485 487 693 
5 508 509 377 376 617 
6 193 421 195 196 497 194 
4 481 479 480 671 
5 198 529 345 344 197 
4 314 313 315 441 
4 203 201 200 273 
4 331 330 332 622 
4 437 550 435 436 
4 467 465 466 513 
6 541 540 204 205 737 544 
6 208 340 207 206 458 209 
4 308 306 307 460 
5 210 630 631 729 211 
4 447 446 448 493 
3 354 353 568 
4 213 374 216 214 
5 220 280 217 218 221 
4 385 452 386 384 
4 223 614 227 224 
4 232 230 229 581 
4 233 234 236 239 
5 243 244 242 241 370 
5 430 429 431 660 664 
4 250 248 247 521 
5 252 405 406 719 253 
4 397 686 396 395 
4 254 255 256 258 
4 259 260 262 692 
4 535 533 534 591 
4 266 264 267 424 
4 271 270 269 677 
4 272 725 274 273 
4 596 597 598 626 
4 276 519 278 277 
4 563 700 561 562 
4 279 607 281 280 
4 282 585 286 283 
4 288 557 291 289 
4 652 649 650 696 
4 296 294 293 297 
6 302 304 301 300 306 303 
5 309 311 312 313 310 
5 317 318 320 323 316 
4 327 326 325 328 
4 329 646 333 330 
5 336 334 653 654 673 
5 337 390 391 501 338 
4 342 681 341 340 
4 346 734 343 344 
5 349 633 714 347 348 
5 352 351 350 571 353 
5 355 358 357 638 356 
4 361 359 362 364 
4 369 368 367 370 
4 371 372 373 374 
4 375 702 618 376 
5 378 382 381 384 379 
4 388 387 389 390 
4 393 392 394 395 
6 398 402 401 400 405 399 
4 411 408 407 502 
6 412 414 703 573 572 413 
4 416 417 420 421 
5 425 707 423 422 424 
4 427 426 428 429 
4 432 433 434 436 
5 440 438 669 442 441 
4 444 443 445 446 
4 449 450 451 452 
4 455 453 456 458 
4 459 642 461 460 
4 464 463 462 465 
4 470 469 468 551 
6 474 477 472 473 479 475 
4 483 482 484 485 
4 492 489 488 493 
4 496 495 494 497 
5 498 501 500 502 499 
6 504 507 505 506 509 503 
4 510 511 512 513 
4 514 515 518 519 
4 520 661 522 521 
5 527 525 524 523 529 
4 532 531 530 533 
5 536 539 538 540 537 
4 543 542 544 738 
6 549 550 545 546 547 551 
4 552 553 555 557 
4 558 559 560 562 
4 566 565 564 567 
5 568 571 570 572 569 
4 576 575 574 577 
4 578 579 580 581 
4 583 582 584 585 
4 588 586 589 591 
4 592 593 595 597 
6 599 602 601 603 709 600 
4 604 605 606 607 
5 612 610 608 609 614 
5 616 615 617 618 705 
4 621 620 619 622 
4 625 624 623 626 
4 629 628 627 630 
3 632 715 633 
5 636 637 635 634 638 
4 640 639 641 642 
4 644 643 645 646 
5 647 649 651 653 648 
7 657 665 660 656 655 661 659 
4 665 663 662 664 
3 669 667 666 
4 672 671 670 673 
4 675 674 676 677 
4 680 679 678 681 
5 685 684 683 682 686 
4 691 689 688 692 
4 694 693 695 696 
4 699 698 697 700 
5 701 703 704 705 702 
4 708 707 706 709 
6 713 712 710 711 714 715 
4 718 717 716 719 
4 720 721 723 725 
4 726 727 728 729 
5 731 733 732 734 730 
4 738 737 736 735 
16 29 204 538 516 514 276 275 325 235 233 238 347 711 21 22 30 
8 41 39 42 503 508 615 415 412 
14 91 316 322 578 229 228 254 257 510 466 462 183 89 88 
8 114 113 217 281 606 478 474 118 
10 123 122 764 121 119 195 420 419 629 210 
7 128 608 613 680 342 208 129 
7 136 185 464 467 512 187 137 
6 141 730 346 345 523 142 
8 151 147 146 545 437 434 383 378 
7 156 189 278 518 517 536 157 
8 164 163 165 505 251 250 522 655 
21 2 0 472 476 604 279 220 219 558 561 697 554 552 288 287 564 166 47 45 52 55 
20 7 65 70 68 191 601 245 243 367 261 259 688 687 726 631 627 418 416 193 8 
20 91 90 96 102 101 197 343 732 722 720 272 200 199 371 213 212 636 357 319 317 
20 21 710 594 592 596 623 298 293 292 449 385 381 380 432 435 549 468 19 18 23 
