-0.006593 0.378975 -1.582836
 0.285700 0.957953 -2.108032 
  

-0.236294 1.046335 -2.147507
 -0.020205 0.379879 -1.582646 
  

0.287576 0.965841 -2.115036
 0.071923 3.290521 -4.123988 
  

0.285700 0.957953 -2.108032
 0.287576 0.965841 -2.115036 
  

-0.236294 1.046335 -2.147507
 0.071923 3.290521 -4.123988 
  

-0.006593 0.378975 -1.582836
 -0.020205 0.379879 -1.582646 
  

-0.006593 0.378975 -1.582836
 0.285700 0.957953 -2.108032 
  

0.610089 0.550568 -2.094836
 0.008501 0.361102 -1.582837 
  

0.285700 0.957953 -2.108032
 2.183901 2.376095 -4.189253 
  

0.615447 0.553568 -2.100140
 2.194416 2.364161 -4.189547 
  

0.610089 0.550568 -2.094836
 0.615447 0.553568 -2.100140 
  

-0.006593 0.378975 -1.582836
 0.008501 0.361102 -1.582837 
  

2.183901 2.376095 -4.189253
 2.194416 2.364161 -4.189547 
  

0.610089 0.550568 -2.094836
 0.008501 0.361102 -1.582837 
  

0.581065 0.046506 -2.114066
 0.006625 0.345089 -1.582609 
  

0.610089 0.550568 -2.094836
 2.962320 0.256709 -4.188615 
  

0.581065 0.046506 -2.114066
 2.960820 0.226181 -4.190007 
  

0.008501 0.361102 -1.582837
 0.006625 0.345089 -1.582609 
  

2.962320 0.256709 -4.188615
 2.961256 0.231699 -4.189900 
  

2.960820 0.226181 -4.190007
 2.961256 0.231699 -4.189900 
  

0.581065 0.046506 -2.114066
 0.006625 0.345089 -1.582609 
  

0.208245 -0.309857 -2.136332
 -0.006183 0.334476 -1.582286 
  

0.581065 0.046506 -2.114066
 0.590437 0.040402 -2.123560 
  

2.082383 -1.768523 -4.193628
 0.590437 0.040402 -2.123560 
  

0.222850 -0.337378 -2.163145
 2.067374 -1.782588 -4.194336 
  

0.208245 -0.309857 -2.136332
 0.222850 -0.337378 -2.163145 
  

0.006625 0.345089 -1.582609
 -0.006183 0.334476 -1.582286 
  

2.082383 -1.768523 -4.193628
 2.067374 -1.782588 -4.194336 
  

0.208245 -0.309857 -2.136332
 -0.006183 0.334476 -1.582286 
  

-0.318842 -0.257228 -2.126099
 -0.017481 0.335530 -1.582132 
  

0.208245 -0.309857 -2.136332
 -0.262803 -2.630729 -4.217448 
  

-0.318842 -0.257228 -2.126099
 -0.273854 -2.630058 -4.217615 
  

-0.006183 0.334476 -1.582286
 -0.017481 0.335530 -1.582132 
  

-0.262803 -2.630729 -4.217448
 -0.273854 -2.630058 -4.217615 
  

-0.318842 -0.257228 -2.126099
 -0.017481 0.335530 -1.582132 
  

-0.669052 0.139676 -2.123385
 -0.033966 0.354017 -1.582119 
  

-0.318842 -0.257228 -2.126099
 -0.319408 -0.257963 -2.126899 
  

-2.340098 -1.556995 -4.209879
 -0.319408 -0.257963 -2.126899 
  

-0.682201 0.132640 -2.136111
 -2.350334 -1.544799 -4.209451 
  

-0.669052 0.139676 -2.123385
 -0.682201 0.132640 -2.136111 
  

-0.017481 0.335530 -1.582132
 -0.033966 0.354017 -1.582119 
  

-2.340098 -1.556995 -4.209879
 -2.350334 -1.544799 -4.209451 
  

-0.669052 0.139676 -2.123385
 -0.033966 0.354017 -1.582119 
  

-0.638511 0.679205 -2.132718
 -0.033092 0.368325 -1.582310 
  

-0.669052 0.139676 -2.123385
 -3.024567 0.516965 -4.209256 
  

-0.638720 0.679267 -2.132905
 -3.023592 0.533738 -4.209524 
  

-0.638511 0.679205 -2.132718
 -0.638720 0.679267 -2.132905 
  

-0.033966 0.354017 -1.582119
 -0.033092 0.368325 -1.582310 
  

-3.024567 0.516965 -4.209256
 -3.023592 0.533738 -4.209524 
  

-0.236294 1.046335 -2.147507
 -0.020205 0.379879 -1.582646 
  

-0.638511 0.679205 -2.132718
 -0.033092 0.368325 -1.582310 
  

-0.638511 0.679205 -2.132718
 -1.970552 2.644162 -4.193260 
  

-0.241180 1.054971 -2.156012
 -1.954681 2.657394 -4.193012 
  

-0.236294 1.046335 -2.147507
 -0.241180 1.054971 -2.156012 
  

-0.020205 0.379879 -1.582646
 -0.033092 0.368325 -1.582310 
  

-1.970552 2.644162 -4.193260
 -1.954681 2.657394 -4.193012 
  

-0.894973 2.541142 -5.081387
 -0.893364 2.537278 -5.084059 
  

0.901796 2.416043 -5.123949
 0.099973 3.336463 -4.498200 
  

0.902403 2.410261 -5.127991
 0.901796 2.416043 -5.123949 
  

-0.894973 2.541142 -5.081387
 -0.894657 2.544733 -5.078859 
  

0.099973 3.336463 -4.498200
 -0.894657 2.544733 -5.078859 
  

-0.011705 2.105813 -5.364659
 0.902403 2.410261 -5.127991 
  

-0.893364 2.537278 -5.084059
 -0.011705 2.105813 -5.364659 
  

2.058836 1.180805 -5.119486
 2.041707 1.174045 -5.131517 
  

0.904204 2.408673 -5.128281
 2.086613 2.460956 -4.495234 
  

2.059032 1.181056 -5.119266
 2.086613 2.460956 -4.495234 
  

2.058836 1.180805 -5.119486
 2.059032 1.181056 -5.119266 
  

1.182099 1.621861 -5.360255
 0.904204 2.408673 -5.128281 
  

2.041707 1.174045 -5.131517
 1.182099 1.621861 -5.360255 
  

2.058836 1.180805 -5.119486
 2.041707 1.174045 -5.131517 
  

2.058836 1.180805 -5.119486
 2.965986 0.371241 -4.486631 
  

2.088232 -0.518958 -5.105116
 2.965609 0.314246 -4.487104 
  

2.041707 1.174045 -5.131517
 1.707238 0.330737 -5.369040 
  

2.088232 -0.518958 -5.105116
 1.707260 0.326598 -5.369039 
  

1.707238 0.330737 -5.369040
 1.707260 0.326598 -5.369039 
  

2.966538 0.336052 -4.486373
 2.965609 0.314246 -4.487104 
  

2.965986 0.371241 -4.486631
 2.966538 0.336052 -4.486373 
  

2.083670 -0.525296 -5.105799
 1.999473 -1.843935 -4.486686 
  

0.789777 -1.776194 -5.108126
 1.999473 -1.843935 -4.486686 
  

1.220892 -0.837870 -5.368390
 2.083670 -0.525296 -5.105799 
  

0.789777 -1.776194 -5.108126
 1.206091 -0.852268 -5.368373 
  

1.220892 -0.837870 -5.368390
 1.206091 -0.852268 -5.368373 
  

0.789382 -1.776502 -5.108078
 0.787250 -1.792387 -5.096964 
  

-0.239976 -2.632333 -4.496619
 0.787250 -1.792387 -5.096964 
  

-1.041062 -1.730350 -5.114813
 -0.255099 -2.631414 -4.497049 
  

-0.049064 -1.388804 -5.366921
 0.789382 -1.776502 -5.108078 
  

-1.041062 -1.730350 -5.114813
 -0.067282 -1.388470 -5.366900 
  

-0.049064 -1.388804 -5.366921
 -0.067282 -1.388470 -5.366900 
  

-0.239976 -2.632333 -4.496619
 -0.255099 -2.631414 -4.497049 
  

-2.250274 -1.664844 -4.520794
 -1.061368 -1.726541 -5.113309 
  

-2.203941 -0.440778 -5.110787
 -2.250972 -1.664025 -4.520808 
  

-1.322119 -0.886169 -5.365543
 -1.061368 -1.726541 -5.113309 
  

-2.203941 -0.440778 -5.110787
 -1.322553 -0.885680 -5.365543 
  

-1.322119 -0.886169 -5.365543
 -1.322553 -0.885680 -5.365543 
  

-2.250274 -1.664844 -4.520794
 -2.250972 -1.664025 -4.520808 
  

-3.028652 0.466024 -4.480575
 -2.205753 -0.436622 -5.110694 
  

-2.047178 1.284995 -5.114921
 -3.026744 0.498757 -4.479882 
  

-2.046204 1.285168 -5.115590
 -2.047178 1.284995 -5.114921 
  

-1.783174 0.306491 -5.359671
 -2.205753 -0.436622 -5.110694 
  

-2.046204 1.285168 -5.115590
 -1.783174 0.306491 -5.359671 
  

-3.028652 0.466024 -4.480575
 -3.026744 0.498757 -4.479882 
  

-0.894973 2.541142 -5.081387
 -0.893364 2.537278 -5.084059 
  

-2.028823 1.307436 -5.118628
 -2.120723 2.509028 -4.490140 
  

-0.894973 2.541142 -5.081387
 -2.120723 2.509028 -4.490140 
  

-2.028823 1.307436 -5.118628
 -1.262342 1.599241 -5.356509 
  

-0.893364 2.537278 -5.084059
 -1.262342 1.599241 -5.356509 
  

0.287576 0.965841 -2.115036
 0.071923 3.290521 -4.123988 
  

0.287576 0.965841 -2.115036
 1.214809 2.962110 -4.125914 
  

0.071923 3.290521 -4.123988
 0.074025 3.355749 -4.182452 
  

0.074025 3.355749 -4.182452
 0.083678 3.355496 -4.184706 
  

0.653126 3.273180 -4.257876
 0.715196 3.257026 -4.259473 
  

0.312263 3.335037 -4.225252
 0.426490 3.319028 -4.240376 
  

0.563567 3.293064 -4.252529
 0.426490 3.319028 -4.240376 
  

0.083678 3.355496 -4.184706
 0.221469 3.345012 -4.210789 
  

0.819957 3.228407 -4.260968
 0.963408 3.180905 -4.255633 
  

0.980314 3.173982 -4.253827
 0.963408 3.180905 -4.255633 
  

0.653126 3.273180 -4.257876
 0.563567 3.293064 -4.252529 
  

0.312263 3.335037 -4.225252
 0.221469 3.345012 -4.210789 
  

0.715196 3.257026 -4.259473
 0.819957 3.228407 -4.260968 
  

1.214809 2.962110 -4.125914
 0.980314 3.173982 -4.253827 
  

0.285700 0.957953 -2.108032
 0.287576 0.965841 -2.115036 
  

0.285700 0.957953 -2.108032
 2.183901 2.376095 -4.189253 
  

0.287576 0.965841 -2.115036
 1.214809 2.962110 -4.125914 
  

2.183901 2.376095 -4.189253
 2.164122 2.398551 -4.195965 
  

1.872063 2.670701 -4.249748
 1.719447 2.786178 -4.257461 
  

2.105540 2.460851 -4.212635
 1.984648 2.574587 -4.235724 
  

1.872063 2.670701 -4.249748
 1.984648 2.574587 -4.235724 
  

1.719447 2.786178 -4.257461
 1.661589 2.823848 -4.255726 
  

2.164122 2.398551 -4.195965
 2.105540 2.460851 -4.212635 
  

1.214809 2.962110 -4.125914
 1.661589 2.823848 -4.255726 
  

0.615447 0.553568 -2.100140
 2.194416 2.364161 -4.189547 
  

0.615447 0.553568 -2.100140
 2.768150 1.424769 -4.182835 
  

2.194416 2.364161 -4.189547
 2.249248 2.301945 -4.202122 
  

2.768150 1.424769 -4.182835
 2.747719 1.478624 -4.192857 
  

2.478416 1.994820 -4.232095
 2.566275 1.851307 -4.231231 
  

2.680836 1.631781 -4.214569
 2.663663 1.666890 -4.218123 
  

2.344713 2.182667 -4.218762
 2.367948 2.151680 -4.221873 
  

2.249248 2.301945 -4.202122
 2.344713 2.182667 -4.218762 
  

2.566275 1.851307 -4.231231
 2.617992 1.756791 -4.225908 
  

2.724894 1.533893 -4.201706
 2.680836 1.631781 -4.214569 
  

2.478416 1.994820 -4.232095
 2.426647 2.071032 -4.228600 
  

2.663663 1.666890 -4.218123
 2.617992 1.756791 -4.225908 
  

2.747719 1.478624 -4.192857
 2.724894 1.533893 -4.201706 
  

2.367948 2.151680 -4.221873
 2.426647 2.071032 -4.228600 
  

0.610089 0.550568 -2.094836
 0.615447 0.553568 -2.100140 
  

0.610089 0.550568 -2.094836
 2.962320 0.256709 -4.188615 
  

0.615447 0.553568 -2.100140
 2.768150 1.424769 -4.182835 
  

2.962320 0.256709 -4.188615
 2.965717 0.335358 -4.203188 
  

2.768150 1.424769 -4.182835
 2.794092 1.356658 -4.196452 
  

2.926730 0.817769 -4.238231
 2.904744 0.944092 -4.236709 
  

2.964048 0.444430 -4.217602
 2.955405 0.583025 -4.229993 
  

2.854078 1.162232 -4.222545
 2.882832 1.050089 -4.232286 
  

2.939565 0.727255 -4.236670
 2.955405 0.583025 -4.229993 
  

2.794092 1.356658 -4.196452
 2.827445 1.253987 -4.211754 
  

2.965717 0.335358 -4.203188
 2.964048 0.444430 -4.217602 
  

2.904744 0.944092 -4.236709
 2.882832 1.050089 -4.232286 
  

2.854078 1.162232 -4.222545
 2.827445 1.253987 -4.211754 
  

2.926730 0.817769 -4.238231
 2.939565 0.727255 -4.236670 
  

0.581065 0.046506 -2.114066
 2.960820 0.226181 -4.190007 
  

0.581065 0.046506 -2.114066
 0.590437 0.040402 -2.123560 
  

0.590437 0.040402 -2.123560
 2.730287 -0.805299 -4.185174 
  

2.730287 -0.805299 -4.185174
 2.755921 -0.743313 -4.195912 
  

2.866310 -0.406141 -4.228564
 2.898317 -0.263025 -4.229253 
  

2.950709 0.097774 -4.205891
 2.933200 -0.061155 -4.221121 
  

2.808070 -0.605251 -4.215445
 2.831714 -0.532472 -4.222330 
  

2.898317 -0.263025 -4.229253
 2.922614 -0.135750 -4.226170 
  

2.866310 -0.406141 -4.228564
 2.831714 -0.532472 -4.222330 
  

2.755921 -0.743313 -4.195912
 2.808070 -0.605251 -4.215445 
  

2.960820 0.226181 -4.190007
 2.950709 0.097774 -4.205891 
  

2.933200 -0.061155 -4.221121
 2.922614 -0.135750 -4.226170 
  

2.082383 -1.768523 -4.193628
 0.590437 0.040402 -2.123560 
  

0.590437 0.040402 -2.123560
 2.730287 -0.805299 -4.185174 
  

2.730287 -0.805299 -4.185174
 2.710848 -0.852181 -4.194758 
  

2.082383 -1.768523 -4.193628
 2.090292 -1.761105 -4.195776 
  

2.471271 -1.290680 -4.240601
 2.405701 -1.383929 -4.239260 
  

2.607098 -1.063717 -4.225840
 2.561680 -1.143261 -4.232671 
  

2.178121 -1.666750 -4.213423
 2.289719 -1.536112 -4.230270 
  

2.710848 -0.852181 -4.194758
 2.660356 -0.959334 -4.212066 
  

2.342021 -1.468709 -4.234959
 2.289719 -1.536112 -4.230270 
  

2.471271 -1.290680 -4.240601
 2.561680 -1.143261 -4.232671 
  

2.090292 -1.761105 -4.195776
 2.178121 -1.666750 -4.213423 
  

2.607098 -1.063717 -4.225840
 2.660356 -0.959334 -4.212066 
  

2.405701 -1.383929 -4.239260
 2.342021 -1.468709 -4.234959 
  

0.222850 -0.337378 -2.163145
 2.067374 -1.782588 -4.194336 
  

0.222850 -0.337378 -2.163145
 1.019855 -2.446852 -4.184302 
  

1.019855 -2.446852 -4.184302
 1.098944 -2.416799 -4.200537 
  

2.067374 -1.782588 -4.194336
 1.944701 -1.897486 -4.221734 
  

1.477259 -2.229531 -4.244690
 1.593678 -2.158226 -4.247745 
  

1.833923 -1.989063 -4.237097
 1.740251 -2.059323 -4.244562 
  

1.277215 -2.336433 -4.227410
 1.352166 -2.298272 -4.235341 
  

1.944701 -1.897486 -4.221734
 1.833923 -1.989063 -4.237097 
  

1.593678 -2.158226 -4.247745
 1.681718 -2.100433 -4.247076 
  

1.477259 -2.229531 -4.244690
 1.352166 -2.298272 -4.235341 
  

1.098944 -2.416799 -4.200537
 1.189736 -2.379271 -4.216842 
  

1.277215 -2.336433 -4.227410
 1.189736 -2.379271 -4.216842 
  

1.740251 -2.059323 -4.244562
 1.681718 -2.100433 -4.247076 
  

0.208245 -0.309857 -2.136332
 0.222850 -0.337378 -2.163145 
  

0.208245 -0.309857 -2.136332
 -0.262803 -2.630729 -4.217448 
  

0.222850 -0.337378 -2.163145
 1.019855 -2.446852 -4.184302 
  

1.019855 -2.446852 -4.184302
 0.979239 -2.462333 -4.194220 
  

-0.262803 -2.630729 -4.217448
 -0.204975 -2.634251 -4.226799 
  

0.468720 -2.593619 -4.260757
 0.336193 -2.614571 -4.265976 
  

0.039888 -2.638549 -4.256648
 0.162918 -2.630890 -4.262629 
  

0.768990 -2.527732 -4.232026
 0.664431 -2.554679 -4.245707 
  

-0.072377 -2.638442 -4.244673
 0.039888 -2.638549 -4.256648 
  

0.905438 -2.487623 -4.209633
 0.879057 -2.495744 -4.214299 
  

0.564122 -2.575375 -4.254099
 0.664431 -2.554679 -4.245707 
  

0.336193 -2.614571 -4.265976
 0.162918 -2.630890 -4.262629 
  

-0.204975 -2.634251 -4.226799
 -0.072377 -2.638442 -4.244673 
  

0.768990 -2.527732 -4.232026
 0.879057 -2.495744 -4.214299 
  

0.979239 -2.462333 -4.194220
 0.905438 -2.487623 -4.209633 
  

0.468720 -2.593619 -4.260757
 0.564122 -2.575375 -4.254099 
  

-0.318842 -0.257228 -2.126099
 -0.273854 -2.630058 -4.217615 
  

-0.318842 -0.257228 -2.126099
 -0.319408 -0.257963 -2.126899 
  

-2.340098 -1.556995 -4.209879
 -0.319408 -0.257963 -2.126899 
  

-0.682201 0.132640 -2.136111
 -2.350334 -1.544799 -4.209451 
  

-0.682201 0.132640 -2.136111
 -2.872956 -0.621047 -4.206825 
  

-2.350334 -1.544799 -4.209451
 -2.363749 -1.528839 -4.212872 
  

-2.872956 -0.621047 -4.206825
 -2.832744 -0.731646 -4.224813 
  

-2.643118 -1.120905 -4.250106
 -2.652724 -1.104080 -4.250128 
  

-2.463528 -1.399970 -4.233743
 -2.508040 -1.338664 -4.241337 
  

-2.791556 -0.831524 -4.237204
 -2.748479 -0.923316 -4.244465 
  

-2.572392 -1.240635 -4.248085
 -2.508040 -1.338664 -4.241337 
  

-2.363749 -1.528839 -4.212872
 -2.463528 -1.399970 -4.233743 
  

-2.832744 -0.731646 -4.224813
 -2.791556 -0.831524 -4.237204 
  

-2.704992 -1.008836 -4.248578
 -2.748479 -0.923316 -4.244465 
  

-2.643118 -1.120905 -4.250106
 -2.572392 -1.240635 -4.248085 
  

-2.652724 -1.104080 -4.250128
 -2.704992 -1.008836 -4.248578 
  

-0.669052 0.139676 -2.123385
 -0.682201 0.132640 -2.136111 
  

-0.669052 0.139676 -2.123385
 -3.024567 0.516965 -4.209256 
  

-0.682201 0.132640 -2.136111
 -2.872956 -0.621047 -4.206825 
  

-2.872956 -0.621047 -4.206825
 -2.882681 -0.594506 -4.212479 
  

-3.024567 0.516965 -4.209256
 -3.028259 0.454301 -4.220012 
  

-2.993088 -0.141223 -4.258689
 -3.009917 -0.022557 -4.259865 
  

-2.923648 -0.453909 -4.232892
 -2.970090 -0.273194 -4.253508 
  

-3.030882 0.271421 -4.244031
 -3.027521 0.198730 -4.249595 
  

-3.009917 -0.022557 -4.259865
 -3.021456 0.100672 -4.255716 
  

-3.031345 0.358353 -4.234160
 -3.031764 0.333169 -4.237520 
  

-2.882681 -0.594506 -4.212479
 -2.923648 -0.453909 -4.232892 
  

-2.993088 -0.141223 -4.258689
 -2.970090 -0.273194 -4.253508 
  

-3.030882 0.271421 -4.244031
 -3.031764 0.333169 -4.237520 
  

-3.027521 0.198730 -4.249595
 -3.021456 0.100672 -4.255716 
  

-3.028259 0.454301 -4.220012
 -3.031345 0.358353 -4.234160 
  

-0.638720 0.679267 -2.132905
 -3.023592 0.533738 -4.209524 
  

-0.638720 0.679267 -2.132905
 -2.715685 1.686141 -4.207097 
  

-3.023592 0.533738 -4.209524
 -3.021806 0.564827 -4.215229 
  

-2.715685 1.686141 -4.207097
 -2.750337 1.615726 -4.221263 
  

-2.940082 1.066100 -4.260382
 -2.904517 1.196058 -4.259363 
  

-2.992509 0.808811 -4.246482
 -2.962797 0.964514 -4.256677 
  

-2.789732 1.525266 -4.234928
 -2.833183 1.416308 -4.247848 
  

-3.012783 0.664052 -4.230498
 -3.002410 0.746269 -4.240587 
  

-2.866439 1.319373 -4.254563
 -2.862990 1.329530 -4.253892 
  

-2.940082 1.066100 -4.260382
 -2.962797 0.964514 -4.256677 
  

-2.750337 1.615726 -4.221263
 -2.789732 1.525266 -4.234928 
  

-3.021806 0.564827 -4.215229
 -3.012783 0.664052 -4.230498 
  

-2.904517 1.196058 -4.259363
 -2.866439 1.319373 -4.254563 
  

-2.833183 1.416308 -4.247848
 -2.862990 1.329530 -4.253892 
  

-2.992509 0.808811 -4.246482
 -3.002410 0.746269 -4.240587 
  

-0.638511 0.679205 -2.132718
 -0.638720 0.679267 -2.132905 
  

-0.638511 0.679205 -2.132718
 -1.970552 2.644162 -4.193260 
  

-0.638720 0.679267 -2.132905
 -2.715685 1.686141 -4.207097 
  

-1.970552 2.644162 -4.193260
 -1.997117 2.622096 -4.200445 
  

-2.715685 1.686141 -4.207097
 -2.673573 1.772710 -4.224265 
  

-2.343583 2.268350 -4.257645
 -2.413587 2.181048 -4.260442 
  

-2.601979 1.903320 -4.244282
 -2.530384 2.016217 -4.254493 
  

-2.165822 2.463083 -4.235626
 -2.229800 2.397194 -4.245875 
  

-2.413587 2.181048 -4.260442
 -2.487280 2.079658 -4.258134 
  

-1.997117 2.622096 -4.200445
 -2.100122 2.528616 -4.223922 
  

-2.343583 2.268350 -4.257645
 -2.229800 2.397194 -4.245875 
  

-2.673573 1.772710 -4.224265
 -2.601979 1.903320 -4.244282 
  

-2.530384 2.016217 -4.254493
 -2.487280 2.079658 -4.258134 
  

-2.165822 2.463083 -4.235626
 -2.100122 2.528616 -4.223922 
  

-0.241180 1.054971 -2.156012
 -1.954681 2.657394 -4.193012 
  

-0.241180 1.054971 -2.156012
 -1.075416 3.172431 -4.187598 
  

-1.075416 3.172431 -4.187598
 -1.158672 3.139016 -4.200048 
  

-1.954681 2.657394 -4.193012
 -1.920562 2.685928 -4.199448 
  

-1.494309 2.977439 -4.229349
 -1.591475 2.920065 -4.229592 
  

-1.760909 2.805902 -4.219037
 -1.715704 2.837674 -4.222874 
  

-1.270231 3.088893 -4.212573
 -1.386421 3.034421 -4.223853 
  

-1.494309 2.977439 -4.229349
 -1.386421 3.034421 -4.223853 
  

-1.920562 2.685928 -4.199448
 -1.840009 2.748406 -4.210845 
  

-1.591475 2.920065 -4.229592
 -1.636244 2.891665 -4.228175 
  

-1.158672 3.139016 -4.200048
 -1.270231 3.088893 -4.212573 
  

-1.760909 2.805902 -4.219037
 -1.840009 2.748406 -4.210845 
  

-1.715704 2.837674 -4.222874
 -1.636244 2.891665 -4.228175 
  

-0.236294 1.046335 -2.147507
 0.071923 3.290521 -4.123988 
  

-0.236294 1.046335 -2.147507
 -0.241180 1.054971 -2.156012 
  

0.071923 3.290521 -4.123988
 0.074025 3.355749 -4.182452 
  

-0.241180 1.054971 -2.156012
 -1.075416 3.172431 -4.187598 
  

-1.075416 3.172431 -4.187598
 -1.074084 3.172970 -4.187886 
  

0.074025 3.355749 -4.182452
 -0.015461 3.358481 -4.198173 
  

-0.642762 3.297140 -4.235857
 -0.504171 3.321393 -4.237173 
  

-0.907759 3.227228 -4.212130
 -0.748716 3.273622 -4.230366 
  

-0.151858 3.356490 -4.216591
 -0.287517 3.348065 -4.229102 
  

-0.414341 3.334154 -4.235360
 -0.287517 3.348065 -4.229102 
  

-1.074084 3.172970 -4.187886
 -0.907759 3.227228 -4.212130 
  

-0.015461 3.358481 -4.198173
 -0.151858 3.356490 -4.216591 
  

-0.642762 3.297140 -4.235857
 -0.748716 3.273622 -4.230366 
  

-0.504171 3.321393 -4.237173
 -0.414341 3.334154 -4.235360 
  

0.901796 2.416043 -5.123949
 0.099973 3.336463 -4.498200 
  

0.901796 2.416043 -5.123949
 1.196189 3.088264 -4.470715 
  

0.099973 3.336463 -4.498200
 0.100938 3.357496 -4.479599 
  

0.661526 3.274077 -4.427515
 0.718806 3.259148 -4.427792 
  

0.315570 3.337354 -4.449346
 0.434532 3.320341 -4.437691 
  

1.196189 3.088264 -4.470715
 1.074195 3.138194 -4.454273 
  

0.574015 3.293631 -4.429936
 0.434532 3.320341 -4.437691 
  

0.100938 3.357496 -4.479599
 0.226158 3.347481 -4.460431 
  

0.817607 3.232160 -4.429352
 0.951578 3.188039 -4.438045 
  

1.074195 3.138194 -4.454273
 0.951578 3.188039 -4.438045 
  

0.661526 3.274077 -4.427515
 0.574015 3.293631 -4.429936 
  

0.315570 3.337354 -4.449346
 0.226158 3.347481 -4.460431 
  

0.718806 3.259148 -4.427792
 0.817607 3.232160 -4.429352 
  

0.902403 2.410261 -5.127991
 0.901796 2.416043 -5.123949 
  

0.904204 2.408673 -5.128281
 2.086613 2.460956 -4.495234 
  

0.901796 2.416043 -5.123949
 1.196189 3.088264 -4.470715 
  

2.086613 2.460956 -4.495234
 2.096898 2.470573 -4.482839 
  

0.902403 2.410261 -5.127991
 0.904204 2.408673 -5.128281 
  

1.227884 3.075162 -4.464650
 1.360649 3.007193 -4.449085 
  

1.869064 2.674696 -4.443775
 1.700250 2.802254 -4.432639 
  

1.196189 3.088264 -4.470715
 1.227884 3.075162 -4.464650 
  

2.096898 2.470573 -4.482839
 1.980837 2.579492 -4.459228 
  

1.488936 2.934924 -4.439002
 1.596701 2.869762 -4.433880 
  

1.869064 2.674696 -4.443775
 1.980837 2.579492 -4.459228 
  

1.700250 2.802254 -4.432639
 1.596701 2.869762 -4.433880 
  

1.360649 3.007193 -4.449085
 1.488936 2.934924 -4.439002 
  

2.059032 1.181056 -5.119266
 2.086613 2.460956 -4.495234 
  

2.086613 2.460956 -4.495234
 2.096898 2.470573 -4.482839 
  

2.059032 1.181056 -5.119266
 2.757036 1.456805 -4.455612 
  

2.251545 2.299635 -4.445109
 2.160426 2.403076 -4.466057 
  

2.757036 1.456805 -4.455612
 2.747503 1.481838 -4.451108 
  

2.483848 1.992834 -4.411999
 2.565930 1.858802 -4.412373 
  

2.096898 2.470573 -4.482839
 2.097385 2.470114 -4.482682 
  

2.675708 1.645819 -4.428760
 2.644512 1.709389 -4.422669 
  

2.365450 2.157225 -4.425094
 2.414721 2.091371 -4.418441 
  

2.251545 2.299635 -4.445109
 2.365450 2.157225 -4.425094 
  

2.565930 1.858802 -4.412373
 2.599060 1.798501 -4.415446 
  

2.722481 1.542230 -4.441792
 2.675708 1.645819 -4.428760 
  

2.483848 1.992834 -4.411999
 2.450872 2.041531 -4.414276 
  

2.160426 2.403076 -4.466057
 2.097385 2.470114 -4.482682 
  

2.644512 1.709389 -4.422669
 2.599060 1.798501 -4.415446 
  

2.747503 1.481838 -4.451108
 2.722481 1.542230 -4.441792 
  

2.414721 2.091371 -4.418441
 2.450872 2.041531 -4.414276 
  

2.058836 1.180805 -5.119486
 2.059032 1.181056 -5.119266 
  

2.058836 1.180805 -5.119486
 2.965986 0.371241 -4.486631 
  

2.059032 1.181056 -5.119266
 2.757036 1.456805 -4.455612 
  

2.757036 1.456805 -4.455612
 2.793933 1.359598 -4.442510 
  

2.927802 0.812965 -4.433113
 2.905537 0.940863 -4.427405 
  

2.964795 0.444642 -4.473238
 2.956124 0.582164 -4.453767 
  

2.852742 1.168486 -4.428742
 2.882444 1.052577 -4.425600 
  

2.940685 0.722226 -4.439707
 2.956124 0.582164 -4.453767 
  

2.793933 1.359598 -4.442510
 2.826245 1.259898 -4.433902 
  

2.965986 0.371241 -4.486631
 2.964795 0.444642 -4.473238 
  

2.905537 0.940863 -4.427405
 2.882444 1.052577 -4.425600 
  

2.852742 1.168486 -4.428742
 2.826245 1.259898 -4.433902 
  

2.927802 0.812965 -4.433113
 2.940685 0.722226 -4.439707 
  

2.088232 -0.518958 -5.105116
 2.965609 0.314246 -4.487104 
  

2.088117 -0.520770 -5.104884
 2.729555 -0.804909 -4.489221 
  

2.088232 -0.518958 -5.105116
 2.088117 -0.520770 -5.104884 
  

2.754909 -0.743751 -4.478163
 2.729555 -0.804909 -4.489221 
  

2.965609 0.314246 -4.487104
 2.961976 0.229906 -4.474827 
  

2.872292 -0.384189 -4.440985
 2.900052 -0.260012 -4.439372 
  

2.950815 0.089448 -4.458870
 2.933291 -0.068551 -4.445286 
  

2.808028 -0.603447 -4.457229
 2.834657 -0.521609 -4.448844 
  

2.900052 -0.260012 -4.439372
 2.923451 -0.137580 -4.441270 
  

2.872292 -0.384189 -4.440985
 2.834657 -0.521609 -4.448844 
  

2.754909 -0.743751 -4.478163
 2.808028 -0.603447 -4.457229 
  

2.961976 0.229906 -4.474827
 2.950815 0.089448 -4.458870 
  

2.933291 -0.068551 -4.445286
 2.923451 -0.137580 -4.441270 
  

2.083670 -0.525296 -5.105799
 1.999473 -1.843935 -4.486686 
  

2.088117 -0.520770 -5.104884
 2.729555 -0.804909 -4.489221 
  

1.999473 -1.843935 -4.486686
 2.000209 -1.844712 -4.485747 
  

2.083670 -0.525296 -5.105799
 2.088117 -0.520770 -5.104884 
  

2.709964 -0.852296 -4.479084
 2.729555 -0.804909 -4.489221 
  

2.000209 -1.844712 -4.485747
 2.091474 -1.759238 -4.463139 
  

2.469977 -1.291952 -4.427605
 2.404954 -1.384420 -4.427415 
  

2.606321 -1.063998 -4.445584
 2.560947 -1.143538 -4.437702 
  

2.178617 -1.665694 -4.447711
 2.288960 -1.536588 -4.433677 
  

2.709964 -0.852296 -4.479084
 2.659524 -0.959561 -4.460594 
  

2.341099 -1.469414 -4.430230
 2.288960 -1.536588 -4.433677 
  

2.469977 -1.291952 -4.427605
 2.560947 -1.143538 -4.437702 
  

2.091474 -1.759238 -4.463139
 2.178617 -1.665694 -4.447711 
  

2.606321 -1.063998 -4.445584
 2.659524 -0.959561 -4.460594 
  

2.404954 -1.384420 -4.427415
 2.341099 -1.469414 -4.430230 
  

0.789777 -1.776194 -5.108126
 1.999473 -1.843935 -4.486686 
  

0.789382 -1.776502 -5.108078
 0.787250 -1.792387 -5.096964 
  

1.999473 -1.843935 -4.486686
 2.000209 -1.844712 -4.485747 
  

0.787250 -1.792387 -5.096964
 1.024259 -2.445969 -4.486774 
  

0.789777 -1.776194 -5.108126
 0.789382 -1.776502 -5.108078 
  

1.093926 -2.419425 -4.474208
 1.024259 -2.445969 -4.486774 
  

2.000209 -1.844712 -4.485747
 1.945761 -1.895781 -4.472436 
  

1.473335 -2.231398 -4.438936
 1.590889 -2.159408 -4.438483 
  

1.835268 -1.987232 -4.454718
 1.740382 -2.058467 -4.445070 
  

1.273971 -2.337952 -4.451556
 1.347498 -2.300524 -4.445475 
  

1.945761 -1.895781 -4.472436
 1.835268 -1.987232 -4.454718 
  

1.590889 -2.159408 -4.438483
 1.680012 -2.100892 -4.441142 
  

1.473335 -2.231398 -4.438936
 1.347498 -2.300524 -4.445475 
  

1.093926 -2.419425 -4.474208
 1.182285 -2.382843 -4.460496 
  

1.273971 -2.337952 -4.451556
 1.182285 -2.382843 -4.460496 
  

1.740382 -2.058467 -4.445070
 1.680012 -2.100892 -4.441142 
  

-0.239976 -2.632333 -4.496619
 0.787250 -1.792387 -5.096964 
  

0.787250 -1.792387 -5.096964
 1.024259 -2.445969 -4.486774 
  

0.977839 -2.463609 -4.477596
 1.024259 -2.445969 -4.486774 
  

-0.239976 -2.632333 -4.496619
 -0.188484 -2.635455 -4.486753 
  

0.471696 -2.594817 -4.431530
 0.346678 -2.614533 -4.431368 
  

0.042794 -2.639321 -4.451412
 0.167711 -2.631463 -4.441112 
  

0.757415 -2.531806 -4.447765
 0.645984 -2.560399 -4.437883 
  

-0.062967 -2.639322 -4.466010
 0.042794 -2.639321 -4.451412 
  

0.903629 -2.488960 -4.465440
 0.875248 -2.497670 -4.461661 
  

0.560562 -2.577916 -4.434198
 0.645984 -2.560399 -4.437883 
  

0.346678 -2.614533 -4.431368
 0.167711 -2.631463 -4.441112 
  

-0.188484 -2.635455 -4.486753
 -0.062967 -2.639322 -4.466010 
  

0.757415 -2.531806 -4.447765
 0.875248 -2.497670 -4.461661 
  

0.977839 -2.463609 -4.477596
 0.903629 -2.488960 -4.465440 
  

0.471696 -2.594817 -4.431530
 0.560562 -2.577916 -4.434198 
  

-1.041062 -1.730350 -5.114813
 -0.255099 -2.631414 -4.497049 
  

-2.250274 -1.664844 -4.520794
 -1.061368 -1.726541 -5.113309 
  

-2.203941 -0.440778 -5.110787
 -2.250972 -1.664025 -4.520808 
  

-2.205808 -0.438315 -5.110449
 -2.861035 -0.659763 -4.500512 
  

-2.203941 -0.440778 -5.110787
 -2.205808 -0.438315 -5.110449 
  

-3.028652 0.466024 -4.480575
 -2.205753 -0.436622 -5.110694 
  

-2.205808 -0.438315 -5.110449
 -2.861035 -0.659763 -4.500512 
  

-2.205753 -0.436622 -5.110694
 -2.205808 -0.438315 -5.110449 
  

-2.884224 -0.595924 -4.487176
 -2.861035 -0.659763 -4.500512 
  

-3.028652 0.466024 -4.480575
 -3.029553 0.450368 -4.477969 
  

-2.995022 -0.138566 -4.440986
 -3.011497 -0.022249 -4.439679 
  

-2.925289 -0.453992 -4.466882
 -2.972040 -0.270926 -4.446251 
  

-3.031867 0.260420 -4.454043
 -3.028474 0.188677 -4.448813 
  

-3.011497 -0.022249 -4.439679
 -3.022685 0.096529 -4.443370 
  

-3.032519 0.354213 -4.464257
 -3.032915 0.328421 -4.460935 
  

-2.884224 -0.595924 -4.487176
 -2.925289 -0.453992 -4.466882 
  

-2.995022 -0.138566 -4.440986
 -2.972040 -0.270926 -4.446251 
  

-3.031867 0.260420 -4.454043
 -3.032915 0.328421 -4.460935 
  

-3.028474 0.188677 -4.448813
 -3.022685 0.096529 -4.443370 
  

-3.029553 0.450368 -4.477969
 -3.032519 0.354213 -4.464257 
  

-2.047178 1.284995 -5.114921
 -3.026744 0.498757 -4.479882 
  

-2.047178 1.284995 -5.114921
 -2.763913 1.592237 -4.420784 
  

-3.026744 0.498757 -4.479882
 -3.022902 0.563799 -4.466262 
  

-2.937142 1.082363 -4.404912
 -2.895874 1.233057 -4.401093 
  

-2.992996 0.810209 -4.427816
 -2.962825 0.967765 -4.412702 
  

-2.799361 1.510001 -4.411789
 -2.837394 1.413664 -4.404246 
  

-3.013729 0.663207 -4.448273
 -3.003121 0.746593 -4.435681 
  

-2.866757 1.327610 -4.401460
 -2.865748 1.330597 -4.401547 
  

-2.937142 1.082363 -4.404912
 -2.962825 0.967765 -4.412702 
  

-2.763913 1.592237 -4.420784
 -2.799361 1.510001 -4.411789 
  

-3.022902 0.563799 -4.466262
 -3.013729 0.663207 -4.448273 
  

-2.895874 1.233057 -4.401093
 -2.866757 1.327610 -4.401460 
  

-2.837394 1.413664 -4.404246
 -2.865748 1.330597 -4.401547 
  

-2.992996 0.810209 -4.427816
 -3.003121 0.746593 -4.435681 
  

-2.046204 1.285168 -5.115590
 -2.047178 1.284995 -5.114921 
  

-2.028823 1.307436 -5.118628
 -2.120723 2.509028 -4.490140 
  

-2.047178 1.284995 -5.114921
 -2.763913 1.592237 -4.420784 
  

-2.120723 2.509028 -4.490140
 -2.121985 2.510218 -4.488617 
  

-2.758168 1.605439 -4.419076
 -2.678187 1.768503 -4.404927 
  

-2.342511 2.271321 -4.429819
 -2.415006 2.180756 -4.416075 
  

-2.606310 1.899043 -4.399639
 -2.535939 2.009888 -4.402335 
  

-2.166589 2.465446 -4.475077
 -2.223579 2.406417 -4.458625 
  

-2.415006 2.180756 -4.416075
 -2.490074 2.077396 -4.406291 
  

-2.342511 2.271321 -4.429819
 -2.223579 2.406417 -4.458625 
  

-2.678187 1.768503 -4.404927
 -2.606310 1.899043 -4.399639 
  

-2.763913 1.592237 -4.420784
 -2.758168 1.605439 -4.419076 
  

-2.535939 2.009888 -4.402335
 -2.490074 2.077396 -4.406291 
  

-2.121985 2.510218 -4.488617
 -2.166589 2.465446 -4.475077 
  

-0.894973 2.541142 -5.081387
 -0.894657 2.544733 -5.078859 
  

-0.894973 2.541142 -5.081387
 -2.120723 2.509028 -4.490140 
  

-2.120723 2.509028 -4.490140
 -2.121985 2.510218 -4.488617 
  

-0.894657 2.544733 -5.078859
 -1.124608 3.155615 -4.506470 
  

-1.166967 3.138475 -4.498029
 -1.124608 3.155615 -4.506470 
  

-1.998253 2.624404 -4.465308
 -1.921935 2.687937 -4.456091 
  

-1.495202 2.979457 -4.452222
 -1.591501 2.922527 -4.446470 
  

-1.761661 2.808041 -4.446698
 -1.716779 2.839530 -4.445672 
  

-1.272072 3.090941 -4.480828
 -1.387711 3.036418 -4.463569 
  

-1.998253 2.624404 -4.465308
 -2.101434 2.530698 -4.483612 
  

-1.495202 2.979457 -4.452222
 -1.387711 3.036418 -4.463569 
  

-1.921935 2.687937 -4.456091
 -1.840871 2.750601 -4.449906 
  

-1.591501 2.922527 -4.446470
 -1.637101 2.893602 -4.445219 
  

-1.166967 3.138475 -4.498029
 -1.272072 3.090941 -4.480828 
  

-2.121985 2.510218 -4.488617
 -2.101434 2.530698 -4.483612 
  

-1.761661 2.808041 -4.446698
 -1.840871 2.750601 -4.449906 
  

-1.716779 2.839530 -4.445672
 -1.637101 2.893602 -4.445219 
  

0.099973 3.336463 -4.498200
 -0.894657 2.544733 -5.078859 
  

0.099973 3.336463 -4.498200
 0.100938 3.357496 -4.479599 
  

-0.894657 2.544733 -5.078859
 -1.124608 3.155615 -4.506470 
  

-1.081037 3.173068 -4.496368
 -1.124608 3.155615 -4.506470 
  

0.089300 3.358381 -4.477360
 -0.004875 3.360937 -4.463342 
  

-0.650559 3.297217 -4.439546
 -0.506687 3.322352 -4.435114 
  

-0.909239 3.228706 -4.468270
 -0.744335 3.276504 -4.446288 
  

-0.145171 3.358593 -4.447935
 -0.285047 3.349743 -4.438371 
  

0.100938 3.357496 -4.479599
 0.089300 3.358381 -4.477360 
  

-0.413956 3.335537 -4.434941
 -0.285047 3.349743 -4.438371 
  

-1.081037 3.173068 -4.496368
 -0.909239 3.228706 -4.468270 
  

-0.004875 3.360937 -4.463342
 -0.145171 3.358593 -4.447935 
  

-0.650559 3.297217 -4.439546
 -0.744335 3.276504 -4.446288 
  

-0.506687 3.322352 -4.435114
 -0.413956 3.335537 -4.434941 
  

-0.011705 2.105813 -5.364659
 0.902403 2.410261 -5.127991 
  

1.182099 1.621861 -5.360255
 0.904204 2.408673 -5.128281 
  

0.902403 2.410261 -5.127991
 0.904204 2.408673 -5.128281 
  

1.182099 1.621861 -5.360255
 1.165072 1.604947 -5.368549 
  

-0.011705 2.105813 -5.364659
 -0.011781 2.098266 -5.367278 
  

1.165072 1.604947 -5.368549
 -0.011781 2.098266 -5.367278 
  

2.041707 1.174045 -5.131517
 1.182099 1.621861 -5.360255 
  

2.041707 1.174045 -5.131517
 1.707238 0.330737 -5.369040 
  

1.182099 1.621861 -5.360255
 1.165072 1.604947 -5.368549 
  

1.707238 0.330737 -5.369040
 1.165072 1.604947 -5.368549 
  

2.088232 -0.518958 -5.105116
 1.707260 0.326598 -5.369039 
  

1.220892 -0.837870 -5.368390
 2.083670 -0.525296 -5.105799 
  

2.088232 -0.518958 -5.105116
 2.088117 -0.520770 -5.104884 
  

2.083670 -0.525296 -5.105799
 2.088117 -0.520770 -5.104884 
  

1.707260 0.326598 -5.369039
 1.220892 -0.837870 -5.368390 
  

0.789777 -1.776194 -5.108126
 1.206091 -0.852268 -5.368373 
  

-0.049064 -1.388804 -5.366921
 0.789382 -1.776502 -5.108078 
  

0.789777 -1.776194 -5.108126
 0.789382 -1.776502 -5.108078 
  

1.206091 -0.852268 -5.368373
 -0.049064 -1.388804 -5.366921 
  

-1.041062 -1.730350 -5.114813
 -0.067282 -1.388470 -5.366900 
  

-1.322119 -0.886169 -5.365543
 -1.061368 -1.726541 -5.113309 
  

-0.067282 -1.388470 -5.366900
 -1.322119 -0.886169 -5.365543 
  

-2.203941 -0.440778 -5.110787
 -1.322553 -0.885680 -5.365543 
  

-1.783174 0.306491 -5.359671
 -2.205753 -0.436622 -5.110694 
  

-2.203941 -0.440778 -5.110787
 -2.205808 -0.438315 -5.110449 
  

-2.205753 -0.436622 -5.110694
 -2.205808 -0.438315 -5.110449 
  

-1.783174 0.306491 -5.359671
 -1.768009 0.307118 -5.365153 
  

-1.322553 -0.885680 -5.365543
 -1.768009 0.307118 -5.365153 
  

-2.046204 1.285168 -5.115590
 -1.783174 0.306491 -5.359671 
  

-2.028823 1.307436 -5.118628
 -1.262342 1.599241 -5.356509 
  

-1.783174 0.306491 -5.359671
 -1.768009 0.307118 -5.365153 
  

-1.262342 1.599241 -5.356509
 -1.244877 1.579833 -5.365852 
  

-1.768009 0.307118 -5.365153
 -1.244877 1.579833 -5.365852 
  

-0.893364 2.537278 -5.084059
 -0.011705 2.105813 -5.364659 
  

-0.893364 2.537278 -5.084059
 -1.262342 1.599241 -5.356509 
  

-0.011705 2.105813 -5.364659
 -0.011781 2.098266 -5.367278 
  

-1.262342 1.599241 -5.356509
 -1.244877 1.579833 -5.365852 
  

-0.011781 2.098266 -5.367278
 -1.244877 1.579833 -5.365852 
  

1.707238 0.330737 -5.369040
 1.707260 0.326598 -5.369039 
  

1.220892 -0.837870 -5.368390
 1.206091 -0.852268 -5.368373 
  

-0.049064 -1.388804 -5.366921
 -0.067282 -1.388470 -5.366900 
  

-1.322119 -0.886169 -5.365543
 -1.322553 -0.885680 -5.365543 
  

1.165072 1.604947 -5.368549
 -0.011781 2.098266 -5.367278 
  

1.707238 0.330737 -5.369040
 1.165072 1.604947 -5.368549 
  

1.707260 0.326598 -5.369039
 1.220892 -0.837870 -5.368390 
  

1.206091 -0.852268 -5.368373
 -0.049064 -1.388804 -5.366921 
  

-0.067282 -1.388470 -5.366900
 -1.322119 -0.886169 -5.365543 
  

-1.322553 -0.885680 -5.365543
 -1.768009 0.307118 -5.365153 
  

-1.768009 0.307118 -5.365153
 -1.244877 1.579833 -5.365852 
  

-0.011781 2.098266 -5.367278
 -1.244877 1.579833 -5.365852 
  

-0.006593 0.378975 -1.582836
 -0.020205 0.379879 -1.582646 
  

-0.006593 0.378975 -1.582836
 0.008501 0.361102 -1.582837 
  

0.008501 0.361102 -1.582837
 0.006625 0.345089 -1.582609 
  

0.006625 0.345089 -1.582609
 -0.006183 0.334476 -1.582286 
  

-0.006183 0.334476 -1.582286
 -0.017481 0.335530 -1.582132 
  

-0.017481 0.335530 -1.582132
 -0.033966 0.354017 -1.582119 
  

-0.033966 0.354017 -1.582119
 -0.033092 0.368325 -1.582310 
  

-0.020205 0.379879 -1.582646
 -0.033092 0.368325 -1.582310 
  

-1.075416 3.172431 -4.187598
 -1.158672 3.139016 -4.200048 
  

-1.075416 3.172431 -4.187598
 -1.074084 3.172970 -4.187886 
  

-1.166967 3.138475 -4.498029
 -1.124608 3.155615 -4.506470 
  

-1.081037 3.173068 -4.496368
 -1.124608 3.155615 -4.506470 
  

-1.074084 3.172970 -4.187886
 -1.081037 3.173068 -4.496368 
  

-1.158672 3.139016 -4.200048
 -1.166967 3.138475 -4.498029 
  

1.019855 -2.446852 -4.184302
 1.098944 -2.416799 -4.200537 
  

1.019855 -2.446852 -4.184302
 0.979239 -2.462333 -4.194220 
  

1.093926 -2.419425 -4.474208
 1.024259 -2.445969 -4.486774 
  

0.977839 -2.463609 -4.477596
 1.024259 -2.445969 -4.486774 
  

1.098944 -2.416799 -4.200537
 1.093926 -2.419425 -4.474208 
  

0.979239 -2.462333 -4.194220
 0.977839 -2.463609 -4.477596 
  

2.730287 -0.805299 -4.185174
 2.755921 -0.743313 -4.195912 
  

2.730287 -0.805299 -4.185174
 2.710848 -0.852181 -4.194758 
  

2.754909 -0.743751 -4.478163
 2.729555 -0.804909 -4.489221 
  

2.709964 -0.852296 -4.479084
 2.729555 -0.804909 -4.489221 
  

2.710848 -0.852181 -4.194758
 2.709964 -0.852296 -4.479084 
  

2.755921 -0.743313 -4.195912
 2.754909 -0.743751 -4.478163 
  

-2.340098 -1.556995 -4.209879
 -2.350334 -1.544799 -4.209451 
  

-2.350334 -1.544799 -4.209451
 -2.363749 -1.528839 -4.212872 
  

2.962320 0.256709 -4.188615
 2.961256 0.231699 -4.189900 
  

2.966538 0.336052 -4.486373
 2.965609 0.314246 -4.487104 
  

2.962320 0.256709 -4.188615
 2.965717 0.335358 -4.203188 
  

2.965609 0.314246 -4.487104
 2.961976 0.229906 -4.474827 
  

2.966538 0.336052 -4.486373
 2.965717 0.335358 -4.203188 
  

2.961256 0.231699 -4.189900
 2.961976 0.229906 -4.474827 
  

0.074025 3.355749 -4.182452
 0.083678 3.355496 -4.184706 
  

0.074025 3.355749 -4.182452
 -0.015461 3.358481 -4.198173 
  

0.089300 3.358381 -4.477360
 -0.004875 3.360937 -4.463342 
  

0.083678 3.355496 -4.184706
 0.089300 3.358381 -4.477360 
  

-0.015461 3.358481 -4.198173
 -0.004875 3.360937 -4.463342 
  

-2.872956 -0.621047 -4.206825
 -2.832744 -0.731646 -4.224813 
  

-2.872956 -0.621047 -4.206825
 -2.882681 -0.594506 -4.212479 
  

-2.884224 -0.595924 -4.487176
 -2.861035 -0.659763 -4.500512 
  

-2.882681 -0.594506 -4.212479
 -2.884224 -0.595924 -4.487176 
  

-0.262803 -2.630729 -4.217448
 -0.273854 -2.630058 -4.217615 
  

-0.239976 -2.632333 -4.496619
 -0.255099 -2.631414 -4.497049 
  

-0.262803 -2.630729 -4.217448
 -0.204975 -2.634251 -4.226799 
  

-0.239976 -2.632333 -4.496619
 -0.188484 -2.635455 -4.486753 
  

-0.204975 -2.634251 -4.226799
 -0.188484 -2.635455 -4.486753 
  

2.082383 -1.768523 -4.193628
 2.067374 -1.782588 -4.194336 
  

2.082383 -1.768523 -4.193628
 2.090292 -1.761105 -4.195776 
  

2.067374 -1.782588 -4.194336
 1.944701 -1.897486 -4.221734 
  

2.000209 -1.844712 -4.485747
 2.091474 -1.759238 -4.463139 
  

2.000209 -1.844712 -4.485747
 1.945761 -1.895781 -4.472436 
  

1.944701 -1.897486 -4.221734
 1.945761 -1.895781 -4.472436 
  

2.090292 -1.761105 -4.195776
 2.091474 -1.759238 -4.463139 
  

-3.024567 0.516965 -4.209256
 -3.023592 0.533738 -4.209524 
  

-3.028652 0.466024 -4.480575
 -3.026744 0.498757 -4.479882 
  

-3.024567 0.516965 -4.209256
 -3.028259 0.454301 -4.220012 
  

-3.023592 0.533738 -4.209524
 -3.021806 0.564827 -4.215229 
  

-3.028652 0.466024 -4.480575
 -3.029553 0.450368 -4.477969 
  

-3.026744 0.498757 -4.479882
 -3.022902 0.563799 -4.466262 
  

-3.021806 0.564827 -4.215229
 -3.022902 0.563799 -4.466262 
  

-3.028259 0.454301 -4.220012
 -3.029553 0.450368 -4.477969 
  

2.183901 2.376095 -4.189253
 2.194416 2.364161 -4.189547 
  

2.183901 2.376095 -4.189253
 2.164122 2.398551 -4.195965 
  

2.194416 2.364161 -4.189547
 2.249248 2.301945 -4.202122 
  

2.251545 2.299635 -4.445109
 2.160426 2.403076 -4.466057 
  

2.249248 2.301945 -4.202122
 2.251545 2.299635 -4.445109 
  

2.164122 2.398551 -4.195965
 2.160426 2.403076 -4.466057 
  

-1.970552 2.644162 -4.193260
 -1.954681 2.657394 -4.193012 
  

-1.970552 2.644162 -4.193260
 -1.997117 2.622096 -4.200445 
  

-1.954681 2.657394 -4.193012
 -1.920562 2.685928 -4.199448 
  

-1.998253 2.624404 -4.465308
 -1.921935 2.687937 -4.456091 
  

-1.997117 2.622096 -4.200445
 -1.998253 2.624404 -4.465308 
  

-1.920562 2.685928 -4.199448
 -1.921935 2.687937 -4.456091 
  

2.768150 1.424769 -4.182835
 2.747719 1.478624 -4.192857 
  

2.768150 1.424769 -4.182835
 2.794092 1.356658 -4.196452 
  

2.757036 1.456805 -4.455612
 2.747503 1.481838 -4.451108 
  

2.757036 1.456805 -4.455612
 2.793933 1.359598 -4.442510 
  

2.794092 1.356658 -4.196452
 2.793933 1.359598 -4.442510 
  

2.747719 1.478624 -4.192857
 2.747503 1.481838 -4.451108 
  

1.227884 3.075162 -4.464650
 1.360649 3.007193 -4.449085 
  

1.215996 3.077849 -4.289657
 1.227884 3.075162 -4.464650 
  

1.355739 3.006647 -4.290915
 1.360649 3.007193 -4.449085 
  

1.215996 3.077849 -4.289657
 1.355739 3.006647 -4.290915 
  

-2.715685 1.686141 -4.207097
 -2.750337 1.615726 -4.221263 
  

-2.715685 1.686141 -4.207097
 -2.673573 1.772710 -4.224265 
  

-2.758168 1.605439 -4.419076
 -2.678187 1.768503 -4.404927 
  

-2.673573 1.772710 -4.224265
 -2.678187 1.768503 -4.404927 
  

-2.750337 1.615726 -4.221263
 -2.758168 1.605439 -4.419076 
  

0.653126 3.273180 -4.257876
 0.715196 3.257026 -4.259473 
  

0.661526 3.274077 -4.427515
 0.718806 3.259148 -4.427792 
  

0.653126 3.273180 -4.257876
 0.661526 3.274077 -4.427515 
  

0.715196 3.257026 -4.259473
 0.718806 3.259148 -4.427792 
  

0.468720 -2.593619 -4.260757
 0.336193 -2.614571 -4.265976 
  

0.471696 -2.594817 -4.431530
 0.346678 -2.614533 -4.431368 
  

0.336193 -2.614571 -4.265976
 0.346678 -2.614533 -4.431368 
  

0.468720 -2.593619 -4.260757
 0.471696 -2.594817 -4.431530 
  

2.471271 -1.290680 -4.240601
 2.405701 -1.383929 -4.239260 
  

2.469977 -1.291952 -4.427605
 2.404954 -1.384420 -4.427415 
  

2.471271 -1.290680 -4.240601
 2.469977 -1.291952 -4.427605 
  

2.405701 -1.383929 -4.239260
 2.404954 -1.384420 -4.427415 
  

-2.343583 2.268350 -4.257645
 -2.413587 2.181048 -4.260442 
  

-2.342511 2.271321 -4.429819
 -2.415006 2.180756 -4.416075 
  

-2.413587 2.181048 -4.260442
 -2.415006 2.180756 -4.416075 
  

-2.343583 2.268350 -4.257645
 -2.342511 2.271321 -4.429819 
  

2.926730 0.817769 -4.238231
 2.904744 0.944092 -4.236709 
  

2.927802 0.812965 -4.433113
 2.905537 0.940863 -4.427405 
  

2.904744 0.944092 -4.236709
 2.905537 0.940863 -4.427405 
  

2.926730 0.817769 -4.238231
 2.927802 0.812965 -4.433113 
  

-0.642762 3.297140 -4.235857
 -0.504171 3.321393 -4.237173 
  

-0.650559 3.297217 -4.439546
 -0.506687 3.322352 -4.435114 
  

-0.642762 3.297140 -4.235857
 -0.650559 3.297217 -4.439546 
  

-0.504171 3.321393 -4.237173
 -0.506687 3.322352 -4.435114 
  

-2.940082 1.066100 -4.260382
 -2.904517 1.196058 -4.259363 
  

-2.937142 1.082363 -4.404912
 -2.895874 1.233057 -4.401093 
  

-2.940082 1.066100 -4.260382
 -2.937142 1.082363 -4.404912 
  

-2.904517 1.196058 -4.259363
 -2.895874 1.233057 -4.401093 
  

-2.993088 -0.141223 -4.258689
 -3.009917 -0.022557 -4.259865 
  

-2.995022 -0.138566 -4.440986
 -3.011497 -0.022249 -4.439679 
  

-3.009917 -0.022557 -4.259865
 -3.011497 -0.022249 -4.439679 
  

-2.993088 -0.141223 -4.258689
 -2.995022 -0.138566 -4.440986 
  

1.477259 -2.229531 -4.244690
 1.593678 -2.158226 -4.247745 
  

1.473335 -2.231398 -4.438936
 1.590889 -2.159408 -4.438483 
  

1.593678 -2.158226 -4.247745
 1.590889 -2.159408 -4.438483 
  

1.477259 -2.229531 -4.244690
 1.473335 -2.231398 -4.438936 
  

1.872063 2.670701 -4.249748
 1.719447 2.786178 -4.257461 
  

1.869064 2.674696 -4.443775
 1.700250 2.802254 -4.432639 
  

1.872063 2.670701 -4.249748
 1.869064 2.674696 -4.443775 
  

1.719447 2.786178 -4.257461
 1.700250 2.802254 -4.432639 
  

2.478416 1.994820 -4.232095
 2.566275 1.851307 -4.231231 
  

2.483848 1.992834 -4.411999
 2.565930 1.858802 -4.412373 
  

2.566275 1.851307 -4.231231
 2.565930 1.858802 -4.412373 
  

2.478416 1.994820 -4.232095
 2.483848 1.992834 -4.411999 
  

-2.643118 -1.120905 -4.250106
 -2.652724 -1.104080 -4.250128 
  

2.866310 -0.406141 -4.228564
 2.898317 -0.263025 -4.229253 
  

2.872292 -0.384189 -4.440985
 2.900052 -0.260012 -4.439372 
  

2.898317 -0.263025 -4.229253
 2.900052 -0.260012 -4.439372 
  

2.866310 -0.406141 -4.228564
 2.872292 -0.384189 -4.440985 
  

-1.494309 2.977439 -4.229349
 -1.591475 2.920065 -4.229592 
  

-1.495202 2.979457 -4.452222
 -1.591501 2.922527 -4.446470 
  

-1.494309 2.977439 -4.229349
 -1.495202 2.979457 -4.452222 
  

-1.591475 2.920065 -4.229592
 -1.591501 2.922527 -4.446470 
  

0.312263 3.335037 -4.225252
 0.426490 3.319028 -4.240376 
  

0.315570 3.337354 -4.449346
 0.434532 3.320341 -4.437691 
  

0.426490 3.319028 -4.240376
 0.434532 3.320341 -4.437691 
  

0.312263 3.335037 -4.225252
 0.315570 3.337354 -4.449346 
  

1.196189 3.088264 -4.470715
 1.074195 3.138194 -4.454273 
  

1.196189 3.088264 -4.470715
 1.227884 3.075162 -4.464650 
  

1.215996 3.077849 -4.289657
 1.227884 3.075162 -4.464650 
  

1.078846 3.133955 -4.269037
 1.074195 3.138194 -4.454273 
  

1.215996 3.077849 -4.289657
 1.078846 3.133955 -4.269037 
  

0.039888 -2.638549 -4.256648
 0.162918 -2.630890 -4.262629 
  

0.042794 -2.639321 -4.451412
 0.167711 -2.631463 -4.441112 
  

0.039888 -2.638549 -4.256648
 0.042794 -2.639321 -4.451412 
  

0.162918 -2.630890 -4.262629
 0.167711 -2.631463 -4.441112 
  

2.607098 -1.063717 -4.225840
 2.561680 -1.143261 -4.232671 
  

2.606321 -1.063998 -4.445584
 2.560947 -1.143538 -4.437702 
  

2.561680 -1.143261 -4.232671
 2.560947 -1.143538 -4.437702 
  

2.607098 -1.063717 -4.225840
 2.606321 -1.063998 -4.445584 
  

2.964048 0.444430 -4.217602
 2.955405 0.583025 -4.229993 
  

2.964795 0.444642 -4.473238
 2.956124 0.582164 -4.453767 
  

2.955405 0.583025 -4.229993
 2.956124 0.582164 -4.453767 
  

2.964048 0.444430 -4.217602
 2.964795 0.444642 -4.473238 
  

-2.601979 1.903320 -4.244282
 -2.530384 2.016217 -4.254493 
  

-2.606310 1.899043 -4.399639
 -2.535939 2.009888 -4.402335 
  

-2.601979 1.903320 -4.244282
 -2.606310 1.899043 -4.399639 
  

-2.530384 2.016217 -4.254493
 -2.535939 2.009888 -4.402335 
  

-0.907759 3.227228 -4.212130
 -0.748716 3.273622 -4.230366 
  

-0.909239 3.228706 -4.468270
 -0.744335 3.276504 -4.446288 
  

-0.907759 3.227228 -4.212130
 -0.909239 3.228706 -4.468270 
  

-0.748716 3.273622 -4.230366
 -0.744335 3.276504 -4.446288 
  

-2.992509 0.808811 -4.246482
 -2.962797 0.964514 -4.256677 
  

-2.992996 0.810209 -4.427816
 -2.962825 0.967765 -4.412702 
  

-2.962797 0.964514 -4.256677
 -2.962825 0.967765 -4.412702 
  

-2.992509 0.808811 -4.246482
 -2.992996 0.810209 -4.427816 
  

-2.923648 -0.453909 -4.232892
 -2.970090 -0.273194 -4.253508 
  

-2.925289 -0.453992 -4.466882
 -2.972040 -0.270926 -4.446251 
  

-2.923648 -0.453909 -4.232892
 -2.925289 -0.453992 -4.466882 
  

-2.970090 -0.273194 -4.253508
 -2.972040 -0.270926 -4.446251 
  

2.178121 -1.666750 -4.213423
 2.289719 -1.536112 -4.230270 
  

2.178617 -1.665694 -4.447711
 2.288960 -1.536588 -4.433677 
  

2.289719 -1.536112 -4.230270
 2.288960 -1.536588 -4.433677 
  

2.178121 -1.666750 -4.213423
 2.178617 -1.665694 -4.447711 
  

-2.165822 2.463083 -4.235626
 -2.229800 2.397194 -4.245875 
  

-2.166589 2.465446 -4.475077
 -2.223579 2.406417 -4.458625 
  

-2.229800 2.397194 -4.245875
 -2.223579 2.406417 -4.458625 
  

-2.165822 2.463083 -4.235626
 -2.166589 2.465446 -4.475077 
  

0.768990 -2.527732 -4.232026
 0.664431 -2.554679 -4.245707 
  

0.757415 -2.531806 -4.447765
 0.645984 -2.560399 -4.437883 
  

0.664431 -2.554679 -4.245707
 0.645984 -2.560399 -4.437883 
  

0.768990 -2.527732 -4.232026
 0.757415 -2.531806 -4.447765 
  

-0.151858 3.356490 -4.216591
 -0.287517 3.348065 -4.229102 
  

-0.145171 3.358593 -4.447935
 -0.285047 3.349743 -4.438371 
  

-0.287517 3.348065 -4.229102
 -0.285047 3.349743 -4.438371 
  

-0.151858 3.356490 -4.216591
 -0.145171 3.358593 -4.447935 
  

-3.030882 0.271421 -4.244031
 -3.027521 0.198730 -4.249595 
  

-3.031867 0.260420 -4.454043
 -3.028474 0.188677 -4.448813 
  

-3.030882 0.271421 -4.244031
 -3.031867 0.260420 -4.454043 
  

-3.027521 0.198730 -4.249595
 -3.028474 0.188677 -4.448813 
  

1.833923 -1.989063 -4.237097
 1.740251 -2.059323 -4.244562 
  

1.835268 -1.987232 -4.454718
 1.740382 -2.058467 -4.445070 
  

1.833923 -1.989063 -4.237097
 1.835268 -1.987232 -4.454718 
  

1.740251 -2.059323 -4.244562
 1.740382 -2.058467 -4.445070 
  

2.105540 2.460851 -4.212635
 1.984648 2.574587 -4.235724 
  

2.096898 2.470573 -4.482839
 1.980837 2.579492 -4.459228 
  

2.096898 2.470573 -4.482839
 2.097385 2.470114 -4.482682 
  

1.984648 2.574587 -4.235724
 1.980837 2.579492 -4.459228 
  

2.680836 1.631781 -4.214569
 2.663663 1.666890 -4.218123 
  

2.675708 1.645819 -4.428760
 2.644512 1.709389 -4.422669 
  

2.680836 1.631781 -4.214569
 2.675708 1.645819 -4.428760 
  

2.663663 1.666890 -4.218123
 2.644512 1.709389 -4.422669 
  

1.277215 -2.336433 -4.227410
 1.352166 -2.298272 -4.235341 
  

1.273971 -2.337952 -4.451556
 1.347498 -2.300524 -4.445475 
  

1.352166 -2.298272 -4.235341
 1.347498 -2.300524 -4.445475 
  

1.277215 -2.336433 -4.227410
 1.273971 -2.337952 -4.451556 
  

2.854078 1.162232 -4.222545
 2.882832 1.050089 -4.232286 
  

2.852742 1.168486 -4.428742
 2.882444 1.052577 -4.425600 
  

2.882832 1.050089 -4.232286
 2.882444 1.052577 -4.425600 
  

2.854078 1.162232 -4.222545
 2.852742 1.168486 -4.428742 
  

2.950709 0.097774 -4.205891
 2.933200 -0.061155 -4.221121 
  

2.950815 0.089448 -4.458870
 2.933291 -0.068551 -4.445286 
  

2.950709 0.097774 -4.205891
 2.950815 0.089448 -4.458870 
  

2.933200 -0.061155 -4.221121
 2.933291 -0.068551 -4.445286 
  

1.488936 2.934924 -4.439002
 1.596701 2.869762 -4.433880 
  

1.598108 2.865473 -4.268214
 1.596701 2.869762 -4.433880 
  

1.489399 2.931386 -4.282045
 1.488936 2.934924 -4.439002 
  

1.598108 2.865473 -4.268214
 1.489399 2.931386 -4.282045 
  

-2.789732 1.525266 -4.234928
 -2.833183 1.416308 -4.247848 
  

-2.799361 1.510001 -4.411789
 -2.837394 1.413664 -4.404246 
  

-2.789732 1.525266 -4.234928
 -2.799361 1.510001 -4.411789 
  

-2.833183 1.416308 -4.247848
 -2.837394 1.413664 -4.404246 
  

2.344713 2.182667 -4.218762
 2.367948 2.151680 -4.221873 
  

2.365450 2.157225 -4.425094
 2.414721 2.091371 -4.418441 
  

2.344713 2.182667 -4.218762
 2.365450 2.157225 -4.425094 
  

2.367948 2.151680 -4.221873
 2.414721 2.091371 -4.418441 
  

-1.760909 2.805902 -4.219037
 -1.715704 2.837674 -4.222874 
  

-1.761661 2.808041 -4.446698
 -1.716779 2.839530 -4.445672 
  

-1.760909 2.805902 -4.219037
 -1.761661 2.808041 -4.446698 
  

-1.715704 2.837674 -4.222874
 -1.716779 2.839530 -4.445672 
  

-1.270231 3.088893 -4.212573
 -1.386421 3.034421 -4.223853 
  

-1.272072 3.090941 -4.480828
 -1.387711 3.036418 -4.463569 
  

-1.386421 3.034421 -4.223853
 -1.387711 3.036418 -4.463569 
  

-1.270231 3.088893 -4.212573
 -1.272072 3.090941 -4.480828 
  

-2.463528 -1.399970 -4.233743
 -2.508040 -1.338664 -4.241337 
  

-2.791556 -0.831524 -4.237204
 -2.748479 -0.923316 -4.244465 
  

2.808070 -0.605251 -4.215445
 2.831714 -0.532472 -4.222330 
  

2.808028 -0.603447 -4.457229
 2.834657 -0.521609 -4.448844 
  

2.831714 -0.532472 -4.222330
 2.834657 -0.521609 -4.448844 
  

2.808070 -0.605251 -4.215445
 2.808028 -0.603447 -4.457229 
  

-0.072377 -2.638442 -4.244673
 0.039888 -2.638549 -4.256648 
  

-0.062967 -2.639322 -4.466010
 0.042794 -2.639321 -4.451412 
  

0.039888 -2.638549 -4.256648
 0.042794 -2.639321 -4.451412 
  

-0.072377 -2.638442 -4.244673
 -0.062967 -2.639322 -4.466010 
  

2.710848 -0.852181 -4.194758
 2.660356 -0.959334 -4.212066 
  

2.709964 -0.852296 -4.479084
 2.659524 -0.959561 -4.460594 
  

2.710848 -0.852181 -4.194758
 2.709964 -0.852296 -4.479084 
  

2.660356 -0.959334 -4.212066
 2.659524 -0.959561 -4.460594 
  

2.939565 0.727255 -4.236670
 2.955405 0.583025 -4.229993 
  

2.940685 0.722226 -4.439707
 2.956124 0.582164 -4.453767 
  

2.955405 0.583025 -4.229993
 2.956124 0.582164 -4.453767 
  

2.939565 0.727255 -4.236670
 2.940685 0.722226 -4.439707 
  

0.563567 3.293064 -4.252529
 0.426490 3.319028 -4.240376 
  

0.574015 3.293631 -4.429936
 0.434532 3.320341 -4.437691 
  

0.426490 3.319028 -4.240376
 0.434532 3.320341 -4.437691 
  

0.563567 3.293064 -4.252529
 0.574015 3.293631 -4.429936 
  

-3.012783 0.664052 -4.230498
 -3.002410 0.746269 -4.240587 
  

-3.013729 0.663207 -4.448273
 -3.003121 0.746593 -4.435681 
  

-3.012783 0.664052 -4.230498
 -3.013729 0.663207 -4.448273 
  

-3.002410 0.746269 -4.240587
 -3.003121 0.746593 -4.435681 
  

0.083678 3.355496 -4.184706
 0.221469 3.345012 -4.210789 
  

0.100938 3.357496 -4.479599
 0.226158 3.347481 -4.460431 
  

0.100938 3.357496 -4.479599
 0.089300 3.358381 -4.477360 
  

0.083678 3.355496 -4.184706
 0.089300 3.358381 -4.477360 
  

0.221469 3.345012 -4.210789
 0.226158 3.347481 -4.460431 
  

0.819957 3.228407 -4.260968
 0.963408 3.180905 -4.255633 
  

0.817607 3.232160 -4.429352
 0.951578 3.188039 -4.438045 
  

0.963408 3.180905 -4.255633
 0.951578 3.188039 -4.438045 
  

0.819957 3.228407 -4.260968
 0.817607 3.232160 -4.429352 
  

-0.414341 3.334154 -4.235360
 -0.287517 3.348065 -4.229102 
  

-0.413956 3.335537 -4.434941
 -0.285047 3.349743 -4.438371 
  

-0.287517 3.348065 -4.229102
 -0.285047 3.349743 -4.438371 
  

-0.414341 3.334154 -4.235360
 -0.413956 3.335537 -4.434941 
  

-2.413587 2.181048 -4.260442
 -2.487280 2.079658 -4.258134 
  

-2.415006 2.180756 -4.416075
 -2.490074 2.077396 -4.406291 
  

-2.413587 2.181048 -4.260442
 -2.415006 2.180756 -4.416075 
  

-2.487280 2.079658 -4.258134
 -2.490074 2.077396 -4.406291 
  

-2.866439 1.319373 -4.254563
 -2.862990 1.329530 -4.253892 
  

-2.866757 1.327610 -4.401460
 -2.865748 1.330597 -4.401547 
  

-2.866439 1.319373 -4.254563
 -2.866757 1.327610 -4.401460 
  

-1.997117 2.622096 -4.200445
 -2.100122 2.528616 -4.223922 
  

-1.998253 2.624404 -4.465308
 -2.101434 2.530698 -4.483612 
  

-1.997117 2.622096 -4.200445
 -1.998253 2.624404 -4.465308 
  

-2.100122 2.528616 -4.223922
 -2.101434 2.530698 -4.483612 
  

-2.572392 -1.240635 -4.248085
 -2.508040 -1.338664 -4.241337 
  

-2.343583 2.268350 -4.257645
 -2.229800 2.397194 -4.245875 
  

-2.342511 2.271321 -4.429819
 -2.223579 2.406417 -4.458625 
  

-2.343583 2.268350 -4.257645
 -2.342511 2.271321 -4.429819 
  

-2.229800 2.397194 -4.245875
 -2.223579 2.406417 -4.458625 
  

2.794092 1.356658 -4.196452
 2.827445 1.253987 -4.211754 
  

2.793933 1.359598 -4.442510
 2.826245 1.259898 -4.433902 
  

2.794092 1.356658 -4.196452
 2.793933 1.359598 -4.442510 
  

2.827445 1.253987 -4.211754
 2.826245 1.259898 -4.433902 
  

0.905438 -2.487623 -4.209633
 0.879057 -2.495744 -4.214299 
  

0.903629 -2.488960 -4.465440
 0.875248 -2.497670 -4.461661 
  

0.879057 -2.495744 -4.214299
 0.875248 -2.497670 -4.461661 
  

0.905438 -2.487623 -4.209633
 0.903629 -2.488960 -4.465440 
  

-2.673573 1.772710 -4.224265
 -2.601979 1.903320 -4.244282 
  

-2.678187 1.768503 -4.404927
 -2.606310 1.899043 -4.399639 
  

-2.673573 1.772710 -4.224265
 -2.678187 1.768503 -4.404927 
  

-2.601979 1.903320 -4.244282
 -2.606310 1.899043 -4.399639 
  

1.872063 2.670701 -4.249748
 1.984648 2.574587 -4.235724 
  

1.869064 2.674696 -4.443775
 1.980837 2.579492 -4.459228 
  

1.872063 2.670701 -4.249748
 1.869064 2.674696 -4.443775 
  

1.984648 2.574587 -4.235724
 1.980837 2.579492 -4.459228 
  

0.564122 -2.575375 -4.254099
 0.664431 -2.554679 -4.245707 
  

0.560562 -2.577916 -4.434198
 0.645984 -2.560399 -4.437883 
  

0.664431 -2.554679 -4.245707
 0.645984 -2.560399 -4.437883 
  

0.564122 -2.575375 -4.254099
 0.560562 -2.577916 -4.434198 
  

1.944701 -1.897486 -4.221734
 1.833923 -1.989063 -4.237097 
  

1.945761 -1.895781 -4.472436
 1.835268 -1.987232 -4.454718 
  

1.944701 -1.897486 -4.221734
 1.945761 -1.895781 -4.472436 
  

1.833923 -1.989063 -4.237097
 1.835268 -1.987232 -4.454718 
  

-1.074084 3.172970 -4.187886
 -0.907759 3.227228 -4.212130 
  

-1.081037 3.173068 -4.496368
 -0.909239 3.228706 -4.468270 
  

-1.074084 3.172970 -4.187886
 -1.081037 3.173068 -4.496368 
  

-0.907759 3.227228 -4.212130
 -0.909239 3.228706 -4.468270 
  

0.336193 -2.614571 -4.265976
 0.162918 -2.630890 -4.262629 
  

0.346678 -2.614533 -4.431368
 0.167711 -2.631463 -4.441112 
  

0.336193 -2.614571 -4.265976
 0.346678 -2.614533 -4.431368 
  

0.162918 -2.630890 -4.262629
 0.167711 -2.631463 -4.441112 
  

-3.009917 -0.022557 -4.259865
 -3.021456 0.100672 -4.255716 
  

-3.011497 -0.022249 -4.439679
 -3.022685 0.096529 -4.443370 
  

-3.009917 -0.022557 -4.259865
 -3.011497 -0.022249 -4.439679 
  

-3.021456 0.100672 -4.255716
 -3.022685 0.096529 -4.443370 
  

2.342021 -1.468709 -4.234959
 2.289719 -1.536112 -4.230270 
  

2.341099 -1.469414 -4.430230
 2.288960 -1.536588 -4.433677 
  

2.289719 -1.536112 -4.230270
 2.288960 -1.536588 -4.433677 
  

2.342021 -1.468709 -4.234959
 2.341099 -1.469414 -4.430230 
  

2.471271 -1.290680 -4.240601
 2.561680 -1.143261 -4.232671 
  

2.469977 -1.291952 -4.427605
 2.560947 -1.143538 -4.437702 
  

2.471271 -1.290680 -4.240601
 2.469977 -1.291952 -4.427605 
  

2.561680 -1.143261 -4.232671
 2.560947 -1.143538 -4.437702 
  

0.980314 3.173982 -4.253827
 0.963408 3.180905 -4.255633 
  

1.074195 3.138194 -4.454273
 0.951578 3.188039 -4.438045 
  

1.078846 3.133955 -4.269037
 1.074195 3.138194 -4.454273 
  

0.963408 3.180905 -4.255633
 0.951578 3.188039 -4.438045 
  

0.980314 3.173982 -4.253827
 1.078846 3.133955 -4.269037 
  

2.898317 -0.263025 -4.229253
 2.922614 -0.135750 -4.226170 
  

2.900052 -0.260012 -4.439372
 2.923451 -0.137580 -4.441270 
  

2.898317 -0.263025 -4.229253
 2.900052 -0.260012 -4.439372 
  

2.922614 -0.135750 -4.226170
 2.923451 -0.137580 -4.441270 
  

2.090292 -1.761105 -4.195776
 2.178121 -1.666750 -4.213423 
  

2.091474 -1.759238 -4.463139
 2.178617 -1.665694 -4.447711 
  

2.090292 -1.761105 -4.195776
 2.091474 -1.759238 -4.463139 
  

2.178121 -1.666750 -4.213423
 2.178617 -1.665694 -4.447711 
  

2.249248 2.301945 -4.202122
 2.344713 2.182667 -4.218762 
  

2.251545 2.299635 -4.445109
 2.365450 2.157225 -4.425094 
  

2.249248 2.301945 -4.202122
 2.251545 2.299635 -4.445109 
  

2.344713 2.182667 -4.218762
 2.365450 2.157225 -4.425094 
  

1.719447 2.786178 -4.257461
 1.661589 2.823848 -4.255726 
  

1.700250 2.802254 -4.432639
 1.596701 2.869762 -4.433880 
  

1.719447 2.786178 -4.257461
 1.700250 2.802254 -4.432639 
  

1.598108 2.865473 -4.268214
 1.596701 2.869762 -4.433880 
  

1.661589 2.823848 -4.255726
 1.598108 2.865473 -4.268214 
  

2.866310 -0.406141 -4.228564
 2.831714 -0.532472 -4.222330 
  

2.872292 -0.384189 -4.440985
 2.834657 -0.521609 -4.448844 
  

2.866310 -0.406141 -4.228564
 2.872292 -0.384189 -4.440985 
  

2.831714 -0.532472 -4.222330
 2.834657 -0.521609 -4.448844 
  

-3.031345 0.358353 -4.234160
 -3.031764 0.333169 -4.237520 
  

-3.032519 0.354213 -4.464257
 -3.032915 0.328421 -4.460935 
  

-3.031764 0.333169 -4.237520
 -3.032915 0.328421 -4.460935 
  

-0.015461 3.358481 -4.198173
 -0.151858 3.356490 -4.216591 
  

-0.004875 3.360937 -4.463342
 -0.145171 3.358593 -4.447935 
  

-0.015461 3.358481 -4.198173
 -0.004875 3.360937 -4.463342 
  

-0.151858 3.356490 -4.216591
 -0.145171 3.358593 -4.447935 
  

2.566275 1.851307 -4.231231
 2.617992 1.756791 -4.225908 
  

2.565930 1.858802 -4.412373
 2.599060 1.798501 -4.415446 
  

2.566275 1.851307 -4.231231
 2.565930 1.858802 -4.412373 
  

2.617992 1.756791 -4.225908
 2.599060 1.798501 -4.415446 
  

-2.882681 -0.594506 -4.212479
 -2.923648 -0.453909 -4.232892 
  

-2.884224 -0.595924 -4.487176
 -2.925289 -0.453992 -4.466882 
  

-2.882681 -0.594506 -4.212479
 -2.884224 -0.595924 -4.487176 
  

-2.923648 -0.453909 -4.232892
 -2.925289 -0.453992 -4.466882 
  

2.724894 1.533893 -4.201706
 2.680836 1.631781 -4.214569 
  

2.722481 1.542230 -4.441792
 2.675708 1.645819 -4.428760 
  

2.680836 1.631781 -4.214569
 2.675708 1.645819 -4.428760 
  

2.724894 1.533893 -4.201706
 2.722481 1.542230 -4.441792 
  

-2.993088 -0.141223 -4.258689
 -2.970090 -0.273194 -4.253508 
  

-2.995022 -0.138566 -4.440986
 -2.972040 -0.270926 -4.446251 
  

-2.993088 -0.141223 -4.258689
 -2.995022 -0.138566 -4.440986 
  

-2.970090 -0.273194 -4.253508
 -2.972040 -0.270926 -4.446251 
  

1.593678 -2.158226 -4.247745
 1.681718 -2.100433 -4.247076 
  

1.590889 -2.159408 -4.438483
 1.680012 -2.100892 -4.441142 
  

1.593678 -2.158226 -4.247745
 1.590889 -2.159408 -4.438483 
  

1.681718 -2.100433 -4.247076
 1.680012 -2.100892 -4.441142 
  

2.965986 0.371241 -4.486631
 2.966538 0.336052 -4.486373 
  

2.965717 0.335358 -4.203188
 2.964048 0.444430 -4.217602 
  

2.965986 0.371241 -4.486631
 2.964795 0.444642 -4.473238 
  

2.966538 0.336052 -4.486373
 2.965717 0.335358 -4.203188 
  

2.964048 0.444430 -4.217602
 2.964795 0.444642 -4.473238 
  

-0.642762 3.297140 -4.235857
 -0.748716 3.273622 -4.230366 
  

-0.650559 3.297217 -4.439546
 -0.744335 3.276504 -4.446288 
  

-0.642762 3.297140 -4.235857
 -0.650559 3.297217 -4.439546 
  

-0.748716 3.273622 -4.230366
 -0.744335 3.276504 -4.446288 
  

1.360649 3.007193 -4.449085
 1.488936 2.934924 -4.439002 
  

1.355739 3.006647 -4.290915
 1.360649 3.007193 -4.449085 
  

1.489399 2.931386 -4.282045
 1.488936 2.934924 -4.439002 
  

1.355739 3.006647 -4.290915
 1.489399 2.931386 -4.282045 
  

2.478416 1.994820 -4.232095
 2.426647 2.071032 -4.228600 
  

2.483848 1.992834 -4.411999
 2.450872 2.041531 -4.414276 
  

2.478416 1.994820 -4.232095
 2.483848 1.992834 -4.411999 
  

2.426647 2.071032 -4.228600
 2.450872 2.041531 -4.414276 
  

-1.494309 2.977439 -4.229349
 -1.386421 3.034421 -4.223853 
  

-1.495202 2.979457 -4.452222
 -1.387711 3.036418 -4.463569 
  

-1.494309 2.977439 -4.229349
 -1.495202 2.979457 -4.452222 
  

-1.386421 3.034421 -4.223853
 -1.387711 3.036418 -4.463569 
  

2.755921 -0.743313 -4.195912
 2.808070 -0.605251 -4.215445 
  

2.754909 -0.743751 -4.478163
 2.808028 -0.603447 -4.457229 
  

2.755921 -0.743313 -4.195912
 2.754909 -0.743751 -4.478163 
  

2.808070 -0.605251 -4.215445
 2.808028 -0.603447 -4.457229 
  

1.477259 -2.229531 -4.244690
 1.352166 -2.298272 -4.235341 
  

1.473335 -2.231398 -4.438936
 1.347498 -2.300524 -4.445475 
  

1.477259 -2.229531 -4.244690
 1.473335 -2.231398 -4.438936 
  

1.352166 -2.298272 -4.235341
 1.347498 -2.300524 -4.445475 
  

1.098944 -2.416799 -4.200537
 1.189736 -2.379271 -4.216842 
  

1.093926 -2.419425 -4.474208
 1.182285 -2.382843 -4.460496 
  

1.098944 -2.416799 -4.200537
 1.093926 -2.419425 -4.474208 
  

1.189736 -2.379271 -4.216842
 1.182285 -2.382843 -4.460496 
  

-2.363749 -1.528839 -4.212872
 -2.463528 -1.399970 -4.233743 
  

-2.832744 -0.731646 -4.224813
 -2.791556 -0.831524 -4.237204 
  

-1.920562 2.685928 -4.199448
 -1.840009 2.748406 -4.210845 
  

-1.921935 2.687937 -4.456091
 -1.840871 2.750601 -4.449906 
  

-1.920562 2.685928 -4.199448
 -1.921935 2.687937 -4.456091 
  

-1.840009 2.748406 -4.210845
 -1.840871 2.750601 -4.449906 
  

-2.704992 -1.008836 -4.248578
 -2.748479 -0.923316 -4.244465 
  

2.960820 0.226181 -4.190007
 2.961256 0.231699 -4.189900 
  

2.960820 0.226181 -4.190007
 2.950709 0.097774 -4.205891 
  

2.961976 0.229906 -4.474827
 2.950815 0.089448 -4.458870 
  

2.961256 0.231699 -4.189900
 2.961976 0.229906 -4.474827 
  

2.950709 0.097774 -4.205891
 2.950815 0.089448 -4.458870 
  

-2.940082 1.066100 -4.260382
 -2.962797 0.964514 -4.256677 
  

-2.937142 1.082363 -4.404912
 -2.962825 0.967765 -4.412702 
  

-2.940082 1.066100 -4.260382
 -2.937142 1.082363 -4.404912 
  

-2.962797 0.964514 -4.256677
 -2.962825 0.967765 -4.412702 
  

2.607098 -1.063717 -4.225840
 2.660356 -0.959334 -4.212066 
  

2.606321 -1.063998 -4.445584
 2.659524 -0.959561 -4.460594 
  

2.607098 -1.063717 -4.225840
 2.606321 -1.063998 -4.445584 
  

2.660356 -0.959334 -4.212066
 2.659524 -0.959561 -4.460594 
  

2.904744 0.944092 -4.236709
 2.882832 1.050089 -4.232286 
  

2.905537 0.940863 -4.427405
 2.882444 1.052577 -4.425600 
  

2.904744 0.944092 -4.236709
 2.905537 0.940863 -4.427405 
  

2.882832 1.050089 -4.232286
 2.882444 1.052577 -4.425600 
  

-0.204975 -2.634251 -4.226799
 -0.072377 -2.638442 -4.244673 
  

-0.188484 -2.635455 -4.486753
 -0.062967 -2.639322 -4.466010 
  

-0.204975 -2.634251 -4.226799
 -0.188484 -2.635455 -4.486753 
  

-0.072377 -2.638442 -4.244673
 -0.062967 -2.639322 -4.466010 
  

-2.750337 1.615726 -4.221263
 -2.789732 1.525266 -4.234928 
  

-2.763913 1.592237 -4.420784
 -2.799361 1.510001 -4.411789 
  

-2.763913 1.592237 -4.420784
 -2.758168 1.605439 -4.419076 
  

-2.750337 1.615726 -4.221263
 -2.758168 1.605439 -4.419076 
  

-2.789732 1.525266 -4.234928
 -2.799361 1.510001 -4.411789 
  

2.164122 2.398551 -4.195965
 2.105540 2.460851 -4.212635 
  

2.160426 2.403076 -4.466057
 2.097385 2.470114 -4.482682 
  

2.164122 2.398551 -4.195965
 2.160426 2.403076 -4.466057 
  

-2.643118 -1.120905 -4.250106
 -2.572392 -1.240635 -4.248085 
  

-1.591475 2.920065 -4.229592
 -1.636244 2.891665 -4.228175 
  

-1.591501 2.922527 -4.446470
 -1.637101 2.893602 -4.445219 
  

-1.591475 2.920065 -4.229592
 -1.591501 2.922527 -4.446470 
  

-1.636244 2.891665 -4.228175
 -1.637101 2.893602 -4.445219 
  

-3.021806 0.564827 -4.215229
 -3.012783 0.664052 -4.230498 
  

-3.022902 0.563799 -4.466262
 -3.013729 0.663207 -4.448273 
  

-3.021806 0.564827 -4.215229
 -3.022902 0.563799 -4.466262 
  

-3.012783 0.664052 -4.230498
 -3.013729 0.663207 -4.448273 
  

2.854078 1.162232 -4.222545
 2.827445 1.253987 -4.211754 
  

2.852742 1.168486 -4.428742
 2.826245 1.259898 -4.433902 
  

2.854078 1.162232 -4.222545
 2.852742 1.168486 -4.428742 
  

2.827445 1.253987 -4.211754
 2.826245 1.259898 -4.433902 
  

-0.504171 3.321393 -4.237173
 -0.414341 3.334154 -4.235360 
  

-0.506687 3.322352 -4.435114
 -0.413956 3.335537 -4.434941 
  

-0.504171 3.321393 -4.237173
 -0.506687 3.322352 -4.435114 
  

-0.414341 3.334154 -4.235360
 -0.413956 3.335537 -4.434941 
  

0.653126 3.273180 -4.257876
 0.563567 3.293064 -4.252529 
  

0.661526 3.274077 -4.427515
 0.574015 3.293631 -4.429936 
  

0.653126 3.273180 -4.257876
 0.661526 3.274077 -4.427515 
  

0.563567 3.293064 -4.252529
 0.574015 3.293631 -4.429936 
  

-1.158672 3.139016 -4.200048
 -1.270231 3.088893 -4.212573 
  

-1.166967 3.138475 -4.498029
 -1.272072 3.090941 -4.480828 
  

-1.158672 3.139016 -4.200048
 -1.166967 3.138475 -4.498029 
  

-1.270231 3.088893 -4.212573
 -1.272072 3.090941 -4.480828 
  

2.926730 0.817769 -4.238231
 2.939565 0.727255 -4.236670 
  

2.927802 0.812965 -4.433113
 2.940685 0.722226 -4.439707 
  

2.926730 0.817769 -4.238231
 2.927802 0.812965 -4.433113 
  

2.939565 0.727255 -4.236670
 2.940685 0.722226 -4.439707 
  

0.312263 3.335037 -4.225252
 0.221469 3.345012 -4.210789 
  

0.315570 3.337354 -4.449346
 0.226158 3.347481 -4.460431 
  

0.312263 3.335037 -4.225252
 0.315570 3.337354 -4.449346 
  

0.221469 3.345012 -4.210789
 0.226158 3.347481 -4.460431 
  

2.933200 -0.061155 -4.221121
 2.922614 -0.135750 -4.226170 
  

2.933291 -0.068551 -4.445286
 2.923451 -0.137580 -4.441270 
  

2.933200 -0.061155 -4.221121
 2.933291 -0.068551 -4.445286 
  

2.922614 -0.135750 -4.226170
 2.923451 -0.137580 -4.441270 
  

-2.904517 1.196058 -4.259363
 -2.866439 1.319373 -4.254563 
  

-2.895874 1.233057 -4.401093
 -2.866757 1.327610 -4.401460 
  

-2.904517 1.196058 -4.259363
 -2.895874 1.233057 -4.401093 
  

-2.866439 1.319373 -4.254563
 -2.866757 1.327610 -4.401460 
  

0.715196 3.257026 -4.259473
 0.819957 3.228407 -4.260968 
  

0.718806 3.259148 -4.427792
 0.817607 3.232160 -4.429352 
  

0.715196 3.257026 -4.259473
 0.718806 3.259148 -4.427792 
  

0.819957 3.228407 -4.260968
 0.817607 3.232160 -4.429352 
  

0.768990 -2.527732 -4.232026
 0.879057 -2.495744 -4.214299 
  

0.757415 -2.531806 -4.447765
 0.875248 -2.497670 -4.461661 
  

0.768990 -2.527732 -4.232026
 0.757415 -2.531806 -4.447765 
  

0.879057 -2.495744 -4.214299
 0.875248 -2.497670 -4.461661 
  

-2.530384 2.016217 -4.254493
 -2.487280 2.079658 -4.258134 
  

-2.535939 2.009888 -4.402335
 -2.490074 2.077396 -4.406291 
  

-2.530384 2.016217 -4.254493
 -2.535939 2.009888 -4.402335 
  

-2.487280 2.079658 -4.258134
 -2.490074 2.077396 -4.406291 
  

1.277215 -2.336433 -4.227410
 1.189736 -2.379271 -4.216842 
  

1.273971 -2.337952 -4.451556
 1.182285 -2.382843 -4.460496 
  

1.277215 -2.336433 -4.227410
 1.273971 -2.337952 -4.451556 
  

1.189736 -2.379271 -4.216842
 1.182285 -2.382843 -4.460496 
  

0.979239 -2.462333 -4.194220
 0.905438 -2.487623 -4.209633 
  

0.977839 -2.463609 -4.477596
 0.903629 -2.488960 -4.465440 
  

0.979239 -2.462333 -4.194220
 0.977839 -2.463609 -4.477596 
  

0.905438 -2.487623 -4.209633
 0.903629 -2.488960 -4.465440 
  

1.740251 -2.059323 -4.244562
 1.681718 -2.100433 -4.247076 
  

1.740382 -2.058467 -4.445070
 1.680012 -2.100892 -4.441142 
  

1.740251 -2.059323 -4.244562
 1.740382 -2.058467 -4.445070 
  

1.681718 -2.100433 -4.247076
 1.680012 -2.100892 -4.441142 
  

-2.652724 -1.104080 -4.250128
 -2.704992 -1.008836 -4.248578 
  

2.405701 -1.383929 -4.239260
 2.342021 -1.468709 -4.234959 
  

2.404954 -1.384420 -4.427415
 2.341099 -1.469414 -4.430230 
  

2.405701 -1.383929 -4.239260
 2.404954 -1.384420 -4.427415 
  

2.342021 -1.468709 -4.234959
 2.341099 -1.469414 -4.430230 
  

-2.165822 2.463083 -4.235626
 -2.100122 2.528616 -4.223922 
  

-2.121985 2.510218 -4.488617
 -2.166589 2.465446 -4.475077 
  

-2.121985 2.510218 -4.488617
 -2.101434 2.530698 -4.483612 
  

-2.165822 2.463083 -4.235626
 -2.166589 2.465446 -4.475077 
  

-2.100122 2.528616 -4.223922
 -2.101434 2.530698 -4.483612 
  

-2.833183 1.416308 -4.247848
 -2.862990 1.329530 -4.253892 
  

-2.837394 1.413664 -4.404246
 -2.865748 1.330597 -4.401547 
  

-2.833183 1.416308 -4.247848
 -2.837394 1.413664 -4.404246 
  

-3.030882 0.271421 -4.244031
 -3.031764 0.333169 -4.237520 
  

-3.031867 0.260420 -4.454043
 -3.032915 0.328421 -4.460935 
  

-3.030882 0.271421 -4.244031
 -3.031867 0.260420 -4.454043 
  

-3.031764 0.333169 -4.237520
 -3.032915 0.328421 -4.460935 
  

2.663663 1.666890 -4.218123
 2.617992 1.756791 -4.225908 
  

2.644512 1.709389 -4.422669
 2.599060 1.798501 -4.415446 
  

2.663663 1.666890 -4.218123
 2.644512 1.709389 -4.422669 
  

2.617992 1.756791 -4.225908
 2.599060 1.798501 -4.415446 
  

-2.250274 -1.664844 -4.520794
 -2.250972 -1.664025 -4.520808 
  

2.747719 1.478624 -4.192857
 2.724894 1.533893 -4.201706 
  

2.747503 1.481838 -4.451108
 2.722481 1.542230 -4.441792 
  

2.747719 1.478624 -4.192857
 2.747503 1.481838 -4.451108 
  

2.724894 1.533893 -4.201706
 2.722481 1.542230 -4.441792 
  

-3.027521 0.198730 -4.249595
 -3.021456 0.100672 -4.255716 
  

-3.028474 0.188677 -4.448813
 -3.022685 0.096529 -4.443370 
  

-3.027521 0.198730 -4.249595
 -3.028474 0.188677 -4.448813 
  

-3.021456 0.100672 -4.255716
 -3.022685 0.096529 -4.443370 
  

-1.760909 2.805902 -4.219037
 -1.840009 2.748406 -4.210845 
  

-1.761661 2.808041 -4.446698
 -1.840871 2.750601 -4.449906 
  

-1.760909 2.805902 -4.219037
 -1.761661 2.808041 -4.446698 
  

-1.840009 2.748406 -4.210845
 -1.840871 2.750601 -4.449906 
  

0.468720 -2.593619 -4.260757
 0.564122 -2.575375 -4.254099 
  

0.471696 -2.594817 -4.431530
 0.560562 -2.577916 -4.434198 
  

0.468720 -2.593619 -4.260757
 0.471696 -2.594817 -4.431530 
  

0.564122 -2.575375 -4.254099
 0.560562 -2.577916 -4.434198 
  

2.367948 2.151680 -4.221873
 2.426647 2.071032 -4.228600 
  

2.414721 2.091371 -4.418441
 2.450872 2.041531 -4.414276 
  

2.367948 2.151680 -4.221873
 2.414721 2.091371 -4.418441 
  

2.426647 2.071032 -4.228600
 2.450872 2.041531 -4.414276 
  

-2.992509 0.808811 -4.246482
 -3.002410 0.746269 -4.240587 
  

-2.992996 0.810209 -4.427816
 -3.003121 0.746593 -4.435681 
  

-2.992509 0.808811 -4.246482
 -2.992996 0.810209 -4.427816 
  

-3.002410 0.746269 -4.240587
 -3.003121 0.746593 -4.435681 
  

-3.028259 0.454301 -4.220012
 -3.031345 0.358353 -4.234160 
  

-3.029553 0.450368 -4.477969
 -3.032519 0.354213 -4.464257 
  

-3.028259 0.454301 -4.220012
 -3.029553 0.450368 -4.477969 
  

-1.715704 2.837674 -4.222874
 -1.636244 2.891665 -4.228175 
  

-1.716779 2.839530 -4.445672
 -1.637101 2.893602 -4.445219 
  

-1.715704 2.837674 -4.222874
 -1.716779 2.839530 -4.445672 
  

-1.636244 2.891665 -4.228175
 -1.637101 2.893602 -4.445219 
  

1.214809 2.962110 -4.125914
 0.980314 3.173982 -4.253827 
  

1.214809 2.962110 -4.125914
 1.661589 2.823848 -4.255726 
  

1.215996 3.077849 -4.289657
 1.355739 3.006647 -4.290915 
  

1.215996 3.077849 -4.289657
 1.078846 3.133955 -4.269037 
  

1.598108 2.865473 -4.268214
 1.489399 2.931386 -4.282045 
  

0.980314 3.173982 -4.253827
 1.078846 3.133955 -4.269037 
  

1.661589 2.823848 -4.255726
 1.598108 2.865473 -4.268214 
  

1.355739 3.006647 -4.290915
 1.489399 2.931386 -4.282045 
  

