8
2 5
0.207000 0.065250 1.203750
0.045000 0.890500 0.782250
   
    
3 5
0.146500 0.900500 1.202500
1.000000 1.079500 0.790000
   
    
4 5
0.841750 1.211500 1.136000
1.248500 0.092000 1.025750
   
    
1 5
0.834500 0.234500 0.787750
0.227750 -0.082000 0.900750
   
    
0 2
-0.129500 0.115250 -0.087500
0.083500 0.865250 -0.197750
   
    
0 3
-0.126750 0.756750 -0.238500
0.913000 0.778000 0.217500
   
    
0 4
0.776750 1.093500 -0.069500
0.934250 0.097250 0.218250
   
    
0 1
1.173000 0.080250 0.037000
0.080250 0.199250 0.053000
   
    
