-0.052470 0.079399 -0.067454
 0.963703 0.227011 0.164676 
  

-0.006192 0.735078 -0.145234
 -0.052470 0.079399 -0.067454 
  

0.802001 0.824137 0.043245
 -0.006192 0.735078 -0.145234 
  

0.963703 0.227011 0.164676
 0.802001 0.824137 0.043245 
  

-0.052470 0.079399 -0.067454
 0.963703 0.227011 0.164676 
  

0.070530 -0.063787 1.049633
 -0.052470 0.079399 -0.067454 
  

1.147146 0.147747 0.922728
 0.963703 0.227011 0.164676 
  

0.070530 -0.063787 1.049633
 1.147146 0.147747 0.922728 
  

-0.006192 0.735078 -0.145234
 -0.052470 0.079399 -0.067454 
  

0.070530 -0.063787 1.049633
 -0.052470 0.079399 -0.067454 
  

0.153504 0.952483 1.022026
 -0.006192 0.735078 -0.145234 
  

0.070530 -0.063787 1.049633
 0.153504 0.952483 1.022026 
  

0.802001 0.824137 0.043245
 -0.006192 0.735078 -0.145234 
  

0.153504 0.952483 1.022026
 -0.006192 0.735078 -0.145234 
  

0.957557 0.991546 0.929368
 0.802001 0.824137 0.043245 
  

0.153504 0.952483 1.022026
 0.957557 0.991546 0.929368 
  

0.963703 0.227011 0.164676
 0.802001 0.824137 0.043245 
  

1.147146 0.147747 0.922728
 0.963703 0.227011 0.164676 
  

0.957557 0.991546 0.929368
 0.802001 0.824137 0.043245 
  

1.147146 0.147747 0.922728
 0.957557 0.991546 0.929368 
  

0.070530 -0.063787 1.049633
 1.147146 0.147747 0.922728 
  

0.070530 -0.063787 1.049633
 0.153504 0.952483 1.022026 
  

0.153504 0.952483 1.022026
 0.957557 0.991546 0.929368 
  

1.147146 0.147747 0.922728
 0.957557 0.991546 0.929368 
  

