-0.164660 0.210941 0.033020
 0.887936 0.095771 0.100024 
  

-0.099538 0.972984 -0.033582
 -0.164660 0.210941 0.033020 
  

0.944596 0.898408 0.029234
 -0.099538 0.972984 -0.033582 
  

0.887936 0.095771 0.100024
 0.944596 0.898408 0.029234 
  

-0.164660 0.210941 0.033020
 0.887936 0.095771 0.100024 
  

0.070898 0.127649 0.964791
 -0.164660 0.210941 0.033020 
  

1.094718 0.027703 0.837475
 0.887936 0.095771 0.100024 
  

0.070898 0.127649 0.964791
 1.094718 0.027703 0.837475 
  

-0.099538 0.972984 -0.033582
 -0.164660 0.210941 0.033020 
  

0.070898 0.127649 0.964791
 -0.164660 0.210941 0.033020 
  

0.170186 0.910810 1.019625
 -0.099538 0.972984 -0.033582 
  

0.070898 0.127649 0.964791
 0.170186 0.910810 1.019625 
  

0.944596 0.898408 0.029234
 -0.099538 0.972984 -0.033582 
  

0.170186 0.910810 1.019625
 -0.099538 0.972984 -0.033582 
  

1.190167 0.845627 0.895700
 0.944596 0.898408 0.029234 
  

0.170186 0.910810 1.019625
 1.190167 0.845627 0.895700 
  

0.887936 0.095771 0.100024
 0.944596 0.898408 0.029234 
  

1.094718 0.027703 0.837475
 0.887936 0.095771 0.100024 
  

1.190167 0.845627 0.895700
 0.944596 0.898408 0.029234 
  

1.094718 0.027703 0.837475
 1.190167 0.845627 0.895700 
  

0.070898 0.127649 0.964791
 1.094718 0.027703 0.837475 
  

0.070898 0.127649 0.964791
 0.170186 0.910810 1.019625 
  

0.170186 0.910810 1.019625
 1.190167 0.845627 0.895700 
  

1.094718 0.027703 0.837475
 1.190167 0.845627 0.895700 
  

