0.468730 -0.105210 0.098312
 0.853344 -0.023772 0.030904 
  

0.157637 0.969588 -0.081842
 0.468730 -0.105210 0.098312 
  

0.799326 1.337500 -0.242045
 0.157637 0.969588 -0.081842 
  

0.853344 -0.023772 0.030904
 0.799326 1.337500 -0.242045 
  

0.468730 -0.105210 0.098312
 0.853344 -0.023772 0.030904 
  

0.297128 -0.066895 0.877905
 0.468730 -0.105210 0.098312 
  

0.965982 0.087209 0.885985
 0.853344 -0.023772 0.030904 
  

0.297128 -0.066895 0.877905
 0.965982 0.087209 0.885985 
  

0.157637 0.969588 -0.081842
 0.468730 -0.105210 0.098312 
  

0.297128 -0.066895 0.877905
 0.468730 -0.105210 0.098312 
  

0.157637 0.969588 -0.081842
 0.002503 0.936321 0.730565 
  

0.297128 -0.066895 0.877905
 0.002503 0.936321 0.730565 
  

0.799326 1.337500 -0.242045
 0.157637 0.969588 -0.081842 
  

0.157637 0.969588 -0.081842
 0.002503 0.936321 0.730565 
  

0.922837 1.478145 0.697416
 0.799326 1.337500 -0.242045 
  

0.002503 0.936321 0.730565
 0.922837 1.478145 0.697416 
  

0.853344 -0.023772 0.030904
 0.799326 1.337500 -0.242045 
  

0.965982 0.087209 0.885985
 0.853344 -0.023772 0.030904 
  

0.922837 1.478145 0.697416
 0.799326 1.337500 -0.242045 
  

0.965982 0.087209 0.885985
 0.922837 1.478145 0.697416 
  

0.297128 -0.066895 0.877905
 0.965982 0.087209 0.885985 
  

0.297128 -0.066895 0.877905
 0.002503 0.936321 0.730565 
  

0.002503 0.936321 0.730565
 0.922837 1.478145 0.697416 
  

0.965982 0.087209 0.885985
 0.922837 1.478145 0.697416 
  

