0.033875 0.044661 0.033140
 0.981352 0.006336 0.028228 
  

0.030335 0.927853 0.031243
 0.033875 0.044661 0.033140 
  

0.977840 1.002120 0.026086
 0.030335 0.927853 0.031243 
  

0.981352 0.006336 0.028228
 0.977840 1.002120 0.026086 
  

0.033875 0.044661 0.033140
 0.981352 0.006336 0.028228 
  

-0.063752 0.020950 0.998584
 0.033875 0.044661 0.033140 
  

1.019590 -0.023860 1.027477
 0.981352 0.006336 0.028228 
  

-0.063752 0.020950 0.998584
 1.019590 -0.023860 1.027477 
  

0.030335 0.927853 0.031243
 0.033875 0.044661 0.033140 
  

-0.063752 0.020950 0.998584
 0.033875 0.044661 0.033140 
  

-0.063569 0.907543 0.959756
 0.030335 0.927853 0.031243 
  

-0.063752 0.020950 0.998584
 -0.063569 0.907543 0.959756 
  

0.977840 1.002120 0.026086
 0.030335 0.927853 0.031243 
  

-0.063569 0.907543 0.959756
 0.030335 0.927853 0.031243 
  

1.014389 0.991631 0.982869
 0.977840 1.002120 0.026086 
  

-0.063569 0.907543 0.959756
 1.014389 0.991631 0.982869 
  

0.981352 0.006336 0.028228
 0.977840 1.002120 0.026086 
  

1.019590 -0.023860 1.027477
 0.981352 0.006336 0.028228 
  

1.014389 0.991631 0.982869
 0.977840 1.002120 0.026086 
  

1.019590 -0.023860 1.027477
 1.014389 0.991631 0.982869 
  

-0.063752 0.020950 0.998584
 1.019590 -0.023860 1.027477 
  

-0.063752 0.020950 0.998584
 -0.063569 0.907543 0.959756 
  

-0.063569 0.907543 0.959756
 1.014389 0.991631 0.982869 
  

1.019590 -0.023860 1.027477
 1.014389 0.991631 0.982869 
  

