8
2 5
0.053200 -0.007600 1.019500
0.007300 1.018800 1.044300
   
    
3 5
0.098800 0.938600 1.017500
0.932900 0.927800 0.974900
   
    
4 5
0.923900 0.944400 0.969200
1.045000 -0.031100 1.078100
   
    
1 5
1.072900 0.056800 1.082000
0.009800 -0.022100 1.085800
   
    
0 2
0.073900 0.042300 0.010500
-0.050200 0.975700 0.057000
   
    
0 3
-0.014000 1.031300 -0.079100
1.067400 1.000800 0.029700
   
    
0 4
1.070900 0.900600 0.085800
0.930200 0.079300 -0.034500
   
    
0 1
0.990100 -0.093200 -0.056700
-0.099300 -0.071700 -0.016700
   
    
