0.060296 -0.086973 -0.035996
 0.986976 -0.064340 -0.023222 
  

-0.028277 1.021283 0.018796
 0.060296 -0.086973 -0.035996 
  

1.008068 1.004006 0.030933
 -0.028277 1.021283 0.018796 
  

0.986976 -0.064340 -0.023222
 1.008068 1.004006 0.030933 
  

0.060296 -0.086973 -0.035996
 0.986976 -0.064340 -0.023222 
  

0.067239 0.003057 1.074490
 0.060296 -0.086973 -0.035996 
  

0.986976 -0.064340 -0.023222
 0.974666 0.022511 1.053527 
  

0.067239 0.003057 1.074490
 0.974666 0.022511 1.053527 
  

-0.028277 1.021283 0.018796
 0.060296 -0.086973 -0.035996 
  

0.067239 0.003057 1.074490
 0.060296 -0.086973 -0.035996 
  

-0.028277 1.021283 0.018796
 -0.009573 0.947005 1.013983 
  

0.067239 0.003057 1.074490
 -0.009573 0.947005 1.013983 
  

1.008068 1.004006 0.030933
 -0.028277 1.021283 0.018796 
  

-0.028277 1.021283 0.018796
 -0.009573 0.947005 1.013983 
  

1.008068 1.004006 0.030933
 0.994029 0.932696 0.993158 
  

-0.009573 0.947005 1.013983
 0.994029 0.932696 0.993158 
  

0.986976 -0.064340 -0.023222
 1.008068 1.004006 0.030933 
  

0.986976 -0.064340 -0.023222
 0.974666 0.022511 1.053527 
  

1.008068 1.004006 0.030933
 0.994029 0.932696 0.993158 
  

0.974666 0.022511 1.053527
 0.994029 0.932696 0.993158 
  

0.067239 0.003057 1.074490
 0.974666 0.022511 1.053527 
  

0.067239 0.003057 1.074490
 -0.009573 0.947005 1.013983 
  

-0.009573 0.947005 1.013983
 0.994029 0.932696 0.993158 
  

0.974666 0.022511 1.053527
 0.994029 0.932696 0.993158 
  

