-0.038518 -0.063784 0.019192
 1.026092 -0.034581 -0.042528 
  

-0.043584 0.992008 0.007643
 -0.038518 -0.063784 0.019192 
  

1.024491 0.934860 -0.053308
 -0.043584 0.992008 0.007643 
  

1.026092 -0.034581 -0.042528
 1.024491 0.934860 -0.053308 
  

-0.038518 -0.063784 0.019192
 1.026092 -0.034581 -0.042528 
  

0.032177 0.034573 0.923828
 -0.038518 -0.063784 0.019192 
  

1.026092 -0.034581 -0.042528
 1.076770 0.079056 1.012449 
  

0.032177 0.034573 0.923828
 1.076770 0.079056 1.012449 
  

-0.043584 0.992008 0.007643
 -0.038518 -0.063784 0.019192 
  

0.032177 0.034573 0.923828
 -0.038518 -0.063784 0.019192 
  

-0.043584 0.992008 0.007643
 0.031907 1.047801 0.971178 
  

0.032177 0.034573 0.923828
 0.031907 1.047801 0.971178 
  

1.024491 0.934860 -0.053308
 -0.043584 0.992008 0.007643 
  

-0.043584 0.992008 0.007643
 0.031907 1.047801 0.971178 
  

1.024491 0.934860 -0.053308
 1.077822 1.000749 1.055629 
  

0.031907 1.047801 0.971178
 1.077822 1.000749 1.055629 
  

1.026092 -0.034581 -0.042528
 1.024491 0.934860 -0.053308 
  

1.026092 -0.034581 -0.042528
 1.076770 0.079056 1.012449 
  

1.024491 0.934860 -0.053308
 1.077822 1.000749 1.055629 
  

1.076770 0.079056 1.012449
 1.077822 1.000749 1.055629 
  

0.032177 0.034573 0.923828
 1.076770 0.079056 1.012449 
  

0.032177 0.034573 0.923828
 0.031907 1.047801 0.971178 
  

0.031907 1.047801 0.971178
 1.077822 1.000749 1.055629 
  

1.076770 0.079056 1.012449
 1.077822 1.000749 1.055629 
  

