0.052535 -0.121431 -0.095273
 1.003376 0.002223 0.027494 
  

0.027007 1.029622 -0.132909
 0.052535 -0.121431 -0.095273 
  

1.030487 0.944252 0.003076
 0.027007 1.029622 -0.132909 
  

1.003376 0.002223 0.027494
 1.030487 0.944252 0.003076 
  

0.052535 -0.121431 -0.095273
 1.003376 0.002223 0.027494 
  

0.020656 -0.057189 0.913112
 0.052535 -0.121431 -0.095273 
  

1.008319 0.065323 0.952825
 1.003376 0.002223 0.027494 
  

0.020656 -0.057189 0.913112
 1.008319 0.065323 0.952825 
  

0.027007 1.029622 -0.132909
 0.052535 -0.121431 -0.095273 
  

0.020656 -0.057189 0.913112
 0.052535 -0.121431 -0.095273 
  

-0.010130 1.179393 0.984194
 0.027007 1.029622 -0.132909 
  

0.020656 -0.057189 0.913112
 -0.010130 1.179393 0.984194 
  

1.030487 0.944252 0.003076
 0.027007 1.029622 -0.132909 
  

-0.010130 1.179393 0.984194
 0.027007 1.029622 -0.132909 
  

1.037678 1.075423 1.012685
 1.030487 0.944252 0.003076 
  

-0.010130 1.179393 0.984194
 1.037678 1.075423 1.012685 
  

1.003376 0.002223 0.027494
 1.030487 0.944252 0.003076 
  

1.008319 0.065323 0.952825
 1.003376 0.002223 0.027494 
  

1.037678 1.075423 1.012685
 1.030487 0.944252 0.003076 
  

1.008319 0.065323 0.952825
 1.037678 1.075423 1.012685 
  

0.020656 -0.057189 0.913112
 1.008319 0.065323 0.952825 
  

0.020656 -0.057189 0.913112
 -0.010130 1.179393 0.984194 
  

-0.010130 1.179393 0.984194
 1.037678 1.075423 1.012685 
  

1.008319 0.065323 0.952825
 1.037678 1.075423 1.012685 
  

