8
2 5
0.049500 -0.043000 1.071400
-0.097400 0.944100 1.080400
   
    
3 5
0.010000 0.974700 0.913300
0.930100 1.056700 0.907800
   
    
4 5
0.931800 0.943500 0.917600
0.912500 -0.031100 0.900200
   
    
1 5
1.040500 0.033800 0.973500
-0.021000 0.009600 0.904100
   
    
0 2
-0.088800 -0.029800 0.077000
0.064500 1.033700 0.074600
   
    
0 3
0.077500 1.011900 0.001600
1.057000 1.002600 -0.048500
   
    
0 4
0.955500 1.076000 0.084000
1.090500 0.080600 -0.083700
   
    
0 1
0.968500 -0.076000 0.048500
0.036200 0.040100 0.054600
   
    
