-0.016454 0.003880 0.054265
 1.057588 -0.037110 -0.010950 
  

-0.009595 0.987600 0.061662
 -0.016454 0.003880 0.054265 
  

0.993105 1.020706 0.001346
 -0.009595 0.987600 0.061662 
  

1.057588 -0.037110 -0.010950
 0.993105 1.020706 0.001346 
  

-0.016454 0.003880 0.054265
 1.057588 -0.037110 -0.010950 
  

-0.029123 0.040151 0.999099
 -0.016454 0.003880 0.054265 
  

1.057588 -0.037110 -0.010950
 0.957886 0.002302 0.934394 
  

-0.029123 0.040151 0.999099
 0.957886 0.002302 0.934394 
  

-0.009595 0.987600 0.061662
 -0.016454 0.003880 0.054265 
  

-0.029123 0.040151 0.999099
 -0.016454 0.003880 0.054265 
  

-0.009595 0.987600 0.061662
 -0.022126 0.997974 0.982993 
  

-0.029123 0.040151 0.999099
 -0.022126 0.997974 0.982993 
  

0.993105 1.020706 0.001346
 -0.009595 0.987600 0.061662 
  

-0.009595 0.987600 0.061662
 -0.022126 0.997974 0.982993 
  

0.993105 1.020706 0.001346
 0.897888 1.028279 0.921608 
  

-0.022126 0.997974 0.982993
 0.897888 1.028279 0.921608 
  

1.057588 -0.037110 -0.010950
 0.993105 1.020706 0.001346 
  

1.057588 -0.037110 -0.010950
 0.957886 0.002302 0.934394 
  

0.993105 1.020706 0.001346
 0.897888 1.028279 0.921608 
  

0.957886 0.002302 0.934394
 0.897888 1.028279 0.921608 
  

-0.029123 0.040151 0.999099
 0.957886 0.002302 0.934394 
  

-0.029123 0.040151 0.999099
 -0.022126 0.997974 0.982993 
  

-0.022126 0.997974 0.982993
 0.897888 1.028279 0.921608 
  

0.957886 0.002302 0.934394
 0.897888 1.028279 0.921608 
  

