8
2 5
-0.040000 0.090000 0.906600
-0.066800 1.012800 1.079200
   
    
3 5
0.092900 0.982400 1.093800
1.080000 0.991300 1.040900
   
    
4 5
1.068600 0.927500 0.929000
0.916400 -0.017500 1.008800
   
    
1 5
1.050900 0.016200 1.030900
-0.038000 0.099700 0.945600
   
    
0 2
-0.058800 0.047500 -0.017900
-0.093800 1.020300 0.067800
   
    
0 3
-0.071800 0.978600 0.098700
1.081600 1.067900 -0.008900
   
    
0 4
1.078400 0.930900 -0.078600
0.906700 0.021300 0.041300
   
    
0 1
1.036800 -0.010000 0.016300
-0.087000 0.012100 0.060800
   
    
