-0.074361 0.012711 0.022927
 0.989421 -0.020589 0.049090 
  

0.040201 0.985787 0.019084
 -0.074361 0.012711 0.022927 
  

0.939575 0.959517 0.041191
 0.040201 0.985787 0.019084 
  

0.989421 -0.020589 0.049090
 0.939575 0.959517 0.041191 
  

-0.074361 0.012711 0.022927
 0.989421 -0.020589 0.049090 
  

-0.075554 -0.010503 1.020412
 -0.074361 0.012711 0.022927 
  

1.040244 -0.044975 1.028328
 0.989421 -0.020589 0.049090 
  

-0.075554 -0.010503 1.020412
 1.040244 -0.044975 1.028328 
  

0.040201 0.985787 0.019084
 -0.074361 0.012711 0.022927 
  

-0.075554 -0.010503 1.020412
 -0.074361 0.012711 0.022927 
  

0.050248 1.058787 0.959637
 0.040201 0.985787 0.019084 
  

-0.075554 -0.010503 1.020412
 0.050248 1.058787 0.959637 
  

0.939575 0.959517 0.041191
 0.040201 0.985787 0.019084 
  

0.050248 1.058787 0.959637
 0.040201 0.985787 0.019084 
  

0.982854 1.030274 0.966236
 0.939575 0.959517 0.041191 
  

0.050248 1.058787 0.959637
 0.982854 1.030274 0.966236 
  

0.989421 -0.020589 0.049090
 0.939575 0.959517 0.041191 
  

1.040244 -0.044975 1.028328
 0.989421 -0.020589 0.049090 
  

0.982854 1.030274 0.966236
 0.939575 0.959517 0.041191 
  

1.040244 -0.044975 1.028328
 0.982854 1.030274 0.966236 
  

-0.075554 -0.010503 1.020412
 1.040244 -0.044975 1.028328 
  

-0.075554 -0.010503 1.020412
 0.050248 1.058787 0.959637 
  

0.050248 1.058787 0.959637
 0.982854 1.030274 0.966236 
  

1.040244 -0.044975 1.028328
 0.982854 1.030274 0.966236 
  

