8
2 5
0.455000 -0.327000 0.987000
-0.389500 0.902000 0.922000
   
    
3 5
0.253500 0.665500 1.475500
0.629500 1.404500 1.407000
   
    
4 5
0.548000 0.557500 0.557000
1.261500 -0.231500 1.230500
   
    
1 5
1.234500 0.194000 1.113500
0.101000 -0.051500 1.243000
   
    
0 2
0.330000 -0.035000 0.245000
-0.212500 1.039500 0.334500
   
    
0 3
0.177000 0.543500 0.115500
0.645500 1.233500 -0.210000
   
    
0 4
1.175500 1.354500 0.339500
0.577500 0.315500 0.225000
   
    
0 1
0.613500 -0.271500 -0.341500
0.201500 -0.279500 -0.373000
   
    
