0.193182 0.178114 -0.029195
 0.935852 0.032120 -0.260979 
  

0.453501 1.019462 -0.159694
 0.193182 0.178114 -0.029195 
  

0.881844 1.068145 -0.300712
 0.453501 1.019462 -0.159694 
  

0.935852 0.032120 -0.260979
 0.881844 1.068145 -0.300712 
  

0.193182 0.178114 -0.029195
 0.935852 0.032120 -0.260979 
  

-0.282108 0.356215 0.984689
 0.193182 0.178114 -0.029195 
  

0.935852 0.032120 -0.260979
 0.875668 0.125778 0.594292 
  

-0.282108 0.356215 0.984689
 0.875668 0.125778 0.594292 
  

0.453501 1.019462 -0.159694
 0.193182 0.178114 -0.029195 
  

-0.282108 0.356215 0.984689
 0.193182 0.178114 -0.029195 
  

0.453501 1.019462 -0.159694
 -0.215787 0.949749 1.123008 
  

-0.282108 0.356215 0.984689
 -0.215787 0.949749 1.123008 
  

0.881844 1.068145 -0.300712
 0.453501 1.019462 -0.159694 
  

0.453501 1.019462 -0.159694
 -0.215787 0.949749 1.123008 
  

0.881844 1.068145 -0.300712
 0.807009 1.066455 0.862945 
  

-0.215787 0.949749 1.123008
 0.807009 1.066455 0.862945 
  

0.935852 0.032120 -0.260979
 0.881844 1.068145 -0.300712 
  

0.935852 0.032120 -0.260979
 0.875668 0.125778 0.594292 
  

0.881844 1.068145 -0.300712
 0.807009 1.066455 0.862945 
  

0.875668 0.125778 0.594292
 0.807009 1.066455 0.862945 
  

-0.282108 0.356215 0.984689
 0.875668 0.125778 0.594292 
  

-0.282108 0.356215 0.984689
 -0.215787 0.949749 1.123008 
  

-0.215787 0.949749 1.123008
 0.807009 1.066455 0.862945 
  

0.875668 0.125778 0.594292
 0.807009 1.066455 0.862945 
  

