8
2 5
-0.384500 -0.130000 0.980500
-0.098000 1.264500 0.647000
   
    
3 5
-0.250000 1.066500 1.030000
0.742000 0.783000 0.988000
   
    
4 5
1.351500 0.971500 0.683500
1.136500 0.453500 0.930500
   
    
1 5
1.077000 0.272000 0.530000
0.362000 -0.398500 0.749000
   
    
0 2
-0.218000 -0.311000 -0.026500
0.453500 0.693500 -0.413000
   
    
0 3
0.074500 0.970500 -0.492000
1.131500 1.332000 0.459500
   
    
0 4
1.228500 1.016000 -0.277500
1.027000 -0.104500 -0.001500
   
    
0 1
1.234000 -0.209500 0.234000
0.023500 -0.186000 -0.198500
   
    
