0.116407 -0.282865 -0.151507
 0.785024 0.072478 0.071835 
  

0.469820 1.064170 -0.374709
 0.116407 -0.282865 -0.151507 
  

0.958490 0.924664 -0.093953
 0.469820 1.064170 -0.374709 
  

0.785024 0.072478 0.071835
 0.958490 0.924664 -0.093953 
  

0.116407 -0.282865 -0.151507
 0.785024 0.072478 0.071835 
  

-0.574377 -1.066340 1.079891
 0.116407 -0.282865 -0.151507 
  

0.785024 0.072478 0.071835
 1.000690 -0.027603 0.897859 
  

-0.574377 -1.066340 1.079891
 1.000690 -0.027603 0.897859 
  

0.469820 1.064170 -0.374709
 0.116407 -0.282865 -0.151507 
  

-0.574377 -1.066340 1.079891
 0.116407 -0.282865 -0.151507 
  

-0.117743 0.944919 0.907922
 0.469820 1.064170 -0.374709 
  

-0.574377 -1.066340 1.079891
 -0.117743 0.944919 0.907922 
  

0.958490 0.924664 -0.093953
 0.469820 1.064170 -0.374709 
  

-0.117743 0.944919 0.907922
 0.469820 1.064170 -0.374709 
  

0.958490 0.924664 -0.093953
 1.176671 0.720305 0.833481 
  

-0.117743 0.944919 0.907922
 1.176671 0.720305 0.833481 
  

0.785024 0.072478 0.071835
 0.958490 0.924664 -0.093953 
  

0.785024 0.072478 0.071835
 1.000690 -0.027603 0.897859 
  

0.958490 0.924664 -0.093953
 1.176671 0.720305 0.833481 
  

1.000690 -0.027603 0.897859
 1.176671 0.720305 0.833481 
  

-0.574377 -1.066340 1.079891
 1.000690 -0.027603 0.897859 
  

-0.574377 -1.066340 1.079891
 -0.117743 0.944919 0.907922 
  

-0.117743 0.944919 0.907922
 1.176671 0.720305 0.833481 
  

1.000690 -0.027603 0.897859
 1.176671 0.720305 0.833481 
  

