8
2 5
-0.188750 -0.178750 1.122000
-0.065750 0.823250 1.151250
   
    
3 5
-0.079250 1.001000 0.789000
1.043250 0.810500 0.992750
   
    
4 5
1.121250 1.182750 0.803000
0.830750 0.063750 1.235000
   
    
1 5
0.912250 0.129750 1.046250
-0.033750 0.088500 0.958000
   
    
0 2
0.024250 -0.070250 0.222250
0.141000 1.151250 -0.075500
   
    
0 3
-0.216250 1.192000 -0.131500
0.838500 0.980000 0.036250
   
    
0 4
1.084500 0.755250 -0.199750
1.144750 0.245750 0.044000
   
    
0 1
0.845500 0.005500 0.065750
0.069500 -0.111000 0.165750
   
    
