0.047429 0.014321 0.059770
 1.116140 -0.280064 -0.018263 
  

-0.005863 0.926602 -0.003012
 0.047429 0.014321 0.059770 
  

0.856816 1.146611 -0.099996
 -0.005863 0.926602 -0.003012 
  

1.116140 -0.280064 -0.018263
 0.856816 1.146611 -0.099996 
  

0.047429 0.014321 0.059770
 1.116140 -0.280064 -0.018263 
  

-0.028539 0.323637 1.146805
 0.047429 0.014321 0.059770 
  

1.116140 -0.280064 -0.018263
 0.956974 0.043755 1.043289 
  

-0.028539 0.323637 1.146805
 0.956974 0.043755 1.043289 
  

-0.005863 0.926602 -0.003012
 0.047429 0.014321 0.059770 
  

-0.028539 0.323637 1.146805
 0.047429 0.014321 0.059770 
  

-0.005863 0.926602 -0.003012
 -0.056069 0.754758 1.162031 
  

-0.028539 0.323637 1.146805
 -0.056069 0.754758 1.162031 
  

0.856816 1.146611 -0.099996
 -0.005863 0.926602 -0.003012 
  

-0.005863 0.926602 -0.003012
 -0.056069 0.754758 1.162031 
  

0.856816 1.146611 -0.099996
 0.780455 0.965458 1.087227 
  

-0.056069 0.754758 1.162031
 0.780455 0.965458 1.087227 
  

1.116140 -0.280064 -0.018263
 0.856816 1.146611 -0.099996 
  

1.116140 -0.280064 -0.018263
 0.956974 0.043755 1.043289 
  

0.856816 1.146611 -0.099996
 0.780455 0.965458 1.087227 
  

0.956974 0.043755 1.043289
 0.780455 0.965458 1.087227 
  

-0.028539 0.323637 1.146805
 0.956974 0.043755 1.043289 
  

-0.028539 0.323637 1.146805
 -0.056069 0.754758 1.162031 
  

-0.056069 0.754758 1.162031
 0.780455 0.965458 1.087227 
  

0.956974 0.043755 1.043289
 0.780455 0.965458 1.087227 
  

