8
2 5
-0.087600 0.039200 0.975200
-0.061000 0.973200 0.921600
   
    
3 5
-0.011000 0.920800 0.974500
0.989800 1.001600 1.038600
   
    
4 5
1.025900 1.077700 1.065600
1.098300 0.073100 0.973500
   
    
1 5
1.045400 -0.000400 1.026900
-0.021700 0.057900 0.940400
   
    
0 2
0.029200 -0.001000 0.056300
0.061000 1.063900 -0.036800
   
    
0 3
0.058900 1.011000 -0.035600
1.010000 0.978700 0.004700
   
    
0 4
0.921200 0.992000 0.001700
1.063500 -0.060600 -0.098900
   
    
0 1
1.085300 -0.055100 -0.046400
-0.064900 0.074100 0.035400
   
    
