8
2 5
-0.020600 0.074500 1.016200
0.072800 0.961700 0.934700
   
    
3 5
0.020600 0.976900 0.977800
1.004100 1.078400 0.999900
   
    
4 5
0.959300 0.933100 1.017600
1.039000 -0.069600 1.064100
   
    
1 5
1.067900 -0.044600 0.975500
-0.032300 -0.070500 1.075100
   
    
0 2
0.053500 -0.058300 -0.070200
-0.036300 1.061700 -0.049600
   
    
0 3
-0.009600 1.029800 -0.018100
1.032200 1.008500 0.013200
   
    
0 4
1.076000 0.963000 -0.010600
1.030200 0.072100 0.007500
   
    
0 1
0.968400 -0.032000 -0.063500
0.072800 -0.039200 0.062900
   
    
