-0.041445 -0.004693 0.015794
 0.984428 0.074043 -0.046457 
  

0.024756 1.082085 0.008489
 -0.041445 -0.004693 0.015794 
  

0.998794 1.011987 -0.050176
 0.024756 1.082085 0.008489 
  

0.984428 0.074043 -0.046457
 0.998794 1.011987 -0.050176 
  

-0.041445 -0.004693 0.015794
 0.984428 0.074043 -0.046457 
  

0.015365 -0.070625 1.033805
 -0.041445 -0.004693 0.015794 
  

0.984428 0.074043 -0.046457
 1.043048 0.000992 1.076930 
  

0.015365 -0.070625 1.033805
 1.043048 0.000992 1.076930 
  

0.024756 1.082085 0.008489
 -0.041445 -0.004693 0.015794 
  

0.015365 -0.070625 1.033805
 -0.041445 -0.004693 0.015794 
  

0.024756 1.082085 0.008489
 0.074099 0.989875 0.928552 
  

0.015365 -0.070625 1.033805
 0.074099 0.989875 0.928552 
  

0.998794 1.011987 -0.050176
 0.024756 1.082085 0.008489 
  

0.024756 1.082085 0.008489
 0.074099 0.989875 0.928552 
  

0.998794 1.011987 -0.050176
 1.052241 0.908416 0.984854 
  

0.074099 0.989875 0.928552
 1.052241 0.908416 0.984854 
  

0.984428 0.074043 -0.046457
 0.998794 1.011987 -0.050176 
  

0.984428 0.074043 -0.046457
 1.043048 0.000992 1.076930 
  

0.998794 1.011987 -0.050176
 1.052241 0.908416 0.984854 
  

1.043048 0.000992 1.076930
 1.052241 0.908416 0.984854 
  

0.015365 -0.070625 1.033805
 1.043048 0.000992 1.076930 
  

0.015365 -0.070625 1.033805
 0.074099 0.989875 0.928552 
  

0.074099 0.989875 0.928552
 1.052241 0.908416 0.984854 
  

1.043048 0.000992 1.076930
 1.052241 0.908416 0.984854 
  

