0.036545 0.463128 -1.659562
0.289530 0.972174 -2.120041   
   

-0.039805 0.437026 -1.631588
-0.234281 1.039425 -2.141448   
   

0.293602 0.914913 -2.069515
0.068283 3.331314 -4.161824   
   

-0.238105 1.028193 -2.131927
0.085088 3.380889 -4.204658   
   

0.083727 0.384082 -1.647920
0.342774 0.467476 -1.868505   
   

2.184021 2.375815 -4.189661
0.277063 0.950522 -2.096569   
   

0.606773 0.542427 -2.087416
2.184994 2.353459 -4.178357   
   

0.002483 0.346223 -1.579038
0.591612 0.043084 -2.122979   
   

0.588183 0.552287 -2.076397
2.958293 0.256893 -4.185751   
   

0.541303 0.042979 -2.077599
2.951723 0.225555 -4.182952   
   

0.220085 -0.334157 -2.159273
0.021431 0.248079 -1.656709   
   

0.417022 0.129852 -1.963311
0.581167 0.048117 -2.113796   
   

2.082895 -1.769549 -4.195054
0.583557 0.048301 -2.114677   
   

0.205624 -0.324592 -2.145100
2.058310 -1.775321 -4.185495   
   

-0.330379 -0.274484 -2.144536
-0.075211 0.221843 -1.686883   
   

-0.262424 -2.627642 -4.215011
0.210177 -0.296650 -2.125734   
   

-0.274617 -2.577578 -4.172862
-0.318918 -0.254296 -2.123718   
   

-0.670160 0.139559 -2.124526
-0.062032 0.344119 -1.605609   
   

-2.340182 -1.556702 -4.210518
-0.317653 -0.257108 -2.126762   
   

-2.288238 -1.482498 -4.134116
-0.671378 0.143728 -2.121938   
   

-0.643759 0.677909 -2.135937
-0.046103 0.375196 -1.595973   
   

-3.020805 0.516607 -4.206398
-0.658302 0.138080 -2.114228   
   

-2.969034 0.537014 -4.163563
-0.640263 0.679871 -2.134417   
   

-0.619914 0.653341 -2.105429
-1.978692 2.656666 -4.207109   
   

-1.951514 2.654283 -4.190237
-0.223312 1.038757 -2.134017   
   

0.280905 0.947141 -2.096176
1.219835 2.978274 -4.146989   
   

0.954294 3.192250 -4.261220
1.218523 2.961461 -4.130367   
   

1.210620 2.960717 -4.123992
1.647716 2.826848 -4.249930   
   

0.613045 0.550412 -2.096846
2.749263 1.417100 -4.166691   
   

0.584263 0.042504 -2.116319
2.718578 -0.800593 -4.176010   
   

1.019270 -2.445503 -4.185052
0.211382 -0.312519 -2.138846   
   

-1.412633 -2.313880 -4.238890
-0.317410 -0.254271 -2.123964   
   

-2.882365 -0.624040 -4.217356
-0.674419 0.135635 -2.127891   
   

-2.713975 1.685271 -4.207492
-0.641085 0.682155 -2.136056   
   

-0.243005 1.062210 -2.161964
-1.080028 3.184663 -4.200994   
   

