8
2 5
0.143250 -0.000250 0.813250
0.228250 1.196250 0.934500
   
    
3 5
-0.099000 0.904750 0.941750
1.000500 0.992500 0.893000
   
    
4 5
1.005250 1.072500 1.148750
0.893000 -0.143000 0.994250
   
    
1 5
0.877250 -0.164750 1.029500
0.012000 -0.168500 0.813000
   
    
0 2
-0.191000 0.003250 0.002750
0.181750 1.094250 -0.074750
   
    
0 3
-0.031750 0.782250 0.208750
0.874750 1.173500 0.226250
   
    
0 4
1.182500 1.065500 0.034000
1.196000 -0.034750 -0.146500
   
    
0 1
1.006000 0.241750 0.079750
0.155000 -0.037000 -0.112000
   
    
