8
2 5
-0.155250 0.101750 1.161000
0.216500 0.962250 1.195750
   
    
3 5
-0.223000 1.240000 0.884000
0.937000 1.045000 1.016500
   
    
4 5
1.069250 0.854000 0.867250
0.931250 0.106250 0.902500
   
    
1 5
0.803500 0.045500 0.963250
0.141000 -0.168500 0.784000
   
    
0 2
-0.102250 0.092500 -0.168000
-0.024250 0.845250 -0.122000
   
    
0 3
0.085250 1.218250 -0.084000
0.965250 1.140000 0.040000
   
    
0 4
1.133250 0.924750 -0.185750
1.102250 0.050000 0.009750
   
    
0 1
1.080250 0.225250 0.008000
-0.030750 -0.047500 -0.062750
   
    
