-0.202309 -0.076529 -0.106587
 1.060443 0.227862 -0.036712 
  

0.090636 1.218114 -0.111976
 -0.202309 -0.076529 -0.106587 
  

1.167675 1.069850 -0.045180
 0.090636 1.218114 -0.111976 
  

1.060443 0.227862 -0.036712
 1.167675 1.069850 -0.045180 
  

-0.202309 -0.076529 -0.106587
 1.060443 0.227862 -0.036712 
  

-0.093781 -0.179306 0.965574
 -0.202309 -0.076529 -0.106587 
  

1.060443 0.227862 -0.036712
 0.946503 0.084203 0.917761 
  

-0.093781 -0.179306 0.965574
 0.946503 0.084203 0.917761 
  

0.090636 1.218114 -0.111976
 -0.202309 -0.076529 -0.106587 
  

-0.093781 -0.179306 0.965574
 -0.202309 -0.076529 -0.106587 
  

0.214498 1.137186 1.044601
 0.090636 1.218114 -0.111976 
  

-0.093781 -0.179306 0.965574
 0.214498 1.137186 1.044601 
  

1.167675 1.069850 -0.045180
 0.090636 1.218114 -0.111976 
  

0.214498 1.137186 1.044601
 0.090636 1.218114 -0.111976 
  

1.167675 1.069850 -0.045180
 1.059276 1.027321 0.981403 
  

0.214498 1.137186 1.044601
 1.059276 1.027321 0.981403 
  

1.060443 0.227862 -0.036712
 1.167675 1.069850 -0.045180 
  

1.060443 0.227862 -0.036712
 0.946503 0.084203 0.917761 
  

1.167675 1.069850 -0.045180
 1.059276 1.027321 0.981403 
  

0.946503 0.084203 0.917761
 1.059276 1.027321 0.981403 
  

-0.093781 -0.179306 0.965574
 0.946503 0.084203 0.917761 
  

-0.093781 -0.179306 0.965574
 0.214498 1.137186 1.044601 
  

0.214498 1.137186 1.044601
 1.059276 1.027321 0.981403 
  

0.946503 0.084203 0.917761
 1.059276 1.027321 0.981403 
  

