0.014684 -0.040248 -0.016389
 1.052738 -0.024057 -0.015572 
  

0.022993 0.994944 -0.017406
 0.014684 -0.040248 -0.016389 
  

1.039444 1.035676 -0.016631
 0.022993 0.994944 -0.017406 
  

1.052738 -0.024057 -0.015572
 1.039444 1.035676 -0.016631 
  

0.014684 -0.040248 -0.016389
 1.052738 -0.024057 -0.015572 
  

0.018054 -0.060901 1.028802
 0.014684 -0.040248 -0.016389 
  

1.052738 -0.024057 -0.015572
 0.996188 -0.045882 1.041530 
  

0.018054 -0.060901 1.028802
 0.996188 -0.045882 1.041530 
  

0.022993 0.994944 -0.017406
 0.014684 -0.040248 -0.016389 
  

0.018054 -0.060901 1.028802
 0.014684 -0.040248 -0.016389 
  

0.026416 1.002878 0.975568
 0.022993 0.994944 -0.017406 
  

0.018054 -0.060901 1.028802
 0.026416 1.002878 0.975568 
  

1.039444 1.035676 -0.016631
 0.022993 0.994944 -0.017406 
  

0.026416 1.002878 0.975568
 0.022993 0.994944 -0.017406 
  

1.039444 1.035676 -0.016631
 0.985429 1.041391 0.986854 
  

0.026416 1.002878 0.975568
 0.985429 1.041391 0.986854 
  

1.052738 -0.024057 -0.015572
 1.039444 1.035676 -0.016631 
  

1.052738 -0.024057 -0.015572
 0.996188 -0.045882 1.041530 
  

1.039444 1.035676 -0.016631
 0.985429 1.041391 0.986854 
  

0.996188 -0.045882 1.041530
 0.985429 1.041391 0.986854 
  

0.018054 -0.060901 1.028802
 0.996188 -0.045882 1.041530 
  

0.018054 -0.060901 1.028802
 0.026416 1.002878 0.975568 
  

0.026416 1.002878 0.975568
 0.985429 1.041391 0.986854 
  

0.996188 -0.045882 1.041530
 0.985429 1.041391 0.986854 
  

