8
2 5
0.081600 -0.087600 0.954600
-0.011900 1.079600 0.996700
   
    
3 5
0.067300 1.060800 0.938000
1.079400 0.991200 1.040400
   
    
4 5
1.084000 1.076800 1.097800
1.080600 0.080300 1.042100
   
    
1 5
1.040700 0.071500 0.951500
0.003200 0.056400 0.900900
   
    
0 2
-0.086000 -0.032300 0.061600
-0.013500 0.960100 -0.029400
   
    
0 3
0.085300 0.976200 0.012500
0.932500 0.941300 -0.025300
   
    
0 4
1.026500 0.962700 -0.050700
1.029000 -0.019400 -0.066000
   
    
0 1
0.964900 -0.024400 -0.045300
-0.075700 -0.093500 0.014800
   
    
