0.196864 0.034204 0.093835
 0.766803 0.285901 -0.206980 
  

0.100437 0.604047 0.146822
 0.196864 0.034204 0.093835 
  

0.655752 0.568513 -0.147234
 0.100437 0.604047 0.146822 
  

0.766803 0.285901 -0.206980
 0.655752 0.568513 -0.147234 
  

0.196864 0.034204 0.093835
 0.766803 0.285901 -0.206980 
  

0.399029 0.183103 1.065345
 0.196864 0.034204 0.093835 
  

1.139768 0.540577 1.223262
 0.766803 0.285901 -0.206980 
  

0.399029 0.183103 1.065345
 1.139768 0.540577 1.223262 
  

0.100437 0.604047 0.146822
 0.196864 0.034204 0.093835 
  

0.399029 0.183103 1.065345
 0.196864 0.034204 0.093835 
  

0.252584 0.889694 1.017832
 0.100437 0.604047 0.146822 
  

0.399029 0.183103 1.065345
 0.252584 0.889694 1.017832 
  

0.655752 0.568513 -0.147234
 0.100437 0.604047 0.146822 
  

0.252584 0.889694 1.017832
 0.100437 0.604047 0.146822 
  

0.904681 0.999641 1.161144
 0.655752 0.568513 -0.147234 
  

0.252584 0.889694 1.017832
 0.904681 0.999641 1.161144 
  

0.766803 0.285901 -0.206980
 0.655752 0.568513 -0.147234 
  

1.139768 0.540577 1.223262
 0.766803 0.285901 -0.206980 
  

0.904681 0.999641 1.161144
 0.655752 0.568513 -0.147234 
  

1.139768 0.540577 1.223262
 0.904681 0.999641 1.161144 
  

0.399029 0.183103 1.065345
 1.139768 0.540577 1.223262 
  

0.399029 0.183103 1.065345
 0.252584 0.889694 1.017832 
  

0.252584 0.889694 1.017832
 0.904681 0.999641 1.161144 
  

1.139768 0.540577 1.223262
 0.904681 0.999641 1.161144 
  

