8
2 5
0.067800 0.044900 0.999100
0.088300 0.901900 0.909900
   
    
3 5
-0.001900 1.003400 1.090300
0.981500 0.972500 0.953300
   
    
4 5
1.000500 1.002300 0.983500
1.078200 0.021300 1.008800
   
    
1 5
0.979000 0.079500 1.046300
-0.015900 0.087000 1.095100
   
    
0 2
0.032100 0.047900 0.040400
-0.071400 0.915500 -0.084300
   
    
0 3
-0.033900 0.978300 -0.020900
1.095100 0.996500 0.001700
   
    
0 4
0.905600 0.993700 0.019600
0.962100 -0.020100 -0.065900
   
    
0 1
1.044000 -0.000900 -0.050600
0.042400 -0.022900 0.090500
   
    
