0.003613 -0.015334 0.016854
 0.970427 -0.008381 -0.009880 
  

-0.038434 0.989531 -0.006374
 0.003613 -0.015334 0.016854 
  

0.908369 0.986799 -0.032324
 -0.038434 0.989531 -0.006374 
  

0.970427 -0.008381 -0.009880
 0.908369 0.986799 -0.032324 
  

0.003613 -0.015334 0.016854
 0.970427 -0.008381 -0.009880 
  

0.091550 0.072077 1.048211
 0.003613 -0.015334 0.016854 
  

0.970427 -0.008381 -0.009880
 1.064128 0.078646 1.016253 
  

0.091550 0.072077 1.048211
 1.064128 0.078646 1.016253 
  

-0.038434 0.989531 -0.006374
 0.003613 -0.015334 0.016854 
  

0.091550 0.072077 1.048211
 0.003613 -0.015334 0.016854 
  

-0.038434 0.989531 -0.006374
 0.050923 0.988925 1.001496 
  

0.091550 0.072077 1.048211
 0.050923 0.988925 1.001496 
  

0.908369 0.986799 -0.032324
 -0.038434 0.989531 -0.006374 
  

-0.038434 0.989531 -0.006374
 0.050923 0.988925 1.001496 
  

0.908369 0.986799 -0.032324
 1.005110 0.986173 0.970624 
  

0.050923 0.988925 1.001496
 1.005110 0.986173 0.970624 
  

0.970427 -0.008381 -0.009880
 0.908369 0.986799 -0.032324 
  

0.970427 -0.008381 -0.009880
 1.064128 0.078646 1.016253 
  

0.908369 0.986799 -0.032324
 1.005110 0.986173 0.970624 
  

1.064128 0.078646 1.016253
 1.005110 0.986173 0.970624 
  

0.091550 0.072077 1.048211
 1.064128 0.078646 1.016253 
  

0.091550 0.072077 1.048211
 0.050923 0.988925 1.001496 
  

0.050923 0.988925 1.001496
 1.005110 0.986173 0.970624 
  

1.064128 0.078646 1.016253
 1.005110 0.986173 0.970624 
  

