8
2 5
-0.115000 0.484000 1.001000
0.203000 0.902000 1.349000
   
    
3 5
0.279000 0.877500 1.424000
0.614000 1.392000 1.261000
   
    
4 5
1.350000 0.806500 0.660500
0.934000 -0.454000 1.091000
   
    
1 5
1.128000 0.275500 0.791500
-0.185000 -0.369500 1.092500
   
    
0 2
-0.081000 -0.395000 0.238500
0.469500 0.598500 -0.231000
   
    
0 3
-0.164000 1.454500 0.299000
1.355500 1.112500 -0.174000
   
    
0 4
0.985000 0.531000 0.280500
0.763500 0.452000 -0.151000
   
    
0 1
0.608000 0.130500 0.179500
-0.120000 -0.188500 -0.184500
   
    
