0.143154 0.006095 -0.001063
 1.249603 0.461839 0.557813 
  

0.793443 1.088730 -0.238921
 0.143154 0.006095 -0.001063 
  

1.002864 0.895879 0.060858
 0.793443 1.088730 -0.238921 
  

1.249603 0.461839 0.557813
 1.002864 0.895879 0.060858 
  

0.143154 0.006095 -0.001063
 1.249603 0.461839 0.557813 
  

-0.139508 -0.058186 0.917900
 0.143154 0.006095 -0.001063 
  

1.249603 0.461839 0.557813
 1.212065 0.456505 0.745044 
  

-0.139508 -0.058186 0.917900
 1.212065 0.456505 0.745044 
  

0.793443 1.088730 -0.238921
 0.143154 0.006095 -0.001063 
  

-0.139508 -0.058186 0.917900
 0.143154 0.006095 -0.001063 
  

0.341649 1.072763 1.404089
 0.793443 1.088730 -0.238921 
  

-0.139508 -0.058186 0.917900
 0.341649 1.072763 1.404089 
  

1.002864 0.895879 0.060858
 0.793443 1.088730 -0.238921 
  

0.341649 1.072763 1.404089
 0.793443 1.088730 -0.238921 
  

1.002864 0.895879 0.060858
 0.854007 0.802438 1.069568 
  

0.341649 1.072763 1.404089
 0.854007 0.802438 1.069568 
  

1.249603 0.461839 0.557813
 1.002864 0.895879 0.060858 
  

1.249603 0.461839 0.557813
 1.212065 0.456505 0.745044 
  

1.002864 0.895879 0.060858
 0.854007 0.802438 1.069568 
  

1.212065 0.456505 0.745044
 0.854007 0.802438 1.069568 
  

-0.139508 -0.058186 0.917900
 1.212065 0.456505 0.745044 
  

-0.139508 -0.058186 0.917900
 0.341649 1.072763 1.404089 
  

0.341649 1.072763 1.404089
 0.854007 0.802438 1.069568 
  

1.212065 0.456505 0.745044
 0.854007 0.802438 1.069568 
  

