-0.247863 -0.126231 -0.443397
 1.048292 -0.120362 -0.318317 
  

-0.087657 0.525586 -0.095244
 -0.247863 -0.126231 -0.443397 
  

1.009342 0.537913 0.014378
 -0.087657 0.525586 -0.095244 
  

1.048292 -0.120362 -0.318317
 1.009342 0.537913 0.014378 
  

-0.247863 -0.126231 -0.443397
 1.048292 -0.120362 -0.318317 
  

0.288708 0.276069 0.745673
 -0.247863 -0.126231 -0.443397 
  

1.048292 -0.120362 -0.318317
 0.780288 0.284714 0.811367 
  

0.288708 0.276069 0.745673
 0.780288 0.284714 0.811367 
  

-0.087657 0.525586 -0.095244
 -0.247863 -0.126231 -0.443397 
  

0.288708 0.276069 0.745673
 -0.247863 -0.126231 -0.443397 
  

0.318227 1.091124 0.800842
 -0.087657 0.525586 -0.095244 
  

0.288708 0.276069 0.745673
 0.318227 1.091124 0.800842 
  

1.009342 0.537913 0.014378
 -0.087657 0.525586 -0.095244 
  

0.318227 1.091124 0.800842
 -0.087657 0.525586 -0.095244 
  

1.009342 0.537913 0.014378
 0.826114 1.108401 0.869239 
  

0.318227 1.091124 0.800842
 0.826114 1.108401 0.869239 
  

1.048292 -0.120362 -0.318317
 1.009342 0.537913 0.014378 
  

1.048292 -0.120362 -0.318317
 0.780288 0.284714 0.811367 
  

1.009342 0.537913 0.014378
 0.826114 1.108401 0.869239 
  

0.780288 0.284714 0.811367
 0.826114 1.108401 0.869239 
  

0.288708 0.276069 0.745673
 0.780288 0.284714 0.811367 
  

0.288708 0.276069 0.745673
 0.318227 1.091124 0.800842 
  

0.318227 1.091124 0.800842
 0.826114 1.108401 0.869239 
  

0.780288 0.284714 0.811367
 0.826114 1.108401 0.869239 
  

