0.116786 -0.086972 -0.034255
 0.913146 -0.016763 -0.016952 
  

-0.038654 1.024559 0.040761
 0.116786 -0.086972 -0.034255 
  

0.944206 1.033853 0.056728
 -0.038654 1.024559 0.040761 
  

0.913146 -0.016763 -0.016952
 0.944206 1.033853 0.056728 
  

0.116786 -0.086972 -0.034255
 0.913146 -0.016763 -0.016952 
  

0.094980 -0.062591 0.987327
 0.116786 -0.086972 -0.034255 
  

0.913146 -0.016763 -0.016952
 0.957095 0.014166 1.035230 
  

0.094980 -0.062591 0.987327
 0.957095 0.014166 1.035230 
  

-0.038654 1.024559 0.040761
 0.116786 -0.086972 -0.034255 
  

0.094980 -0.062591 0.987327
 0.116786 -0.086972 -0.034255 
  

-0.038654 1.024559 0.040761
 -0.054905 1.013417 1.027347 
  

0.094980 -0.062591 0.987327
 -0.054905 1.013417 1.027347 
  

0.944206 1.033853 0.056728
 -0.038654 1.024559 0.040761 
  

-0.038654 1.024559 0.040761
 -0.054905 1.013417 1.027347 
  

0.944206 1.033853 0.056728
 0.985911 1.022845 1.081484 
  

-0.054905 1.013417 1.027347
 0.985911 1.022845 1.081484 
  

0.913146 -0.016763 -0.016952
 0.944206 1.033853 0.056728 
  

0.913146 -0.016763 -0.016952
 0.957095 0.014166 1.035230 
  

0.944206 1.033853 0.056728
 0.985911 1.022845 1.081484 
  

0.957095 0.014166 1.035230
 0.985911 1.022845 1.081484 
  

0.094980 -0.062591 0.987327
 0.957095 0.014166 1.035230 
  

0.094980 -0.062591 0.987327
 -0.054905 1.013417 1.027347 
  

-0.054905 1.013417 1.027347
 0.985911 1.022845 1.081484 
  

0.957095 0.014166 1.035230
 0.985911 1.022845 1.081484 
  

