8
2 5
0.039700 -0.052200 1.011400
-0.001500 0.994600 0.953000
   
    
3 5
-0.052900 1.002400 1.063700
1.098700 1.097800 1.020300
   
    
4 5
0.967500 1.066600 0.925700
0.949600 0.043000 1.079400
   
    
1 5
1.079000 -0.058300 1.070400
-0.087600 -0.025200 1.072800
   
    
0 2
0.079700 0.003600 0.050700
0.012100 0.952500 -0.076900
   
    
0 3
0.058300 1.029500 -0.097500
1.075000 1.083000 -0.093600
   
    
0 4
0.941800 0.959900 0.011800
0.907400 0.070800 0.085500
   
    
0 1
1.083500 -0.075000 0.026800
0.056700 -0.049000 0.024800
   
    
