0.066488 -0.040771 0.036165
 0.920293 -0.061671 0.064281 
  

0.015624 1.017817 -0.081001
 0.066488 -0.040771 0.036165 
  

0.945216 1.080431 -0.059714
 0.015624 1.017817 -0.081001 
  

0.920293 -0.061671 0.064281
 0.945216 1.080431 -0.059714 
  

0.066488 -0.040771 0.036165
 0.920293 -0.061671 0.064281 
  

0.042269 -0.027620 1.058517
 0.066488 -0.040771 0.036165 
  

0.920293 -0.061671 0.064281
 0.947874 -0.050130 1.060491 
  

0.042269 -0.027620 1.058517
 0.947874 -0.050130 1.060491 
  

0.015624 1.017817 -0.081001
 0.066488 -0.040771 0.036165 
  

0.042269 -0.027620 1.058517
 0.066488 -0.040771 0.036165 
  

0.015624 1.017817 -0.081001
 -0.008529 1.006443 0.992362 
  

0.042269 -0.027620 1.058517
 -0.008529 1.006443 0.992362 
  

0.945216 1.080431 -0.059714
 0.015624 1.017817 -0.081001 
  

0.015624 1.017817 -0.081001
 -0.008529 1.006443 0.992362 
  

0.945216 1.080431 -0.059714
 0.973752 1.072844 0.988695 
  

-0.008529 1.006443 0.992362
 0.973752 1.072844 0.988695 
  

0.920293 -0.061671 0.064281
 0.945216 1.080431 -0.059714 
  

0.920293 -0.061671 0.064281
 0.947874 -0.050130 1.060491 
  

0.945216 1.080431 -0.059714
 0.973752 1.072844 0.988695 
  

0.947874 -0.050130 1.060491
 0.973752 1.072844 0.988695 
  

0.042269 -0.027620 1.058517
 0.947874 -0.050130 1.060491 
  

0.042269 -0.027620 1.058517
 -0.008529 1.006443 0.992362 
  

-0.008529 1.006443 0.992362
 0.973752 1.072844 0.988695 
  

0.947874 -0.050130 1.060491
 0.973752 1.072844 0.988695 
  

