8
2 5
-0.005900 -0.006000 0.981600
-0.066200 1.030300 1.094300
   
    
3 5
-0.009900 1.096600 1.079600
0.977300 0.907600 0.972500
   
    
4 5
0.941000 0.933100 1.045000
0.952000 -0.018000 0.960600
   
    
1 5
1.069600 0.056900 0.930100
0.022100 -0.065900 1.029000
   
    
0 2
0.076300 -0.082000 -0.003900
-0.065100 1.020300 0.071700
   
    
0 3
0.049900 1.027200 0.048400
0.944700 0.912000 -0.060900
   
    
0 4
1.080500 0.958000 -0.076200
1.086400 -0.084200 0.053100
   
    
0 1
1.031900 0.052200 0.075000
0.017300 -0.092200 0.080300
   
    
