0.056767 -0.073080 0.073874
 1.079742 0.053639 0.007190 
  

-0.047561 1.050265 0.034490
 0.056767 -0.073080 0.073874 
  

1.080197 0.876610 -0.026288
 -0.047561 1.050265 0.034490 
  

1.079742 0.053639 0.007190
 1.080197 0.876610 -0.026288 
  

0.056767 -0.073080 0.073874
 1.079742 0.053639 0.007190 
  

0.023009 -0.067543 1.004483
 0.056767 -0.073080 0.073874 
  

1.079742 0.053639 0.007190
 0.950111 0.047373 0.951066 
  

0.023009 -0.067543 1.004483
 0.950111 0.047373 0.951066 
  

-0.047561 1.050265 0.034490
 0.056767 -0.073080 0.073874 
  

0.023009 -0.067543 1.004483
 0.056767 -0.073080 0.073874 
  

-0.089204 1.091266 1.092403
 -0.047561 1.050265 0.034490 
  

0.023009 -0.067543 1.004483
 -0.089204 1.091266 1.092403 
  

1.080197 0.876610 -0.026288
 -0.047561 1.050265 0.034490 
  

-0.089204 1.091266 1.092403
 -0.047561 1.050265 0.034490 
  

1.080197 0.876610 -0.026288
 0.937091 0.932458 1.013404 
  

-0.089204 1.091266 1.092403
 0.937091 0.932458 1.013404 
  

1.079742 0.053639 0.007190
 1.080197 0.876610 -0.026288 
  

1.079742 0.053639 0.007190
 0.950111 0.047373 0.951066 
  

1.080197 0.876610 -0.026288
 0.937091 0.932458 1.013404 
  

0.950111 0.047373 0.951066
 0.937091 0.932458 1.013404 
  

0.023009 -0.067543 1.004483
 0.950111 0.047373 0.951066 
  

0.023009 -0.067543 1.004483
 -0.089204 1.091266 1.092403 
  

-0.089204 1.091266 1.092403
 0.937091 0.932458 1.013404 
  

0.950111 0.047373 0.951066
 0.937091 0.932458 1.013404 
  

