8
2 5
0.147000 0.113750 0.870750
-0.099500 1.204250 1.148750
   
    
3 5
0.098500 1.038250 0.964750
1.051750 1.115500 1.082500
   
    
4 5
0.813500 1.040750 1.024750
1.053500 0.200750 0.850000
   
    
1 5
0.990000 0.131750 0.834750
0.098250 0.006000 1.041000
   
    
0 2
0.083000 0.059000 0.133750
0.227000 0.899000 0.039500
   
    
0 3
0.066750 0.808750 -0.137750
0.810250 0.964750 -0.024750
   
    
0 4
0.939750 1.178750 0.137750
1.031250 -0.207750 -0.086750
   
    
0 1
0.834750 0.236750 0.182500
-0.229750 -0.016750 0.247250
   
    
