-0.131956 -0.007326 0.070841
 1.152272 0.110575 -0.139272 
  

-0.146233 0.801286 0.140976
 -0.131956 -0.007326 0.070841 
  

1.099761 0.741914 -0.077428
 -0.146233 0.801286 0.140976 
  

1.152272 0.110575 -0.139272
 1.099761 0.741914 -0.077428 
  

-0.131956 -0.007326 0.070841
 1.152272 0.110575 -0.139272 
  

0.232889 0.036868 0.942755
 -0.131956 -0.007326 0.070841 
  

1.152272 0.110575 -0.139272
 0.863731 0.096626 0.999998 
  

0.232889 0.036868 0.942755
 0.863731 0.096626 0.999998 
  

-0.146233 0.801286 0.140976
 -0.131956 -0.007326 0.070841 
  

0.232889 0.036868 0.942755
 -0.131956 -0.007326 0.070841 
  

0.212949 0.882146 1.004159
 -0.146233 0.801286 0.140976 
  

0.232889 0.036868 0.942755
 0.212949 0.882146 1.004159 
  

1.099761 0.741914 -0.077428
 -0.146233 0.801286 0.140976 
  

0.212949 0.882146 1.004159
 -0.146233 0.801286 0.140976 
  

1.099761 0.741914 -0.077428
 0.805230 0.870054 1.052814 
  

0.212949 0.882146 1.004159
 0.805230 0.870054 1.052814 
  

1.152272 0.110575 -0.139272
 1.099761 0.741914 -0.077428 
  

1.152272 0.110575 -0.139272
 0.863731 0.096626 0.999998 
  

1.099761 0.741914 -0.077428
 0.805230 0.870054 1.052814 
  

0.863731 0.096626 0.999998
 0.805230 0.870054 1.052814 
  

0.232889 0.036868 0.942755
 0.863731 0.096626 0.999998 
  

0.232889 0.036868 0.942755
 0.212949 0.882146 1.004159 
  

0.212949 0.882146 1.004159
 0.805230 0.870054 1.052814 
  

0.863731 0.096626 0.999998
 0.805230 0.870054 1.052814 
  

