8
2 5
-0.064700 0.047000 0.958900
-0.041800 1.089900 1.059300
   
    
3 5
-0.058800 1.099600 0.976200
1.006000 0.922300 1.072500
   
    
4 5
0.943400 0.988900 1.012700
0.944000 -0.028100 1.083400
   
    
1 5
1.050400 -0.074500 0.961400
0.029100 -0.071200 1.098900
   
    
0 2
-0.072800 -0.050800 -0.041400
-0.023700 1.055900 -0.023100
   
    
0 3
-0.008000 1.080700 0.023300
1.010300 0.977400 -0.079400
   
    
0 4
0.957000 1.017700 -0.005400
0.961100 0.083600 -0.077000
   
    
0 1
0.968600 -0.077200 -0.019900
0.041400 0.078500 0.093900
   
    
