-0.055505 0.037855 0.017611
 0.965454 -0.032704 -0.038967 
  

-0.022453 1.091193 0.007741
 -0.055505 0.037855 0.017611 
  

0.960163 0.969916 -0.046306
 -0.022453 1.091193 0.007741 
  

0.965454 -0.032704 -0.038967
 0.960163 0.969916 -0.046306 
  

-0.055505 0.037855 0.017611
 0.965454 -0.032704 -0.038967 
  

-0.066729 -0.021623 1.021244
 -0.055505 0.037855 0.017611 
  

0.951431 -0.095919 1.030245
 0.965454 -0.032704 -0.038967 
  

-0.066729 -0.021623 1.021244
 0.951431 -0.095919 1.030245 
  

-0.022453 1.091193 0.007741
 -0.055505 0.037855 0.017611 
  

-0.066729 -0.021623 1.021244
 -0.055505 0.037855 0.017611 
  

-0.032534 1.072441 1.025448
 -0.022453 1.091193 0.007741 
  

-0.066729 -0.021623 1.021244
 -0.032534 1.072441 1.025448 
  

0.960163 0.969916 -0.046306
 -0.022453 1.091193 0.007741 
  

-0.032534 1.072441 1.025448
 -0.022453 1.091193 0.007741 
  

0.945757 0.950473 1.033916
 0.960163 0.969916 -0.046306 
  

-0.032534 1.072441 1.025448
 0.945757 0.950473 1.033916 
  

0.965454 -0.032704 -0.038967
 0.960163 0.969916 -0.046306 
  

0.951431 -0.095919 1.030245
 0.965454 -0.032704 -0.038967 
  

0.945757 0.950473 1.033916
 0.960163 0.969916 -0.046306 
  

0.951431 -0.095919 1.030245
 0.945757 0.950473 1.033916 
  

-0.066729 -0.021623 1.021244
 0.951431 -0.095919 1.030245 
  

-0.066729 -0.021623 1.021244
 -0.032534 1.072441 1.025448 
  

-0.032534 1.072441 1.025448
 0.945757 0.950473 1.033916 
  

0.951431 -0.095919 1.030245
 0.945757 0.950473 1.033916 
  

