8
2 5
0.129500 0.102500 1.370000
0.345000 0.509500 0.931000
   
    
3 5
0.482500 1.411000 1.437000
1.499000 0.685500 0.842000
   
    
4 5
0.790000 1.324000 0.507000
0.830000 0.375000 1.335500
   
    
1 5
0.998500 -0.264500 1.118000
0.206500 -0.265500 1.287500
   
    
0 2
-0.134000 0.067000 -0.362500
0.113000 0.867500 -0.223500
   
    
0 3
-0.063000 1.275500 -0.101000
0.534000 0.815500 0.156500
   
    
0 4
1.128500 0.523000 -0.383000
1.344500 0.076500 0.072500
   
    
0 1
1.468000 -0.190000 0.382000
-0.221500 -0.428000 -0.209500
   
    
