8
2 5
-0.050300 -0.002000 0.984200
-0.033100 1.033300 1.081700
   
    
3 5
0.034600 0.970000 1.005000
0.967400 1.026000 0.952200
   
    
4 5
1.014000 0.946000 1.021100
1.099000 -0.033000 0.960100
   
    
1 5
1.087000 -0.078900 0.988000
-0.073900 -0.042300 1.095600
   
    
0 2
0.088700 0.022100 -0.031300
0.027100 0.973000 -0.066100
   
    
0 3
-0.079300 0.993900 0.090200
0.928100 1.056400 -0.041800
   
    
0 4
0.936400 1.005800 -0.068100
0.977400 0.036600 0.057800
   
    
0 1
0.920700 0.005600 -0.070000
0.027900 0.035000 -0.073300
   
    
