0.064474 0.031083 -0.024165
 0.989833 0.003209 -0.032663 
  

0.041113 1.002570 -0.022808
 0.064474 0.031083 -0.024165 
  

0.929081 1.051012 -0.030874
 0.041113 1.002570 -0.022808 
  

0.989833 0.003209 -0.032663
 0.929081 1.051012 -0.030874 
  

0.064474 0.031083 -0.024165
 0.989833 0.003209 -0.032663 
  

-0.025121 -0.040554 1.038887
 0.064474 0.031083 -0.024165 
  

1.079795 -0.070340 0.978769
 0.989833 0.003209 -0.032663 
  

-0.025121 -0.040554 1.038887
 1.079795 -0.070340 0.978769 
  

0.041113 1.002570 -0.022808
 0.064474 0.031083 -0.024165 
  

-0.025121 -0.040554 1.038887
 0.064474 0.031083 -0.024165 
  

-0.049591 0.967145 1.043063
 0.041113 1.002570 -0.022808 
  

-0.025121 -0.040554 1.038887
 -0.049591 0.967145 1.043063 
  

0.929081 1.051012 -0.030874
 0.041113 1.002570 -0.022808 
  

-0.049591 0.967145 1.043063
 0.041113 1.002570 -0.022808 
  

1.016584 1.026684 0.985303
 0.929081 1.051012 -0.030874 
  

-0.049591 0.967145 1.043063
 1.016584 1.026684 0.985303 
  

0.989833 0.003209 -0.032663
 0.929081 1.051012 -0.030874 
  

1.079795 -0.070340 0.978769
 0.989833 0.003209 -0.032663 
  

1.016584 1.026684 0.985303
 0.929081 1.051012 -0.030874 
  

1.079795 -0.070340 0.978769
 1.016584 1.026684 0.985303 
  

-0.025121 -0.040554 1.038887
 1.079795 -0.070340 0.978769 
  

-0.025121 -0.040554 1.038887
 -0.049591 0.967145 1.043063 
  

-0.049591 0.967145 1.043063
 1.016584 1.026684 0.985303 
  

1.079795 -0.070340 0.978769
 1.016584 1.026684 0.985303 
  

