0.205817 -0.218726 -0.181306
 1.014952 -0.011343 0.112452 
  

0.215807 1.036528 -0.328735
 0.205817 -0.218726 -0.181306 
  

0.992237 1.124090 -0.033414
 0.215807 1.036528 -0.328735 
  

1.014952 -0.011343 0.112452
 0.992237 1.124090 -0.033414 
  

0.205817 -0.218726 -0.181306
 1.014952 -0.011343 0.112452 
  

0.177515 -0.446779 1.204530
 0.205817 -0.218726 -0.181306 
  

1.279531 -0.121514 1.333884
 1.014952 -0.011343 0.112452 
  

0.177515 -0.446779 1.204530
 1.279531 -0.121514 1.333884 
  

0.215807 1.036528 -0.328735
 0.205817 -0.218726 -0.181306 
  

0.177515 -0.446779 1.204530
 0.205817 -0.218726 -0.181306 
  

0.187870 1.288664 1.178090
 0.215807 1.036528 -0.328735 
  

0.177515 -0.446779 1.204530
 0.187870 1.288664 1.178090 
  

0.992237 1.124090 -0.033414
 0.215807 1.036528 -0.328735 
  

0.187870 1.288664 1.178090
 0.215807 1.036528 -0.328735 
  

1.286315 1.364611 1.310989
 0.992237 1.124090 -0.033414 
  

0.187870 1.288664 1.178090
 1.286315 1.364611 1.310989 
  

1.014952 -0.011343 0.112452
 0.992237 1.124090 -0.033414 
  

1.279531 -0.121514 1.333884
 1.014952 -0.011343 0.112452 
  

1.286315 1.364611 1.310989
 0.992237 1.124090 -0.033414 
  

1.279531 -0.121514 1.333884
 1.286315 1.364611 1.310989 
  

0.177515 -0.446779 1.204530
 1.279531 -0.121514 1.333884 
  

0.177515 -0.446779 1.204530
 0.187870 1.288664 1.178090 
  

0.187870 1.288664 1.178090
 1.286315 1.364611 1.310989 
  

1.279531 -0.121514 1.333884
 1.286315 1.364611 1.310989 
  

