8
2 5
0.336000 0.287500 0.728000
-0.191500 0.860500 0.641500
   
    
3 5
-0.064000 0.931500 0.881500
0.744500 1.442000 0.552000
   
    
4 5
0.790500 1.238500 1.226500
1.089000 0.114500 0.521000
   
    
1 5
1.039500 0.202500 1.283500
-0.064500 -0.154500 0.889500
   
    
0 2
0.384000 0.032500 0.424500
0.287500 1.171500 -0.175000
   
    
0 3
0.209500 0.961000 -0.227500
0.907000 1.428000 -0.469000
   
    
0 4
1.059000 1.478000 0.242000
0.798000 0.231000 0.143500
   
    
0 1
0.857500 -0.077500 -0.316000
-0.388500 -0.308500 0.221000
   
    
