8
2 5
-0.033000 -0.479000 0.782500
0.260000 0.782500 1.457500
   
    
3 5
-0.391500 1.230500 0.914000
1.151500 1.403500 1.110500
   
    
4 5
1.282500 0.665000 1.444000
1.323500 -0.280500 1.143500
   
    
1 5
0.866500 -0.095500 1.294000
0.391000 -0.444500 1.259000
   
    
0 2
0.260500 0.330500 -0.239000
0.146000 1.073000 -0.396000
   
    
0 3
0.264000 1.032000 -0.484000
1.246500 1.165000 0.078000
   
    
0 4
0.829000 1.370500 0.381500
1.052500 -0.115500 0.014000
   
    
0 1
0.643500 -0.432500 -0.355000
0.281000 0.044000 0.136000
   
    
